2 0.15815238952636718 0.4921987533569336 0.1060875415802002 0.08794498443603516
1 0.18142330646514893 0.4235330104827881 0.1366886615753174 0.11653108596801758
1 0.250720477104187 0.5013637065887451 0.10734052658081054 0.15351829528808594
0 0.3189019441604614 0.5680384635925293 0.14360518455505372 0.15263442993164061
0 0.37036182880401614 0.4071697354316711 0.19461398124694823 0.1983419179916382
0 0.43486288785934446 0.5614236831665039 0.13244230747222902 0.18410682678222656
0 0.5669775009155273 0.4221284031867981 0.19478969573974608 0.16622254848480225
0 0.5499178886413574 0.5780453681945801 0.1323627471923828 0.17718162536621093
0 0.6259690761566162 0.5344722270965576 0.08885297775268555 0.14778337478637696
1 0.7099319458007812 0.5100996971130372 0.10963544845581055 0.1541515350341797
1 0.7738773822784424 0.4172165751457214 0.10117616653442382 0.12373926639556884
