2 0.0649255394935608 0.270544570684433 0.12850394248962402 0.16563435792922973
2 0.10482775866985321 0.4269282460212708 0.19569054245948792 0.15161798000335694
2 0.1405230313539505 0.5488344192504883 0.1803491532802582 0.12485580444335938
2 0.19735581874847413 0.6397791385650635 0.1680527687072754 0.1289999008178711
1 0.27654376029968264 0.6909933090209961 0.13176555633544923 0.09992237091064453
0 0.3853303909301758 0.706597900390625 0.1334766387939453 0.09906692504882812
0 0.4830296516418457 0.7240756034851075 0.119891357421875 0.1051788330078125
0 0.5914756774902343 0.7169610977172851 0.11837825775146485 0.10468330383300781
0 0.6895720958709717 0.6872014045715332 0.12377948760986328 0.11198692321777344
1 0.7956535339355468 0.6535835266113281 0.11984920501708984 0.1064605712890625
2 0.8590039253234864 0.583708381652832 0.1655406951904297 0.12983369827270508
2 0.8974138259887695 0.49164648056030275 0.16453132629394532 0.10339231491088867
