2 0.1835160493850708 0.45410823822021484 0.07008371353149415 0.10085639953613282
1 0.22784767150878907 0.4464593410491943 0.09727849960327148 0.1295938491821289
1 0.26107635498046877 0.5189953327178956 0.09906969070434571 0.08350067138671875
0 0.29816498756408694 0.4478905200958252 0.09400787353515624 0.1307750701904297
0 0.3340007305145264 0.5276513576507569 0.07899446487426758 0.07832746505737305
0 0.3847194671630859 0.45771222114562987 0.13448648452758788 0.1481870651245117
0 0.41001200675964355 0.5340389251708985 0.1010096549987793 0.08041553497314453
0 0.5066381454467773 0.4536112308502197 0.1447000503540039 0.14539737701416017
0 0.4860039710998535 0.5262556076049805 0.0870600700378418 0.07055988311767578
0 0.5631460189819336 0.5262338638305664 0.09227190017700196 0.08228778839111328
0 0.6066143035888671 0.44750590324401857 0.10226001739501953 0.13020992279052734
1 0.6324020385742187 0.5208954811096191 0.08245162963867188 0.08340425491333008
1 0.6968734741210938 0.4602383613586426 0.11355218887329102 0.12667512893676758
2 0.7798087120056152 0.46250429153442385 0.10337448120117188 0.09663162231445313
