2 0.12680171728134154 0.5556244850158691 0.1680004358291626 0.11586380004882812
2 0.13455848693847655 0.6069519519805908 0.17010254859924318 0.09858493804931641
1 0.1373937964439392 0.4923513412475586 0.07215044498443604 0.07201461791992188
0 0.2122834265232086 0.4515979766845703 0.09458101987838745 0.08360328674316406
0 0.35024681091308596 0.4458548426628113 0.19389400482177735 0.12024538516998291
0 0.5399206161499024 0.42352967262268065 0.2050344467163086 0.14281158447265624
0 0.6980399131774903 0.423903226852417 0.13978185653686523 0.14108724594116212
2 0.8450196981430054 0.584637451171875 0.18488011360168458 0.09504547119140624
1 0.8051847696304322 0.4535719394683838 0.09579882621765137 0.0994837760925293
2 0.8423794746398926 0.5298831939697266 0.16856784820556642 0.11544036865234375
