2 0.1136290192604065 0.36107423305511477 0.2168109655380249 0.21213059425354003
2 0.13141436278820037 0.510796308517456 0.19546275734901428 0.16787385940551758
2 0.1990205764770508 0.581051254272461 0.17443933486938476 0.15066566467285156
1 0.2156144618988037 0.642537784576416 0.133207368850708 0.1382383346557617
0 0.28675339221954343 0.6929117202758789 0.1430213451385498 0.1234292984008789
0 0.40056523084640505 0.6960239410400391 0.13248770236968993 0.11832542419433593
0 0.5156241893768311 0.6931767940521241 0.12729988098144532 0.12145252227783203
0 0.6339900016784668 0.6890950202941895 0.13634204864501953 0.12421226501464844
1 0.7283791065216064 0.6500890254974365 0.1222681999206543 0.13660154342651368
2 0.7821103096008301 0.5781350135803223 0.1591207504272461 0.1631937026977539
2 0.8307767868041992 0.4912606358528137 0.1943563461303711 0.2116920232772827
2 0.8605606317520141 0.3359246253967285 0.23608012199401857 0.1813810348510742
