2 0.1416522741317749 0.5799328804016113 0.20529532432556152 0.1490642547607422
2 0.1493614435195923 0.7356137275695801 0.21467366218566894 0.14220809936523438
2 0.142208468914032 0.6661811351776123 0.18425838947296141 0.10798254013061523
2 0.14400813579559327 0.7767929077148438 0.17828636169433593 0.06515045166015625
1 0.15332976579666138 0.46577843427658083 0.16587016582489014 0.16342318058013916
0 0.2242814302444458 0.39597086906433104 0.16284046173095704 0.16517972946166992
0 0.37830524444580077 0.34382674694061277 0.20535507202148437 0.1641526699066162
0 0.5791468620300293 0.33507790565490725 0.2103893280029297 0.18975648880004883
0 0.7514041423797607 0.39165773391723635 0.1605902671813965 0.17553367614746093
1 0.8433698654174805 0.4627290844917297 0.16533889770507812 0.16064126491546632
2 0.8796550512313843 0.5841315269470215 0.1978306293487549 0.14616851806640624
2 0.8951563835144043 0.6817685127258301 0.195635986328125 0.12353725433349609
2 0.9214000701904297 0.7457235336303711 0.15579795837402344 0.09452037811279297
2 0.9265948295593261 0.7873099327087403 0.1467081069946289 0.07212085723876953
