2 0.12350419759750367 0.39051389694213867 0.17638232707977294 0.16317481994628907
1 0.13466935157775878 0.536479377746582 0.13926568031311035 0.13220767974853515
2 0.157234525680542 0.27779355049133303 0.11242504119873047 0.10419306755065919
0 0.18154633045196533 0.6017491340637207 0.11628117561340331 0.10910835266113281
0 0.2927880764007568 0.6462445259094238 0.1505345344543457 0.1611614227294922
0 0.4260294437408447 0.6576938629150391 0.14678459167480468 0.16073532104492189
0 0.560060691833496 0.6545536041259765 0.15704708099365233 0.14458980560302734
1 0.6828765869140625 0.6246095657348633 0.1403885841369629 0.13293285369873048
2 0.7477000713348388 0.5827173233032227 0.17175493240356446 0.12558460235595703
2 0.8337729454040528 0.4261483073234558 0.18553600311279297 0.17881605625152588
2 0.8562770843505859 0.30577392578125 0.13431663513183595 0.1224024772644043
