2 0.1569230079650879 0.30859291553497314 0.20138673782348632 0.18771119117736818
2 0.20268826484680175 0.4340382695198059 0.19437723159790038 0.1654975652694702
2 0.24303327202796937 0.5268599510192871 0.14345539808273317 0.15125255584716796
1 0.3008610248565674 0.5847786903381348 0.1088139533996582 0.12498111724853515
0 0.39702568054199217 0.6146481990814209 0.13017673492431642 0.11184196472167969
0 0.49362335205078123 0.6331720352172852 0.11696338653564453 0.08460674285888672
0 0.5955379486083985 0.6176557540893555 0.11114082336425782 0.09542274475097656
0 0.6869666099548339 0.5868783950805664 0.11666030883789062 0.10652084350585937
1 0.7371798515319824 0.5446170806884766 0.11945571899414062 0.11534385681152344
2 0.7707674026489257 0.46047587394714357 0.1325397491455078 0.13988018035888672
2 0.7974407196044921 0.37293109893798826 0.1449554443359375 0.14682493209838868
2 0.8118607521057128 0.2753908157348633 0.17359580993652343 0.13338441848754884
