2 0.15017709732055665 0.563210391998291 0.0921712875366211 0.0983642578125
1 0.17281434535980225 0.4705606460571289 0.11791043281555176 0.11009244918823242
2 0.1731310248374939 0.572031307220459 0.10173113346099853 0.09263401031494141
1 0.237640380859375 0.5845870971679688 0.11272153854370118 0.10018882751464844
0 0.28473873138427735 0.46266516447067263 0.13929262161254882 0.15785887241363525
1 0.31008384227752683 0.5858603477478027 0.10125479698181153 0.11771621704101562
0 0.4334829211235046 0.4489255785942078 0.2076458215713501 0.21175577640533447
0 0.4072297215461731 0.5940118789672851 0.1280200719833374 0.13387413024902345
0 0.5105391502380371 0.5953743934631348 0.12977733612060546 0.13645973205566406
0 0.6180644035339355 0.4556844592094421 0.199410343170166 0.19411871433258057
0 0.6171270370483398 0.5990336418151856 0.1223846435546875 0.13103065490722657
0 0.7106988906860352 0.5854771614074707 0.10453281402587891 0.13090057373046876
0 0.7629559516906739 0.4454255223274231 0.12847156524658204 0.15388047695159912
1 0.7898796081542969 0.5888121604919434 0.09301967620849609 0.11226406097412109
2 0.8198762655258178 0.5851041316986084 0.1375133991241455 0.10208959579467773
1 0.8312981605529786 0.47146358489990237 0.08157367706298828 0.11610584259033203
2 0.8439308166503906 0.5827764511108399 0.08817672729492188 0.09043617248535156
2 0.8738690376281738 0.5587904930114747 0.11956539154052734 0.10811634063720703
2 0.8821834564208985 0.46468753814697267 0.0738372802734375 0.09450855255126953
