2 0.17436525523662566 0.6789815425872803 0.17271552681922914 0.08166580200195313
2 0.17837393283843994 0.6536747932434082 0.1768500804901123 0.12783641815185548
2 0.18078207969665527 0.6287507534027099 0.17622804641723633 0.09436607360839844
2 0.1891930341720581 0.5553176879882813 0.1733560085296631 0.11239395141601563
1 0.19739605188369752 0.4712357521057129 0.12790229320526122 0.09834537506103516
0 0.28705606460571287 0.40790233612060545 0.1405947685241699 0.10848407745361328
0 0.3893471956253052 0.3819308042526245 0.17509560585021972 0.13934664726257323
0 0.5614643096923828 0.36215925216674805 0.19263687133789062 0.10649261474609376
0 0.6911821842193604 0.3936695337295532 0.14087905883789062 0.11841387748718261
1 0.793460750579834 0.4650546073913574 0.14455757141113282 0.12484722137451172
2 0.8394525289535523 0.5604637145996094 0.14871678352355958 0.10438699722290039
2 0.870905876159668 0.6293086051940918 0.14155158996582032 0.10422515869140625
2 0.8900141716003418 0.7047751426696778 0.12921810150146484 0.09867477416992188
