2 0.1725487917661667 0.3562175273895264 0.17225800156593324 0.14212541580200194
2 0.17536399364471436 0.25832176208496094 0.12798919677734374 0.08884654045104981
2 0.1903986930847168 0.45090733766555785 0.14861612319946288 0.13099229335784912
2 0.21079745888710022 0.5584296226501465 0.15112437009811402 0.14861726760864258
1 0.2734719753265381 0.6286462783813477 0.13822431564331056 0.12937450408935547
0 0.362134051322937 0.6884222030639648 0.1152000904083252 0.11748723983764649
0 0.4517662048339844 0.7074863910675049 0.10165061950683593 0.12233572006225586
0 0.5425156593322754 0.7098476409912109 0.10125694274902344 0.11987514495849609
0 0.635629415512085 0.7058198928833008 0.10863046646118164 0.11675796508789063
1 0.7125227928161622 0.6622191429138183 0.0994344711303711 0.13322925567626953
2 0.7653218269348144 0.5925400733947754 0.151824951171875 0.13642568588256837
2 0.8007587194442749 0.4900035858154297 0.1533836841583252 0.1509298324584961
2 0.8306428909301757 0.39544081687927246 0.17491397857666016 0.13466348648071289
2 0.8457627296447754 0.28385701179504397 0.13156299591064452 0.13484516143798828
