1 0.18063207864761352 0.47622108459472656 0.1313316583633423 0.13337783813476561
2 0.17839272022247316 0.5566125869750976 0.11557846069335938 0.1177597999572754
0 0.2599661111831665 0.460673987865448 0.14943933486938477 0.14310858249664307
1 0.2539607286453247 0.5782678127288818 0.10642094612121582 0.1311422348022461
0 0.3447232723236084 0.5826591968536377 0.12514400482177734 0.13932313919067382
0 0.4047739028930664 0.46442965269088743 0.18642101287841797 0.15445196628570557
0 0.45179537534713743 0.580183744430542 0.13295748233795165 0.14642257690429689
0 0.5718406677246094 0.4496504306793213 0.18631381988525392 0.14926624298095703
0 0.5660587310791015 0.5765981674194336 0.13728981018066405 0.1448535919189453
0 0.6792037010192871 0.5543732166290283 0.1224374771118164 0.14616403579711915
0 0.7233338356018066 0.41793017387390136 0.1552947998046875 0.1372147560119629
1 0.7827617168426514 0.544978141784668 0.12436208724975586 0.1463184356689453
1 0.8353400230407715 0.40876208543777465 0.11010189056396484 0.12490098476409912
2 0.8638232231140137 0.5149513244628906 0.1278635025024414 0.13257331848144532
2 0.9154277801513672 0.45290241241455076 0.10838871002197266 0.10755481719970703
