2 0.1490107536315918 0.3944826602935791 0.16765036582946777 0.15968017578125
2 0.16154809296131134 0.5435213088989258 0.19262108206748962 0.192702579498291
1 0.21090409755706788 0.6201208591461181 0.12587447166442872 0.15887060165405273
0 0.3093195915222168 0.6433217048645019 0.11405677795410156 0.1443878173828125
0 0.4073206424713135 0.6528774261474609 0.12686004638671874 0.14620895385742189
0 0.5135200500488282 0.6454557418823242 0.12084026336669922 0.14048805236816406
0 0.6136794090270996 0.626777982711792 0.12702369689941406 0.14859600067138673
1 0.7237895965576172 0.5790327072143555 0.13053741455078124 0.14097824096679687
2 0.8107178688049317 0.4952789306640625 0.19154777526855468 0.16034164428710937
2 0.8790452718734741 0.38148558139801025 0.21800389289855956 0.17047343254089356
