2 0.14479079246520996 0.37613778114318847 0.083286714553833 0.10089540481567383
2 0.18989478349685668 0.5050471305847168 0.10574448108673096 0.10331716537475585
1 0.22215523719787597 0.3770658016204834 0.11134982109069824 0.16167154312133789
1 0.2614840030670166 0.5281454086303711 0.10112223625183106 0.10492420196533203
0 0.32266199588775635 0.39670448303222655 0.13004913330078124 0.1616048812866211
0 0.34902477264404297 0.5308263301849365 0.10687808990478516 0.11056718826293946
0 0.4501597285270691 0.407043981552124 0.16259748935699464 0.2030254364013672
0 0.44120306968688966 0.542579460144043 0.11654195785522461 0.10612735748291016
0 0.5367730140686036 0.5348586082458496 0.11315536499023438 0.10051383972167968
0 0.6013247489929199 0.40861064195632935 0.1723949432373047 0.20211617946624755
0 0.6397581100463867 0.5257485389709473 0.10546207427978516 0.09726829528808593
0 0.7334598541259766 0.39358351230621336 0.13346900939941406 0.16166310310363768
1 0.7345966339111328 0.5119067192077636 0.10952320098876953 0.09708566665649414
2 0.833644962310791 0.4813869476318359 0.11491756439208985 0.08513050079345703
1 0.8384229898452759 0.38981614112854 0.11762347221374511 0.11831836700439453
