2 0.2127547264099121 0.37964890003204343 0.17756929397583007 0.12950339317321777
2 0.2521832942962646 0.45894861221313477 0.14592113494873046 0.09908056259155273
2 0.27352123260498046 0.5275507926940918 0.1179004192352295 0.10368309020996094
1 0.3226410627365112 0.5962580680847168 0.10864887237548829 0.08857402801513672
0 0.3821157693862915 0.6468815803527832 0.10116696357727051 0.09796924591064453
0 0.47931509017944335 0.6631451606750488 0.12132892608642579 0.12146797180175781
0 0.588562297821045 0.6607070922851562 0.11675910949707032 0.11573543548583984
0 0.6846973419189453 0.6247940063476562 0.09986248016357421 0.12693634033203124
1 0.753364086151123 0.5847167015075684 0.09446525573730469 0.11994953155517578
2 0.776831579208374 0.49916820526123046 0.12285127639770507 0.10823945999145508
2 0.8065896987915039 0.4147151470184326 0.16107444763183593 0.12276210784912109
