2 0.0847991168498993 0.4360786437988281 0.07497819662094116 0.06564102172851563
2 0.13864706754684447 0.44767007827758787 0.08105361461639404 0.11186351776123046
2 0.14688044786453247 0.5225516796112061 0.084690260887146 0.07888660430908204
1 0.20394291281700133 0.4468679904937744 0.10460530519485474 0.10907649993896484
2 0.20299950242042542 0.536018180847168 0.09594563245773316 0.10600795745849609
1 0.28233823776245115 0.5405959606170654 0.12461843490600585 0.11701269149780273
0 0.298300576210022 0.45340657234191895 0.13294606208801268 0.13136739730834962
0 0.3929870128631592 0.5474838256835938 0.11844711303710938 0.10737895965576172
0 0.4405365467071533 0.46413239240646365 0.173541259765625 0.1328047037124634
0 0.4890435218811035 0.5518146514892578 0.12186832427978515 0.10331077575683593
0 0.6053645133972168 0.46546670198440554 0.16753864288330078 0.13900258541107177
0 0.5868630409240723 0.5624574661254883 0.11527938842773437 0.10431814193725586
0 0.6777893543243408 0.5694546699523926 0.10125856399536133 0.1073953628540039
0 0.7266843795776368 0.4610103487968445 0.11758356094360352 0.13741533756256102
1 0.7687839031219482 0.5617550849914551 0.11741800308227539 0.14296188354492187
1 0.8075552940368652 0.4687908172607422 0.09420337677001953 0.12664527893066407
2 0.8451210975646972 0.5650776863098145 0.09464263916015625 0.10263023376464844
2 0.8709958076477051 0.46884403228759763 0.08234272003173829 0.10174007415771484
2 0.8925400733947754 0.5336500644683838 0.0720754623413086 0.09020729064941406
