2 0.17165640592575074 0.6505788803100586 0.1874833345413208 0.11717519760131836
2 0.21412020325660705 0.5830948829650879 0.15818718671798707 0.08363723754882812
2 0.22623377442359924 0.5158398628234864 0.16858242750167846 0.134197998046875
1 0.26445167064666747 0.4499453067779541 0.1071202278137207 0.12047281265258789
0 0.30457315444946287 0.36940507888793944 0.10389337539672852 0.11389331817626953
0 0.4142516255378723 0.3349907875061035 0.14163644313812257 0.12717094421386718
0 0.5535644054412842 0.3354085922241211 0.1448075294494629 0.12230663299560547
0 0.6727084159851074 0.3595773696899414 0.10760231018066406 0.11232204437255859
1 0.7285286903381347 0.42285767793655393 0.09565515518188476 0.10251691341400146
2 0.7804255962371827 0.4893980026245117 0.16817770004272461 0.14037485122680665
2 0.8293147087097168 0.5663846969604492 0.16386947631835938 0.14819488525390626
2 0.8513984441757202 0.6186149597167969 0.18937268257141113 0.08914012908935547
2 0.8723849296569824 0.6809566497802735 0.14535789489746093 0.07503490447998047
