2 0.04790945649147034 0.4162636876106262 0.08497881889343262 0.1252296209335327
2 0.07153085321187973 0.5133697509765625 0.06572621166706086 0.09703235626220703
1 0.09700253009796142 0.42259026765823365 0.09277632236480712 0.16316449642181396
2 0.11669122874736786 0.5470229148864746 0.08200059533119201 0.12533130645751953
0 0.19819800853729247 0.4185852885246277 0.18580756187438965 0.21514341831207276
1 0.17677860260009765 0.5753988742828369 0.11588001251220703 0.15262289047241212
0 0.2797745943069458 0.5978273391723633 0.15646648406982422 0.16169452667236328
0 0.38190059661865233 0.43515080213546753 0.2383671760559082 0.25005037784576417
0 0.4108330249786377 0.605925464630127 0.16209564208984376 0.16349239349365235
0 0.5464024066925048 0.6040399551391602 0.16353168487548828 0.16778926849365233
0 0.595622444152832 0.43625102043151853 0.2454610824584961 0.2512349128723145
0 0.6851109027862549 0.5902565479278564 0.16658449172973633 0.1383805274963379
0 0.7767165184020997 0.4229416370391846 0.17051124572753906 0.21614856719970704
1 0.8110297203063965 0.5795903682708741 0.12747554779052733 0.14664115905761718
2 0.8815844535827637 0.5522330284118653 0.11662578582763672 0.14308929443359375
1 0.893028736114502 0.42439841032028197 0.12037124633789062 0.16232855319976808
2 0.950996208190918 0.5202278137207031 0.08851032257080078 0.12225656509399414
2 0.9584589004516602 0.4159557819366455 0.08308219909667969 0.1277083396911621
