2 0.09154444932937622 0.5215019702911377 0.1549773931503296 0.11482267379760742
2 0.058104556798934934 0.42424640655517576 0.08666387796401978 0.08388700485229492
2 0.13700382709503173 0.583249282836914 0.13950328826904296 0.11312522888183593
2 0.14793535470962524 0.4475123524665833 0.10595386028289795 0.12501695156097412
2 0.2103825330734253 0.5801557064056396 0.11742658615112304 0.15553178787231445
1 0.2277447462081909 0.4495258331298828 0.10006103515625 0.13653125762939453
0 0.2996105670928955 0.4230337142944336 0.12916097640991211 0.16256589889526368
1 0.29408342838287355 0.5693170547485351 0.11292052268981934 0.15192012786865233
0 0.397749137878418 0.5802263259887696 0.12741518020629883 0.17681760787963868
0 0.4336103439331055 0.41260308027267456 0.18210992813110352 0.20612776279449463
0 0.5026166915893555 0.5762855529785156 0.12361412048339844 0.1878660202026367
0 0.5892592906951905 0.41117926836013796 0.1766866683959961 0.19670426845550537
0 0.6053698539733887 0.5705209732055664 0.11585025787353516 0.1853933334350586
0 0.6956970691680908 0.5629096031188965 0.09883766174316407 0.16748733520507814
0 0.7152567386627198 0.4125236511230469 0.11461915969848632 0.16078548431396483
1 0.7561637878417968 0.5530013084411621 0.07688608169555664 0.13754329681396485
2 0.8087478399276733 0.5665289402008057 0.09050374031066895 0.14128971099853516
2 0.8418039321899414 0.43093099594116213 0.0983306884765625 0.1314443588256836
2 0.8527307510375977 0.5590297698974609 0.08741607666015624 0.11290512084960938
2 0.8924480438232422 0.5379974365234375 0.10715446472167969 0.13126544952392577
2 0.8803788185119629 0.4645435333251953 0.07837429046630859 0.0674102783203125
