2 0.1604462146759033 0.3142307043075562 0.1435616970062256 0.20236821174621583
2 0.19260655641555785 0.4770111083984375 0.1245004415512085 0.13168888092041015
2 0.21826846599578859 0.5862343788146973 0.14705257415771483 0.122271728515625
1 0.25654119849205015 0.6777966499328614 0.1653791546821594 0.12272663116455078
0 0.3391608476638794 0.7268805503845215 0.11792173385620117 0.11983041763305664
0 0.42681398391723635 0.7122783660888672 0.11233911514282227 0.09151668548583984
0 0.44380502700805663 0.7771668910980225 0.09525003433227539 0.09613351821899414
0 0.5124623298645019 0.7654151916503906 0.10827388763427734 0.08547458648681641
0 0.603909969329834 0.7438504219055175 0.1115030288696289 0.0876016616821289
1 0.6728899002075195 0.6992395401000977 0.12348546981811523 0.09252891540527344
2 0.8462148904800415 0.4989527702331543 0.12723383903503419 0.12606887817382811
2 0.9056915283203125 0.26165726184844973 0.13737068176269532 0.16495699882507325
