2 0.14781358242034912 0.36328845024108886 0.17821450233459474 0.18631258010864257
2 0.18194904327392578 0.5267027854919434 0.16285929679870606 0.1467306137084961
2 0.2531024992465973 0.6168177604675293 0.16007908582687377 0.15482921600341798
1 0.30078558921813964 0.6856769561767578 0.10986571311950684 0.109576416015625
0 0.4110112190246582 0.2812384605407715 0.19281158447265626 0.14663372039794922
0 0.37749171257019043 0.7261797904968261 0.11416950225830078 0.0946507453918457
0 0.47216482162475587 0.7398511886596679 0.10772495269775391 0.0780904769897461
0 0.5878546714782715 0.28642578125 0.17869739532470702 0.15084266662597656
0 0.5689308643341064 0.737488079071045 0.10904417037963868 0.08629522323608399
0 0.6522011756896973 0.7213074684143066 0.11462745666503907 0.09642658233642579
1 0.7112954139709473 0.6732364654541015 0.10679607391357422 0.1232595443725586
0 0.7343808650970459 0.2865077018737793 0.1290890693664551 0.08717026710510253
2 0.7589687824249267 0.6147561073303223 0.1448817253112793 0.14761877059936523
2 0.8179600715637207 0.5293093681335449 0.14673309326171874 0.14340438842773437
2 0.8723731994628906 0.40858811140060425 0.176971435546875 0.17611753940582275
