2 0.19078543186187744 0.6466672897338868 0.18398027420043944 0.08073339462280274
2 0.1984679341316223 0.6160552024841308 0.17121360301971436 0.08278274536132812
2 0.20471045970916749 0.5725730895996094 0.1686530590057373 0.10741138458251953
1 0.22576630115509033 0.5204233169555664 0.11517329216003418 0.10639152526855469
0 0.28434321880340574 0.44525853395462034 0.12215657234191894 0.10780255794525147
0 0.4130447268486023 0.43365988731384275 0.17082998752593995 0.17792015075683593
0 0.5671509742736817 0.43490800857543943 0.16104068756103515 0.16240234375
0 0.6858942031860351 0.44954581260681153 0.10178585052490234 0.14515323638916017
2 0.776515531539917 0.525278377532959 0.1508944511413574 0.11801223754882813
1 0.7538097381591797 0.48656768798828126 0.08304710388183593 0.10300216674804688
2 0.7957195281982422 0.5693912506103516 0.15267200469970704 0.08582286834716797
2 0.8052070617675782 0.5837818145751953 0.1628633499145508 0.10109987258911132
