2 0.12702753841876985 0.6657291889190674 0.19163536429405212 0.08089990615844726
2 0.128520730137825 0.6141647338867188 0.1917165696620941 0.11774816513061523
2 0.14881327450275422 0.5364241600036621 0.18920301795005798 0.10002765655517579
2 0.14642801284790039 0.4607224941253662 0.15580315589904786 0.1432499885559082
1 0.17310482263565063 0.3694202423095703 0.1327671766281128 0.1470163345336914
0 0.2832486152648926 0.3465244770050049 0.11693458557128907 0.1196671485900879
0 0.3523770809173584 0.2738006114959717 0.1779010772705078 0.09849791526794434
0 0.5336853981018066 0.26107101440429686 0.17347726821899415 0.09746942520141602
1 0.7319531440734863 0.3403771162033081 0.1219644546508789 0.13195700645446778
2 0.776918601989746 0.4257534027099609 0.14887428283691406 0.1373988151550293
2 0.8007393836975097 0.5134409904479981 0.1877290725708008 0.14119224548339843
2 0.8418620824813843 0.5964845657348633 0.19933629035949707 0.13111495971679688
2 0.8442210912704468 0.6610836029052735 0.17920804023742676 0.07411060333251954
