2 0.20138902664184571 0.4072578907012939 0.1012948989868164 0.08094921112060546
2 0.2153639554977417 0.46098833084106444 0.12909255027770997 0.07596855163574219
2 0.21758508682250977 0.4831224918365479 0.12439918518066406 0.12075138092041016
2 0.2337165117263794 0.5057898044586182 0.09369459152221679 0.08796653747558594
1 0.27309346199035645 0.4203957676887512 0.1046152114868164 0.08547532558441162
1 0.2758172988891602 0.5182239055633545 0.08025107383728028 0.1007695198059082
0 0.35367588996887206 0.535134220123291 0.10570135116577148 0.1401540756225586
0 0.4445357799530029 0.41857519149780276 0.15823869705200194 0.18781375885009766
0 0.43402857780456544 0.5632035255432128 0.11086158752441407 0.1532369613647461
0 0.5241294384002686 0.563755464553833 0.10350599288940429 0.15614194869995118
0 0.5792435646057129 0.43645085096359254 0.15723133087158203 0.17020971775054933
0 0.609955883026123 0.5505108833312988 0.10481548309326172 0.1262826919555664
0 0.6882051467895508 0.4411910891532898 0.10146808624267578 0.13405039310455322
1 0.6775932312011719 0.5368874549865723 0.06646480560302734 0.10016136169433594
1 0.724532175064087 0.5232955932617187 0.06194620132446289 0.09377536773681641
2 0.7529681205749512 0.43352519273757933 0.07167644500732422 0.08433377742767334
2 0.7821158409118653 0.5145354270935059 0.09014892578125 0.09324703216552735
2 0.8057519912719726 0.4240398406982422 0.09637489318847656 0.09740715026855469
