0 0.1991072416305542 0.46475539207458494 0.11462697982788086 0.10988473892211914
2 0.2071647584438324 0.585428524017334 0.10080949068069459 0.14376335144042968
1 0.28694911003112794 0.5864641189575195 0.11607875823974609 0.14646167755126954
0 0.3028132438659668 0.44319915771484375 0.1383119583129883 0.10472078323364258
0 0.37296161651611326 0.5494222640991211 0.11245546340942383 0.12766342163085936
0 0.4297645092010498 0.43624463081359866 0.15659923553466798 0.11215486526489257
0 0.4604472637176514 0.5262068748474121 0.12281618118286133 0.13219928741455078
0 0.5894814491271972 0.41918249130249025 0.1786022186279297 0.1282012939453125
0 0.5635097026824951 0.5292132377624512 0.12278223037719727 0.13328638076782226
0 0.6645387649536133 0.5254256248474121 0.112152099609375 0.12766971588134765
1 0.768798542022705 0.5298544406890869 0.13718833923339843 0.15862903594970704
2 0.8678747177124023 0.5157720565795898 0.14091033935546876 0.14707565307617188
