2 0.1193900614976883 0.6816092491149902 0.16211046576499938 0.10361614227294921
2 0.12963947057723998 0.5950586318969726 0.15553152561187744 0.10263938903808593
2 0.15220589935779572 0.5170629501342774 0.1444837987422943 0.09041299819946289
1 0.19194213151931763 0.4310622215270996 0.10566599369049072 0.11246023178100586
0 0.2872880220413208 0.3482826232910156 0.10908966064453125 0.0916518211364746
0 0.3937975883483887 0.3011928081512451 0.14543504714965821 0.09169387817382812
0 0.5642160892486572 0.299678373336792 0.16629838943481445 0.09587831497192383
0 0.7089566707611084 0.341253924369812 0.10800237655639648 0.09198212623596191
1 0.7960922241210937 0.41105051040649415 0.11441402435302735 0.11052350997924805
2 0.836153507232666 0.4965611457824707 0.14385547637939453 0.09339256286621093
2 0.870250129699707 0.5717218399047852 0.15913257598876954 0.09345760345458984
2 0.892283821105957 0.6459870338439941 0.17081184387207032 0.09942436218261719
