2 0.16621034145355223 0.6606746673583984 0.15782632827758789 0.08766365051269531
2 0.17738474607467652 0.5917680740356446 0.1542065382003784 0.13409366607666015
2 0.16971395015716553 0.7033623695373535 0.12805604934692383 0.06071815490722656
2 0.21461474895477295 0.49713563919067383 0.15714068412780763 0.12483367919921876
1 0.26131744384765626 0.44603081941604616 0.10814604759216309 0.12096993923187256
0 0.3274977207183838 0.37560956478118895 0.11859521865844727 0.1280611515045166
0 0.4602240562438965 0.3519728660583496 0.1529672622680664 0.12352447509765625
0 0.6057902812957764 0.36432316303253176 0.14600152969360353 0.1150144100189209
0 0.7296838760375977 0.40474658012390136 0.11192207336425782 0.12444448471069336
1 0.7918569564819335 0.48041305541992185 0.12326068878173828 0.1270313262939453
2 0.8162163734436035 0.5499349117279053 0.1572185516357422 0.09763813018798828
2 0.8273741722106933 0.6154966831207276 0.15284309387207032 0.09140090942382813
2 0.83786039352417 0.6788527488708496 0.16103992462158204 0.11204910278320312
2 0.8397093772888183 0.7333752155303955 0.12545719146728515 0.056508541107177734
