2 0.12764041423797606 0.2779832124710083 0.17718515396118165 0.12527098655700683
2 0.17603979408740997 0.396651291847229 0.1871574342250824 0.17946696281433105
2 0.21192755103111266 0.5264297962188721 0.15695925951004028 0.17632055282592773
1 0.2566171407699585 0.6079028129577637 0.12196221351623535 0.14286308288574218
0 0.33744244575500487 0.6601637840270996 0.12840509414672852 0.13119850158691407
0 0.4488833427429199 0.6794207572937012 0.12633342742919923 0.13565940856933595
0 0.5596017360687255 0.6921887397766113 0.12462701797485351 0.1253499984741211
0 0.6520830154418945 0.661683464050293 0.12609758377075195 0.14188270568847655
1 0.744173526763916 0.626621150970459 0.11961688995361328 0.14388837814331054
2 0.7892611503601075 0.5445825576782226 0.1573232650756836 0.1818288803100586
2 0.8242795944213868 0.41251134872436523 0.1956876754760742 0.18433065414428712
