2 0.1372139573097229 0.7579285621643066 0.17264668941497802 0.10568714141845703
2 0.17058284282684327 0.6531272888183594 0.19759092330932618 0.18860721588134766
2 0.17806532382965087 0.5501392364501954 0.15332441329956054 0.07574234008789063
1 0.22655849456787108 0.4743492126464844 0.1347581386566162 0.14062747955322266
0 0.30855045318603513 0.3803778409957886 0.12449083328247071 0.11393418312072753
0 0.4442997932434082 0.34090232849121094 0.18549299240112305 0.14015302658081055
0 0.6151026725769043 0.341098690032959 0.16799240112304686 0.1585394859313965
0 0.7227574348449707 0.3882253646850586 0.12595348358154296 0.09202852249145507
2 0.8017227172851562 0.5276669502258301 0.15755577087402345 0.13825340270996095
2 0.8133743286132813 0.6160273551940918 0.17678451538085938 0.12289257049560547
1 0.7893492698669433 0.4574319839477539 0.10816497802734375 0.1205479621887207
2 0.8312007665634156 0.6910559654235839 0.19087605476379393 0.1259857177734375
