2 0.16289210319519043 0.29489266872406006 0.203682279586792 0.1389308452606201
2 0.20033392906188965 0.4079374194145203 0.20030632019042968 0.16811468601226806
2 0.21140555739402772 0.5094146251678466 0.16444655656814575 0.12156028747558593
1 0.30588831901550295 0.5755541801452637 0.13580751419067383 0.16358890533447265
0 0.36748380661010743 0.6496477127075195 0.1546175956726074 0.1055185317993164
0 0.4994196891784668 0.6373433113098145 0.14264698028564454 0.12780656814575195
0 0.624328899383545 0.6498227119445801 0.14053516387939452 0.10786266326904297
0 0.6883265018463135 0.6037540912628174 0.12399368286132813 0.160720157623291
2 0.8048348426818848 0.5029720306396485 0.1575918197631836 0.1130685806274414
2 0.8193138122558594 0.4254326820373535 0.18653526306152343 0.10241737365722656
1 0.7912446022033691 0.5895579814910888 0.12169036865234376 0.16853971481323243
2 0.8614203453063964 0.30482046604156493 0.21125736236572265 0.14533514976501466
