2 0.14480383396148683 0.343507719039917 0.21249313354492189 0.204750919342041
2 0.1864563912153244 0.4676815032958984 0.17829299569129944 0.13070068359375
2 0.21667673587799072 0.5749125480651855 0.16152467727661132 0.1444906234741211
1 0.28744921684265134 0.66104154586792 0.13036518096923827 0.12037029266357421
0 0.36638879776000977 0.7221040725708008 0.13534421920776368 0.11305446624755859
0 0.474348783493042 0.7286500930786133 0.13178329467773436 0.10843982696533203
0 0.5962108612060547 0.7298163890838623 0.1337198257446289 0.10155200958251953
0 0.6992433547973633 0.6924091339111328 0.12585201263427734 0.13139514923095702
1 0.7773481369018554 0.6355829238891602 0.13540477752685548 0.12840957641601564
2 0.8481241464614868 0.5355922698974609 0.15301775932312012 0.12231512069702148
2 0.8885270118713379 0.29812021255493165 0.16453723907470702 0.1622563362121582
2 0.8829257011413574 0.4270287394523621 0.15097408294677733 0.13026487827301025
