2 0.15472102165222168 0.48221435546875 0.07087955474853516 0.10941705703735352
2 0.20004632472991943 0.6236802101135254 0.09813342094421387 0.0780069351196289
1 0.19469314813613892 0.46235222816467286 0.08469340801239014 0.13580236434936524
2 0.23545434474945068 0.6728724479675293 0.07780718803405762 0.09449090957641601
0 0.27237811088562014 0.4510168194770813 0.1249659538269043 0.15978868007659913
1 0.29215564727783205 0.6714583396911621 0.08825435638427734 0.10368309020996094
0 0.3928118467330933 0.425857400894165 0.16421885490417482 0.18015432357788086
0 0.36230783462524413 0.6637258052825927 0.09952945709228515 0.11298933029174804
0 0.4458820343017578 0.6559246063232422 0.10587110519409179 0.11152763366699218
0 0.5401425361633301 0.4098261833190918 0.1664888381958008 0.18255720138549805
0 0.5359915256500244 0.6513574600219727 0.10819311141967773 0.11014347076416016
0 0.6276082038879395 0.6466827392578125 0.10238218307495117 0.11132488250732422
0 0.6713796138763428 0.4091092228889465 0.13386573791503906 0.1655202627182007
1 0.7114158630371094 0.638053035736084 0.0984231948852539 0.10090599060058594
1 0.7603522300720215 0.4156754493713379 0.10706253051757812 0.14467086791992187
2 0.7798105716705322 0.6321535587310791 0.09419870376586914 0.07284212112426758
2 0.8108491897583008 0.5407199859619141 0.11435680389404297 0.07057437896728516
2 0.824057674407959 0.5680112361907959 0.1387430191040039 0.11117544174194335
2 0.8267227172851562 0.586304759979248 0.135211181640625 0.0754922866821289
2 0.8186702489852905 0.4311670780181885 0.09965977668762208 0.138775634765625
2 0.8836574554443359 0.42896008491516113 0.08178920745849609 0.10568628311157227
