2 0.18424760103225707 0.4151901364326477 0.12034065723419189 0.1538959264755249
1 0.22891059517860413 0.3675663709640503 0.08722904920578003 0.10774025917053223
1 0.28410513401031495 0.48089942932128904 0.11553359031677246 0.09789457321166992
0 0.3179840803146362 0.4003445148468018 0.14665207862854004 0.14636049270629883
0 0.3815131902694702 0.5005453109741211 0.12739863395690917 0.11225109100341797
0 0.4594827175140381 0.4265463352203369 0.18318719863891603 0.17041587829589844
0 0.48653292655944824 0.5314328670501709 0.11910858154296874 0.09268245697021485
0 0.5758151054382324 0.5353111743927002 0.11340961456298829 0.0971806526184082
0 0.6143074035644531 0.45118408203125 0.1744903564453125 0.15684833526611328
0 0.6732150077819824 0.5370626449584961 0.1204742431640625 0.1073516845703125
0 0.7428927898406983 0.4580187678337097 0.13495473861694335 0.12266581058502198
1 0.7592925071716309 0.5368237018585205 0.09641494750976562 0.10092525482177735
2 0.8310052871704101 0.5145183563232422 0.08723659515380859 0.1108367919921875
1 0.8218783378601074 0.45380120277404784 0.06563568115234375 0.06895484924316406
2 0.875427532196045 0.4805032253265381 0.056417655944824216 0.07015151977539062
