2 0.11689095795154572 0.37144467830657957 0.193974107503891 0.15980706214904786
2 0.16099592447280883 0.4900675296783447 0.19097278118133545 0.16655912399291992
2 0.20285577774047853 0.5849748611450195 0.16456356048583984 0.1478750228881836
1 0.2416167676448822 0.6380799293518067 0.1075435757637024 0.11118869781494141
0 0.3231713056564331 0.6478052616119385 0.0933828353881836 0.1069340705871582
0 0.40300779342651366 0.6577183723449707 0.10402631759643555 0.1169443130493164
0 0.4980186462402344 0.6604695320129395 0.1064615249633789 0.1122767448425293
0 0.581279182434082 0.6618583679199219 0.10575428009033203 0.10555248260498047
1 0.6702704429626465 0.6523487567901611 0.1161269187927246 0.1124990463256836
2 0.7452440738677979 0.603296947479248 0.17704248428344727 0.16718416213989257
2 0.8200334310531616 0.5058406829833985 0.19197964668273926 0.17605600357055665
2 0.8769378423690796 0.40375690460205077 0.17394642829895018 0.15187082290649415
