2 0.13866343200206757 0.2569162368774414 0.16920586228370665 0.14544172286987306
2 0.17244091033935546 0.39342756271362306 0.19075675010681153 0.17270030975341796
2 0.24324926733970642 0.5088531494140625 0.16684695482254028 0.18751487731933594
1 0.2986419200897217 0.5851334571838379 0.11719293594360351 0.1443948745727539
0 0.3875248432159424 0.6182644844055176 0.12532472610473633 0.12395172119140625
0 0.455381965637207 0.6595624923706055 0.1189645767211914 0.11016387939453125
0 0.5480429649353027 0.6422872543334961 0.11355342864990234 0.1267843246459961
0 0.5998221397399902 0.6488912582397461 0.13143033981323243 0.1305166244506836
1 0.6988725185394287 0.6292102813720704 0.10105009078979492 0.12495832443237305
2 0.7374360084533691 0.5399514198303222 0.16311321258544922 0.16691970825195312
2 0.8043107986450195 0.42257784605026244 0.19948482513427734 0.18095743656158447
2 0.8575899362564087 0.29969611167907717 0.19039149284362794 0.16814117431640624
