2 0.1450959175825119 0.6280256271362304 0.1713480532169342 0.11194591522216797
2 0.18041422367095947 0.5564292907714844 0.16101012229919434 0.10913562774658203
2 0.22862467765808106 0.4898787498474121 0.16797728538513185 0.11366138458251954
1 0.2598746299743652 0.4400560259819031 0.11564846038818359 0.1241152048110962
0 0.3369290828704834 0.37972822189331057 0.12401723861694336 0.129586124420166
0 0.46492295265197753 0.3534645318984985 0.15587596893310546 0.14760098457336426
0 0.6057210922241211 0.36506483554840086 0.14522666931152345 0.14724984169006347
0 0.719886064529419 0.39381933212280273 0.11756916046142578 0.12059783935546875
2 0.7922748565673828 0.5102917671203613 0.1651224136352539 0.10654850006103515
1 0.7770689964294434 0.46471152305603025 0.11303539276123047 0.12799386978149413
2 0.8211173772811889 0.5698893547058106 0.15639042854309082 0.10688724517822265
2 0.8352494239807129 0.6447787284851074 0.1788839340209961 0.13514575958251954
