2 0.1614379644393921 0.5582630157470703 0.09555354118347167 0.09297218322753906
1 0.1892333984375 0.47328672409057615 0.10750541687011719 0.1272481918334961
2 0.17993783950805664 0.5684864044189453 0.07860164642333985 0.08072395324707031
2 0.19892879724502563 0.5780199050903321 0.10556619167327881 0.10141458511352539
0 0.28048858642578123 0.4663098335266113 0.11368236541748047 0.1296980857849121
1 0.2750669002532959 0.5831035137176513 0.09961938858032227 0.11353368759155273
0 0.36084556579589844 0.587587547302246 0.1047983169555664 0.11649303436279297
0 0.39394805431365965 0.4780153751373291 0.15445780754089355 0.1470062255859375
0 0.4540279507637024 0.5830789089202881 0.11703450679779052 0.12457275390625
0 0.5306966781616211 0.475830602645874 0.16902446746826172 0.14077844619750976
0 0.5485640048980713 0.5777317523956299 0.11237001419067383 0.11029233932495117
0 0.6396653175354003 0.5679266929626465 0.11019306182861328 0.10972633361816406
0 0.6651105880737305 0.4539677143096924 0.13434696197509766 0.1297743797302246
1 0.7379317283630371 0.5638887882232666 0.1209634780883789 0.13184852600097657
1 0.7891134262084961 0.45949735641479494 0.12880535125732423 0.11816635131835937
2 0.8251504898071289 0.5547590732574463 0.12937889099121094 0.11741456985473633
2 0.8449934959411621 0.5525857448577881 0.10079975128173828 0.10831308364868164
2 0.8703972816467285 0.45769033432006834 0.0862344741821289 0.07076454162597656
2 0.8777632713317871 0.5206474304199219 0.09378604888916016 0.0851705551147461
