2 0.15828273296356202 0.4011250019073486 0.1738905429840088 0.15399932861328125
2 0.19419772624969484 0.5292144775390625 0.1515942096710205 0.14103832244873046
1 0.25129398703575134 0.6266395092010498 0.12184716463088989 0.13300714492797852
0 0.3191652774810791 0.6769473552703857 0.10802936553955078 0.1090475082397461
0 0.4142787456512451 0.7029396057128906 0.12621707916259767 0.10338134765625
0 0.5314754486083985 0.71607346534729 0.13160743713378906 0.11727972030639648
0 0.6272139549255371 0.7022504806518555 0.1171712875366211 0.11507892608642578
1 0.6978759765625 0.6389302730560302 0.1385049819946289 0.12901630401611328
2 0.7679526329040527 0.5254303932189941 0.156634521484375 0.11680145263671875
2 0.829868221282959 0.40678915977478025 0.1866323471069336 0.16071672439575196
