2 0.10323309898376465 0.6554348945617676 0.20580224990844725 0.14607505798339843
2 0.09564216732978821 0.7037182807922363 0.18567715883255004 0.06857852935791016
2 0.12022206783294678 0.5449446678161621 0.2021928310394287 0.17140474319458007
1 0.14956927299499512 0.4511094570159912 0.13697233200073242 0.14933013916015625
0 0.23280653357505798 0.36157026290893557 0.12999173402786254 0.13303585052490235
0 0.3577582359313965 0.3203906536102295 0.144492244720459 0.09232325553894043
0 0.5082868576049805 0.31351165771484374 0.16437911987304688 0.11687116622924805
0 0.6509609222412109 0.36141648292541506 0.1316699981689453 0.11305780410766601
1 0.7708955764770508 0.4101761937141418 0.13897762298583985 0.16959359645843505
2 0.8419611930847168 0.5027349472045899 0.190350341796875 0.19394340515136718
2 0.903065299987793 0.63009614944458 0.18772315979003906 0.09774322509765625
2 0.9049428939819336 0.5790492057800293 0.1775960922241211 0.10324134826660156
2 0.9233108520507812 0.6850015640258789 0.13309555053710936 0.05732707977294922
