2 0.11515092849731445 0.2191941499710083 0.15814661979675293 0.1992805004119873
2 0.14552433490753175 0.3931615352630615 0.20713706016540528 0.17349977493286134
2 0.20865120887756347 0.5500851631164551 0.18164949417114257 0.18907241821289061
1 0.29085636138916016 0.6796630859375 0.1512584686279297 0.15837497711181642
0 0.37213845252990724 0.7432283401489258 0.11269159317016601 0.11973648071289063
0 0.49590044021606444 0.7171873092651367 0.14773426055908204 0.1921539306640625
0 0.6190681457519531 0.7498927593231202 0.13344841003417968 0.0968907356262207
0 0.7298096656799317 0.6966500759124756 0.1120229721069336 0.10592403411865234
1 0.8004634857177735 0.6116915702819824 0.11577816009521484 0.10400180816650391
2 0.8523738861083985 0.4937439918518066 0.15415687561035157 0.159442138671875
2 0.8643238306045532 0.34402849674224856 0.16723055839538575 0.157212495803833
