2 0.10098791122436523 0.6837457656860352 0.14721980094909667 0.10217609405517578
2 0.12362890243530274 0.6036744117736816 0.1780719757080078 0.1360830307006836
2 0.14441384077072145 0.5335260391235351 0.1386389970779419 0.14349594116210937
1 0.19524848461151123 0.46587390899658204 0.12097978591918945 0.11171092987060546
0 0.28615517616271974 0.40057419538497924 0.12305536270141601 0.1071321725845337
0 0.43077725172042847 0.3653744697570801 0.15655348300933838 0.0802128791809082
0 0.6045646667480469 0.3656069040298462 0.15584640502929686 0.08329529762268066
0 0.7312900066375733 0.4001035809516907 0.11912965774536133 0.10203320980072021
1 0.8210399627685547 0.47157649993896483 0.12413578033447266 0.11158428192138672
2 0.8900209426879883 0.5482118606567383 0.1178192138671875 0.1018209457397461
2 0.9223728179931641 0.6208847045898438 0.15436058044433593 0.12092933654785157
2 0.9522877216339112 0.6990891456604004 0.09542455673217773 0.10830936431884766
