2 0.11074081659317017 0.4134873867034912 0.07522614002227783 0.09710750579833985
2 0.1289732575416565 0.5483057022094726 0.10433027744293213 0.11052722930908203
2 0.19712419509887696 0.5844362258911133 0.13898138999938964 0.10577526092529296
1 0.1891062378883362 0.4461666107177734 0.11272933483123779 0.10422611236572266
1 0.25573723316192626 0.591524887084961 0.08978271484375 0.07972335815429688
0 0.29470181465148926 0.46581158638000486 0.1197901725769043 0.11268348693847656
0 0.33983941078186036 0.6035445213317872 0.1007512092590332 0.0719461441040039
0 0.41300736665725707 0.47194499969482423 0.1413501501083374 0.1175323486328125
0 0.43694067001342773 0.6031937599182129 0.12284812927246094 0.08550796508789063
0 0.5794923782348633 0.46965680122375486 0.19234542846679686 0.163284969329834
0 0.5612335205078125 0.6042547702789307 0.12208995819091797 0.07103958129882812
0 0.6626482009887695 0.6036635398864746 0.09585018157958984 0.05826988220214844
0 0.7290584564208984 0.48096375465393065 0.1157876968383789 0.09488515853881836
1 0.7472736358642578 0.6017719268798828 0.09825658798217773 0.0791849136352539
2 0.8236842155456543 0.6032772064208984 0.10748672485351562 0.09617462158203124
2 0.8227100133895874 0.5454799652099609 0.09686818122863769 0.07065114974975586
1 0.8309766769409179 0.4663332462310791 0.11038150787353515 0.10766706466674805
2 0.878938102722168 0.5773873329162598 0.12837867736816405 0.09845752716064453
2 0.9047316551208496 0.4613831043243408 0.08319892883300781 0.07075910568237305
2 0.9119878768920898 0.5528538227081299 0.09205322265625 0.09008417129516602
