2 0.19403787851333618 0.3515845537185669 0.22129666805267334 0.19858412742614745
2 0.23189632892608641 0.4804222106933594 0.15826401710510254 0.09979667663574218
2 0.24748430848121644 0.5600483894348145 0.1516380190849304 0.12190017700195313
1 0.2898531198501587 0.6295695304870605 0.12038040161132812 0.10517559051513672
0 0.337160587310791 0.6917127132415771 0.11119623184204101 0.10456428527832032
0 0.43468399047851564 0.6990541458129883 0.11334095001220704 0.12626113891601562
0 0.5347660064697266 0.6988372802734375 0.115667724609375 0.126885986328125
0 0.6415525436401367 0.6895331382751465 0.12939205169677734 0.11206340789794922
1 0.733187484741211 0.6352727890014649 0.114111328125 0.11189346313476563
2 0.7975625038146973 0.5579809188842774 0.11816616058349609 0.09307346343994141
2 0.8490364074707031 0.4858394145965576 0.13281383514404296 0.1068490982055664
2 0.8809003829956055 0.3497771263122559 0.1342012405395508 0.19645557403564454
