2 0.16574254035949706 0.34302942752838134 0.16958112716674806 0.17300095558166503
2 0.18703300952911378 0.46169319152832033 0.10856089591979981 0.12283115386962891
2 0.22717020511627198 0.5624557971954346 0.12499489784240722 0.10768356323242187
1 0.28295698165893557 0.6396113395690918 0.11547846794128418 0.10508518218994141
0 0.35920281410217286 0.6787086009979248 0.09689016342163086 0.09523115158081055
0 0.4408762454986572 0.6870327949523926 0.0950383186340332 0.10140905380249024
0 0.5252685546875 0.6881424903869628 0.0988534927368164 0.09925117492675781
0 0.6019927024841308 0.6773789405822754 0.1082082748413086 0.09446678161621094
1 0.6767560005187988 0.6417776107788086 0.11413059234619141 0.09605846405029297
2 0.7408387660980225 0.5812752723693848 0.10694494247436523 0.0921163558959961
2 0.7892783641815185 0.49356393814086913 0.0928278923034668 0.10587577819824219
2 0.8092236518859863 0.3728461980819702 0.13105182647705077 0.17078080177307128
