2 0.15711407661437987 0.48531856536865237 0.07602293491363525 0.10047378540039062
1 0.20303125381469728 0.40361844301223754 0.11467161178588867 0.1146127462387085
1 0.22980089187622071 0.507434606552124 0.10372872352600097 0.14372692108154297
0 0.3129585266113281 0.41364355087280275 0.13999671936035157 0.14293212890625
0 0.31739492416381837 0.525095272064209 0.12055931091308594 0.12555618286132814
0 0.4892799496650696 0.5446191310882569 0.2703145742416382 0.09946088790893555
0 0.4479141116142273 0.4324612617492676 0.18388311862945556 0.16855831146240235
0 0.6053179740905762 0.43375320434570314 0.17334117889404296 0.16497879028320311
0 0.6709522247314453 0.5317130088806152 0.12206573486328125 0.1177968978881836
0 0.7324771404266357 0.42046241760253905 0.13191871643066405 0.14447240829467772
1 0.7809741020202636 0.5098439216613769 0.1351531982421875 0.1277935028076172
1 0.8336202383041382 0.41702542304992674 0.12186665534973144 0.12507314682006837
