2 0.1615573763847351 0.4016926884651184 0.053710532188415525 0.08115975856781006
2 0.19322882890701293 0.4684431076049805 0.09731981754302979 0.0731781005859375
2 0.2049103260040283 0.41054285764694215 0.06670794486999512 0.10312788486480713
1 0.2657968044281006 0.48181629180908203 0.08998403549194336 0.05870819091796875
1 0.26351108551025393 0.43336095809936526 0.08115553855895996 0.11901712417602539
0 0.3464881420135498 0.4252609133720398 0.1186131477355957 0.14234869480133056
0 0.33994059562683104 0.4989227294921875 0.08376307487487793 0.06548862457275391
0 0.40615578889846804 0.49955410957336427 0.07849557399749756 0.08343706130981446
0 0.4654683947563171 0.4220002293586731 0.15216658115386963 0.18412339687347412
0 0.48401775360107424 0.5334615707397461 0.0993764877319336 0.08741340637207032
0 0.5558856964111328 0.522646713256836 0.06635656356811523 0.05918807983398437
0 0.5991181373596192 0.4411888122558594 0.14885540008544923 0.16918773651123048
0 0.6250086784362793 0.5316109180450439 0.09312610626220703 0.09751367568969727
0 0.6999956607818604 0.5213590621948242 0.09112234115600586 0.08803272247314453
0 0.7146608829498291 0.44747118949890136 0.11479272842407226 0.13069114685058594
1 0.763641357421875 0.5151012897491455 0.06662616729736329 0.05814800262451172
1 0.7786025524139404 0.4657175064086914 0.07741098403930664 0.10869159698486328
2 0.8243139266967774 0.499204158782959 0.06873321533203125 0.06685123443603516
2 0.8306339263916016 0.4409597873687744 0.06231002807617188 0.09560766220092773
2 0.8401494979858398 0.43524847030639646 0.07848224639892579 0.08854866027832031
2 0.8570068359375 0.4388569831848145 0.05060310363769531 0.07590818405151367
