2 0.10884839296340942 0.7697974681854248 0.1754089117050171 0.09811639785766602
2 0.13755062818527222 0.6755307674407959 0.18194210529327393 0.1272907257080078
2 0.16373711824417114 0.5756726264953613 0.16201608180999755 0.11553211212158203
1 0.1955718517303467 0.46710318326950073 0.12387723922729492 0.1359710931777954
0 0.2671043872833252 0.3651681900024414 0.12932167053222657 0.10420646667480468
0 0.40213971138000487 0.3140821695327759 0.18067026138305664 0.10851588249206542
0 0.5204243659973145 0.4018202304840088 0.1173370361328125 0.11126194000244141
0 0.5742393970489502 0.30265445709228517 0.18407325744628905 0.10423641204833985
0 0.708116102218628 0.35616106986999513 0.1304001808166504 0.1124659538269043
2 0.8095198631286621 0.5128798007965087 0.18030357360839844 0.13613519668579102
2 0.8290278434753418 0.6242275238037109 0.1777780532836914 0.1445697784423828
2 0.8663613319396972 0.7025088310241699 0.17727069854736327 0.15366592407226562
