2 0.1719242125749588 0.34817280769348147 0.17359418272972107 0.1656869888305664
2 0.18567240238189697 0.4761198043823242 0.1709615707397461 0.12918510437011718
2 0.1971579909324646 0.5955982685089112 0.16759588718414306 0.15392189025878905
1 0.24607954621315004 0.7305753707885743 0.15574873685836793 0.1414255142211914
0 0.3062166213989258 0.8216279983520508 0.16255540847778321 0.12421989440917969
0 0.41316952705383303 0.8603664398193359 0.1317342758178711 0.12711315155029296
0 0.5255354881286621 0.8609458923339843 0.13505859375 0.11926040649414063
0 0.6403553009033203 0.8306597709655762 0.1563282012939453 0.1329111099243164
1 0.7313028812408447 0.7725251197814942 0.15656499862670897 0.14707565307617188
2 0.8087843894958496 0.6582623481750488 0.16137771606445311 0.1456329345703125
2 0.842676830291748 0.5416304588317871 0.16238117218017578 0.1313173294067383
2 0.8994969367980957 0.4078019618988037 0.19628448486328126 0.1813033103942871
