2 0.09440178871154785 0.6799084663391113 0.1888035774230957 0.14192981719970704
2 0.09338157176971436 0.7403810501098633 0.18676314353942872 0.06488552093505859
2 0.11106411218643189 0.60142822265625 0.18998363018035888 0.16291561126708984
2 0.14020345211029053 0.48215932846069337 0.1670139789581299 0.17964563369750977
1 0.17934629917144776 0.3768895149230957 0.14466776847839355 0.16878442764282225
0 0.2700232982635498 0.27584561705589294 0.17580094337463378 0.16520482301712036
0 0.44284753799438475 0.25061521530151365 0.20907096862792968 0.17179646492004394
0 0.6533530235290528 0.27058210372924807 0.20411510467529298 0.18752427101135255
0 0.79449462890625 0.3280512571334839 0.15768699645996093 0.15939078330993653
2 0.8656587600708008 0.7620262622833252 0.21394729614257812 0.11576719284057617
2 0.8643968582153321 0.5658519268035889 0.17375411987304687 0.1437896728515625
2 0.8769037246704101 0.6744140625 0.18699417114257813 0.13244171142578126
1 0.8561094522476196 0.44563874006271365 0.13910250663757323 0.14768946170806885
