2 0.15990596115589142 0.7057734966278076 0.1729961335659027 0.10732669830322265
2 0.16140955686569214 0.647206974029541 0.16044285297393798 0.09410285949707031
2 0.17211060225963593 0.5740460395812989 0.1758515417575836 0.11660957336425781
1 0.1854110836982727 0.47592477798461913 0.15662028789520263 0.11899967193603515
0 0.2506511628627777 0.39351940155029297 0.1286831021308899 0.14020729064941406
0 0.3893345594406128 0.3382728576660156 0.17900605201721193 0.1573418617248535
0 0.5669397354125977 0.33582942485809325 0.1907573699951172 0.12781152725219727
0 0.7090837478637695 0.3862121343612671 0.1342622756958008 0.14003167152404786
2 0.7776965618133544 0.5661003589630127 0.16315755844116211 0.11591548919677734
1 0.7629165649414062 0.4753093719482422 0.1312469482421875 0.10302486419677734
2 0.7828549385070801 0.6416208267211914 0.15688495635986327 0.09144201278686523
2 0.7906196594238282 0.7013880252838135 0.1674041748046875 0.11039056777954101
