2 0.11729709804058075 0.6541994094848633 0.1728638231754303 0.12137460708618164
2 0.12336518764495849 0.5667964935302734 0.1507033586502075 0.11207408905029297
2 0.17609864473342896 0.5130919456481934 0.16737797260284423 0.086810302734375
2 0.17650364637374877 0.4723297119140625 0.1646101713180542 0.16793012619018555
2 0.17989058494567872 0.44909259080886843 0.1565225601196289 0.12165944576263428
1 0.24688191413879396 0.3869238615036011 0.14044427871704102 0.1593082904815674
0 0.34035525321960447 0.27756547927856445 0.14945011138916015 0.13615102767944337
0 0.5129202842712403 0.25002922415733336 0.2100529670715332 0.10387088060379028
0 0.7128204345703125 0.2582876205444336 0.19730644226074218 0.12434067726135253
2 0.818143653869629 0.6526571273803711 0.18283843994140625 0.09695262908935547
0 0.8221842765808105 0.3219425201416016 0.14862556457519532 0.1287228584289551
2 0.8501348733901978 0.5950920104980468 0.17776751518249512 0.10675811767578125
2 0.8555204391479492 0.5285091400146484 0.16771297454833983 0.10192623138427734
1 0.8574636459350586 0.4341042637825012 0.14270401000976562 0.13073346614837647
