2 0.11321665048599243 0.3537764549255371 0.22304294109344483 0.19685077667236328
2 0.15598466098308564 0.49828195571899414 0.1995434820652008 0.17005767822265624
2 0.20789623260498047 0.6108794212341309 0.1685347557067871 0.14198169708251954
1 0.25545539855957033 0.7040278434753418 0.10287294387817383 0.08589668273925781
0 0.36920340061187745 0.738701868057251 0.15482869148254394 0.10407533645629882
0 0.49884977340698244 0.7652150630950928 0.14783248901367188 0.08545503616333008
0 0.6333222389221191 0.7566564559936524 0.1446536064147949 0.0959615707397461
0 0.7434109210968017 0.7162027359008789 0.1475508689880371 0.11670780181884766
1 0.8242130279541016 0.6659281253814697 0.14559268951416016 0.10432729721069336
2 0.8619875907897949 0.3344233751296997 0.2116243362426758 0.19714970588684083
2 0.8513633489608765 0.5707756042480469 0.15758328437805175 0.12751407623291017
2 0.8854713439941406 0.4732121467590332 0.17523441314697266 0.139166259765625
2 0.8931900978088378 0.22641541957855224 0.12990150451660157 0.08374533653259278
