2 0.09262416362762452 0.8118837594985961 0.18434500694274902 0.117134428024292
2 0.10290899276733398 0.6899670600891114 0.20374398231506347 0.13925724029541015
2 0.08462821841239929 0.8721420288085937 0.15512017011642457 0.06984024047851563
2 0.1453688144683838 0.5741441726684571 0.20193872451782227 0.14941654205322266
1 0.17794861495494843 0.44535064697265625 0.16388397812843322 0.1771303176879883
0 0.2746288537979126 0.3243276834487915 0.18040251731872559 0.16474699974060059
0 0.44934697151184083 0.28177077770233155 0.23852720260620117 0.18959946632385255
0 0.6762820243835449 0.3004124402999878 0.23936634063720702 0.19513387680053712
0 0.8124188423156739 0.3847692012786865 0.18954544067382811 0.17520980834960936
2 0.891547966003418 0.6384986400604248 0.20822677612304688 0.1525106430053711
2 0.9112266540527344 0.8568138122558594 0.17754669189453126 0.12958164215087892
2 0.8736848831176758 0.7524338245391846 0.1002288818359375 0.09686822891235351
1 0.9034379959106446 0.5084198951721192 0.15355796813964845 0.16206893920898438
