2 0.11074014902114868 0.33826661109924316 0.17164618968963624 0.15026483535766602
2 0.14313132762908937 0.4380327224731445 0.18149123191833497 0.09075374603271484
2 0.17118074893951415 0.4967648506164551 0.1555720806121826 0.09657220840454102
1 0.21500840783119202 0.5676176071166992 0.14198673963546754 0.13815040588378907
0 0.3369102954864502 0.6115590095520019 0.15517034530639648 0.14824094772338867
0 0.4481802463531494 0.6411882400512695 0.14089612960815429 0.11723175048828124
0 0.5643982410430908 0.620907211303711 0.1370701789855957 0.1432262420654297
0 0.6746483325958252 0.6033351421356201 0.11413249969482422 0.1367793083190918
2 0.7759965419769287 0.4788054466247559 0.16256418228149414 0.13031463623046874
2 0.7944069385528565 0.4048472881317139 0.16827058792114258 0.1226323127746582
2 0.8004300832748413 0.32070729732513426 0.1798252582550049 0.15385289192199708
1 0.7750376701354981 0.5760284900665283 0.12320156097412109 0.13097600936889647
