1 0.15508244335651397 0.48523769378662107 0.15091657042503356 0.14176177978515625
1 0.22659139037132264 0.5412666320800781 0.11689196825027466 0.1238973617553711
0 0.33362133502960206 0.5507359504699707 0.1391745090484619 0.14136848449707032
0 0.41000165939331057 0.5878788948059082 0.12136526107788086 0.1310427665710449
0 0.52926025390625 0.5819401264190673 0.14598407745361328 0.13990983963012696
0 0.6188245296478272 0.5408528327941895 0.13862009048461915 0.14507369995117186
1 0.734749174118042 0.5196342945098877 0.13895254135131835 0.15486793518066405
1 0.7841207027435303 0.42723941802978516 0.14953222274780273 0.14403438568115234
2 0.8317497253417969 0.5022108078002929 0.11603107452392578 0.11388435363769531
2 0.8748491287231446 0.41289453506469725 0.08660545349121093 0.11130132675170898
