2 0.10764720439910888 0.35866365432739256 0.2141141414642334 0.23520641326904296
2 0.1539117932319641 0.5235369682312012 0.19338080883026124 0.2001363754272461
1 0.19388167858123778 0.640321922302246 0.1412233829498291 0.1460367202758789
0 0.27229509353637693 0.6877439498901368 0.11710443496704101 0.12912120819091796
0 0.365047287940979 0.717580509185791 0.11752800941467285 0.11097965240478516
0 0.46537280082702637 0.7166944980621338 0.11878528594970703 0.12699384689331056
0 0.5607024669647217 0.7022690773010254 0.12162961959838867 0.1341928482055664
1 0.6558056831359863 0.654425048828125 0.1521127700805664 0.15417308807373048
2 0.7491137027740479 0.5482551574707031 0.20874528884887694 0.23645458221435547
2 0.8382552146911622 0.37827229499816895 0.23446331024169922 0.2416081428527832
