2 0.14384540319442748 0.5102611541748047 0.13460977077484132 0.08271579742431641
2 0.1267228364944458 0.44919614791870116 0.06385092735290528 0.0936136245727539
1 0.16735503673553467 0.4540868878364563 0.08006196022033692 0.11632707118988037
2 0.17423213720321656 0.5184823989868164 0.08972394466400146 0.06552047729492187
0 0.2239793062210083 0.42722487449645996 0.11345720291137695 0.14484643936157227
1 0.21661934852600098 0.5262075424194336 0.0733612060546875 0.07463340759277344
0 0.2940870761871338 0.5326716423034668 0.11367440223693848 0.10900039672851562
0 0.3538952827453613 0.4119087219238281 0.17834348678588868 0.19409780502319335
0 0.39354376792907714 0.5429934501647949 0.12035083770751953 0.11985263824462891
0 0.500361442565918 0.5461456298828125 0.12401390075683594 0.13607387542724608
0 0.5516881942749023 0.40963085889816286 0.18688783645629883 0.19553110599517823
0 0.6112295150756836 0.5438575744628906 0.12864131927490235 0.15127925872802733
0 0.7127265930175781 0.4139209747314453 0.13260059356689452 0.15059728622436525
2 0.791707706451416 0.5352434158325196 0.16913928985595703 0.1061025619506836
1 0.8084220886230469 0.44841251373291013 0.114227294921875 0.12981023788452148
2 0.8937883377075195 0.5123306274414062 0.12817516326904296 0.09754009246826172
2 0.8884334564208984 0.44272503852844236 0.08899497985839844 0.09703493118286133
2 0.914464282989502 0.510649299621582 0.09263553619384765 0.0961029052734375
2 0.9513639450073242 0.4803574562072754 0.09347076416015625 0.08425312042236328
2 0.9540325164794922 0.42058300971984863 0.0874826431274414 0.09573841094970703
