2 0.04491366744041443 0.3942534923553467 0.06836482286453247 0.1350113868713379
1 0.09153982251882553 0.4076966166496277 0.09687197506427765 0.19583113193511964
2 0.11036069095134735 0.5448410034179687 0.09201098084449769 0.17133712768554688
0 0.1833874225616455 0.43057026863098147 0.15262069702148437 0.21088199615478515
1 0.17474119663238524 0.5882688522338867 0.08371243476867676 0.15833606719970703
0 0.2710355520248413 0.6101366996765136 0.15475497245788575 0.18722114562988282
0 0.3525578498840332 0.43477954864501955 0.2291351318359375 0.25202360153198244
0 0.394956636428833 0.6078029632568359 0.15434703826904297 0.18565044403076172
0 0.549351978302002 0.4271277904510498 0.22842578887939452 0.2522884368896484
0 0.5230753898620606 0.6087487697601318 0.1544797897338867 0.18052501678466798
0 0.6416108131408691 0.5911643981933594 0.14004735946655272 0.1787729263305664
0 0.7119067192077637 0.4266438603401184 0.16439228057861327 0.2090472936630249
0 0.7398007392883301 0.5664264678955078 0.11522588729858399 0.16292991638183593
0 0.8218923568725586 0.4215082168579102 0.11110515594482422 0.14627742767333984
1 0.8228591680526733 0.5404550552368164 0.10105481147766113 0.13844747543334962
2 0.8679779052734375 0.496317195892334 0.07560539245605469 0.12594108581542968
1 0.8946784019470215 0.3982736587524414 0.0833892822265625 0.10352916717529297
2 0.9441731452941895 0.3835520029067993 0.07784767150878906 0.09490771293640136
