2 0.1726210117340088 0.47184200286865235 0.06585025787353516 0.06813793182373047
2 0.1945284128189087 0.5347858428955078 0.10690116882324219 0.08211727142333984
2 0.21049256324768068 0.46935834884643557 0.07158732414245605 0.08632831573486328
1 0.2530128717422485 0.45921969413757324 0.08081250190734864 0.10335969924926758
1 0.2765957355499268 0.5491109848022461 0.11392440795898437 0.0870758056640625
0 0.3269345283508301 0.43962286710739135 0.12370519638061524 0.1464102029800415
0 0.37010281085968016 0.5479880332946777 0.11215815544128419 0.12036380767822266
0 0.4509831428527832 0.4378678321838379 0.1701974868774414 0.15973072052001952
0 0.45807857513427735 0.5597843170166016 0.11040763854980469 0.12705593109130858
0 0.5523159027099609 0.5657183647155761 0.1144134521484375 0.13591938018798827
0 0.6008262157440185 0.4413249850273132 0.16659860610961913 0.16884329319000244
0 0.6430416107177734 0.5624411106109619 0.11203804016113281 0.11960620880126953
0 0.7176999092102051 0.44450377225875853 0.10464973449707031 0.1399152994155884
1 0.7155598640441895 0.570148515701294 0.07639846801757813 0.08672447204589843
2 0.7626895904541016 0.5520135879516601 0.10507717132568359 0.08862800598144531
1 0.8131661415100098 0.45955772399902345 0.1025857925415039 0.10717315673828125
