2 0.1124199628829956 0.6066492080688477 0.2067328453063965 0.10335884094238282
2 0.1030655026435852 0.5549077033996582 0.1787625789642334 0.11431407928466797
2 0.13392789661884308 0.4886323928833008 0.1574251115322113 0.12436676025390625
1 0.1896056890487671 0.4354133725166321 0.11351590156555176 0.11261880397796631
0 0.2990407466888428 0.39803194999694824 0.11946754455566407 0.10388469696044922
0 0.4244010806083679 0.38160243034362795 0.1406688928604126 0.10278682708740235
0 0.548261308670044 0.3842123746871948 0.10924901962280273 0.10346474647521972
0 0.6795902252197266 0.4162900924682617 0.10904178619384766 0.09808645248413086
1 0.7701523780822754 0.4627539157867432 0.1009185791015625 0.10827302932739258
2 0.8018270254135131 0.5151531219482421 0.14357953071594237 0.0876230239868164
2 0.8305169105529785 0.5550604343414307 0.1730958938598633 0.11169872283935547
2 0.843428635597229 0.6061388492584229 0.19394984245300292 0.09877729415893555
