2 0.1562137246131897 0.605336856842041 0.17208631038665773 0.0925485610961914
2 0.1662773847579956 0.6986571788787842 0.17571439743041992 0.13001956939697265
2 0.16809198558330535 0.7379842758178711 0.15939908623695373 0.07129364013671875
1 0.15885956585407257 0.4558518409729004 0.1318548619747162 0.1567612648010254
2 0.18218014240264893 0.5628242015838623 0.16290793418884278 0.09838685989379883
0 0.22304952144622803 0.3599382877349854 0.12346901893615722 0.12318716049194336
0 0.3438400745391846 0.40890437364578247 0.17915744781494142 0.15106580257415772
0 0.5208893775939941 0.3789781093597412 0.18442611694335936 0.14554777145385742
0 0.6758432388305664 0.39250946044921875 0.13705806732177733 0.14537696838378905
2 0.7724701404571533 0.5656110763549804 0.16977624893188475 0.07945404052734376
1 0.7629429817199707 0.4884758949279785 0.131884765625 0.13642196655273436
2 0.8071671485900879 0.6385401725769043 0.17973747253417968 0.14519081115722657
2 0.8327618598937988 0.7100786209106446 0.18062763214111327 0.13836307525634767
2 0.8359779119491577 0.746017599105835 0.17470135688781738 0.08166704177856446
