2 0.10130835771560669 0.7559292793273926 0.14451591968536376 0.08961505889892578
2 0.10501281023025513 0.6164710044860839 0.09852399826049804 0.08376092910766601
1 0.16520354747772217 0.43383989334106443 0.11814122200012207 0.12145147323608399
0 0.25871482491493225 0.32137036323547363 0.16751869916915893 0.14201221466064454
0 0.4145763278007507 0.2554929733276367 0.23070318698883058 0.15881423950195311
0 0.6405345439910889 0.28019678592681885 0.21529150009155273 0.17779226303100587
0 0.7605260848999024 0.32365999221801756 0.12381820678710938 0.11036901473999024
1 0.8495820999145508 0.431106424331665 0.09434356689453124 0.10959205627441407
2 0.8825875282287597 0.5448700904846191 0.11569461822509766 0.14483108520507812
2 0.9099029541015625 0.6413119316101075 0.11951370239257812 0.08510370254516601
2 0.9488547325134278 0.7506669044494629 0.10210380554199219 0.11811504364013672
