2 0.0935637354850769 0.3637087821960449 0.1871274709701538 0.18735532760620116
2 0.11879913806915283 0.4944046974182129 0.16705698966979982 0.0894277572631836
1 0.16040574312210082 0.5707860946655273 0.17786853313446044 0.1373077392578125
0 0.27052435278892517 0.6527982234954834 0.16859294176101686 0.12257165908813476
0 0.39351449012756345 0.6806296348571778 0.15162305831909179 0.12230405807495118
0 0.5312803745269775 0.6894533157348632 0.15330953598022462 0.1264484405517578
0 0.6624760627746582 0.6612098693847657 0.16760826110839844 0.1211700439453125
2 0.8056733131408691 0.534171199798584 0.1774545669555664 0.12022924423217773
1 0.7707934379577637 0.6268284320831299 0.08815765380859375 0.09126243591308594
2 0.8233789682388306 0.4459081649780273 0.17394709587097168 0.10800209045410156
2 0.8498584508895874 0.3352499008178711 0.20791172981262207 0.1766108512878418
