2 0.13287594616413118 0.45614089965820315 0.09990448355674744 0.1083587646484375
2 0.19868786334991456 0.52017183303833 0.1582775115966797 0.19247379302978515
1 0.1879962682723999 0.3297215461730957 0.1041405200958252 0.15081396102905273
0 0.28560595512390136 0.32940733432769775 0.16041688919067382 0.229612398147583
1 0.2758349895477295 0.5731727123260498 0.11746559143066407 0.15156927108764648
0 0.378877592086792 0.5617828369140625 0.16082029342651366 0.22260456085205077
0 0.47336100339889525 0.3342371225357056 0.2665624856948853 0.29071784019470215
0 0.515041446685791 0.5664159774780273 0.17057456970214843 0.2306079864501953
0 0.6619420528411866 0.578647518157959 0.1801680564880371 0.25736150741577146
0 0.7097853660583496 0.3509962558746338 0.27177677154541013 0.27141599655151366
0 0.789862060546875 0.5425305843353272 0.14629077911376953 0.19208717346191406
0 0.8696356773376465 0.3693331241607666 0.15931339263916017 0.21290006637573242
1 0.872586441040039 0.5603835105895996 0.10317420959472656 0.1441037178039551
2 0.9164873123168945 0.5064452171325684 0.15497093200683593 0.16223411560058593
1 0.9510560989379883 0.3623800754547119 0.09788780212402344 0.1563319206237793
