2 0.15260472297668456 0.42964611053466795 0.08399872779846192 0.08278980255126953
1 0.22426836490631102 0.4461017489433289 0.10510969161987305 0.1325998544692993
0 0.2785071849822998 0.3906319379806519 0.1400975227355957 0.16184287071228026
0 0.3331882476806641 0.49668378829956056 0.15079860687255858 0.1420530319213867
0 0.42586045265197753 0.3621068477630615 0.21402034759521485 0.17675304412841797
0 0.44818190336227415 0.5346278190612793 0.14694483280181886 0.20136146545410155
0 0.5725968360900879 0.5579343795776367 0.14765663146972657 0.19237728118896485
0 0.6309083938598633 0.39367971420288084 0.20229578018188477 0.17675600051879883
0 0.692009162902832 0.5456056594848633 0.12990570068359375 0.13966045379638672
1 0.7763078689575196 0.4417776584625244 0.10680370330810547 0.12359142303466797
1 0.7940480232238769 0.5158844947814941 0.12678203582763672 0.136920166015625
2 0.8623799324035645 0.44805493354797366 0.09651050567626954 0.10574827194213868
