2 0.08504304885864258 0.20124263167381287 0.17008609771728517 0.16462041139602662
2 0.09825002551078796 0.32700581550598146 0.19518302679061889 0.16203222274780274
2 0.09971685409545898 0.43820236921310424 0.19573845863342285 0.12785074710845948
2 0.10409257411956788 0.5541091918945312 0.20440058708190917 0.16207847595214844
1 0.12627207040786742 0.6572114944458007 0.16201517581939698 0.17026252746582032
0 0.1907573938369751 0.7239691734313964 0.13125362396240234 0.13080101013183593
0 0.3020829677581787 0.7628833770751953 0.15292596817016602 0.14711036682128906
0 0.44968700408935547 0.7613792419433594 0.16112537384033204 0.1792654037475586
0 0.5774808883666992 0.7363475322723388 0.1615579605102539 0.17731657028198242
1 0.6911716461181641 0.6697175025939941 0.14783601760864257 0.1553647994995117
2 0.7312330722808837 0.5497476577758789 0.18782529830932618 0.14933910369873046
2 0.7553874969482421 0.4324021339416504 0.19818115234375 0.1520364761352539
2 0.7800835132598877 0.311670184135437 0.2132502555847168 0.17924847602844238
