2 0.15737849473953247 0.5918248176574707 0.08280937671661377 0.0938201904296875
2 0.1801231622695923 0.5192500114440918 0.06746945381164551 0.06511173248291016
2 0.20437369346618653 0.5995428085327148 0.08509411811828613 0.10942573547363281
1 0.23575339317321778 0.5160760879516602 0.09526643753051758 0.08189430236816406
1 0.2683382034301758 0.6022051334381103 0.09574995040893555 0.11890497207641601
0 0.2885380744934082 0.4930316925048828 0.09251174926757813 0.08127403259277344
0 0.34625389575958254 0.5811042785644531 0.09232583045959472 0.12688064575195312
0 0.42132253646850587 0.482361364364624 0.21617546081542968 0.14617481231689453
0 0.4350010991096497 0.5771393299102783 0.11031396389007568 0.12091121673583985
0 0.5332229614257813 0.5955949783325195 0.10898418426513672 0.10512676239013671
0 0.6187989234924316 0.5829495429992676 0.10611705780029297 0.12407951354980469
1 0.7048650741577148 0.5943239688873291 0.10720710754394532 0.13450136184692382
0 0.713495922088623 0.49007377624511717 0.12204504013061523 0.10520992279052735
2 0.7837722778320313 0.591697883605957 0.11363468170166016 0.1217153549194336
1 0.7946835517883301 0.4927377700805664 0.0894866943359375 0.10406665802001953
2 0.8534518241882324 0.5751139163970947 0.10284805297851562 0.10149087905883789
2 0.8504541397094727 0.4964450836181641 0.06570625305175781 0.07280263900756836
