2 0.14549596309661866 0.3373725414276123 0.18969988822937012 0.16457843780517578
2 0.1664528340101242 0.45845195055007937 0.1773196280002594 0.1561673879623413
2 0.2054811954498291 0.5601715087890625 0.15235557556152343 0.13010921478271484
1 0.2486945629119873 0.6289433002471924 0.10972471237182617 0.07470712661743165
0 0.33090522289276125 0.6513045310974122 0.1124786376953125 0.09117622375488281
0 0.41569851636886596 0.6848397731781006 0.11760523319244384 0.08872156143188477
0 0.5326925277709961 0.6870901584625244 0.14720678329467773 0.09290189743041992
0 0.6167403221130371 0.6478861808776856 0.1397533416748047 0.11129302978515625
1 0.7223444938659668 0.6422848224639892 0.11640739440917969 0.0930558204650879
2 0.7912653923034668 0.5611614227294922 0.16079444885253907 0.11972904205322266
2 0.8362936973571777 0.48799619674682615 0.17462482452392578 0.10232372283935547
2 0.8373188257217408 0.4598533153533936 0.1760779857635498 0.1567469596862793
2 0.8712531089782715 0.342787504196167 0.18537483215332032 0.16200456619262696
