2 0.1616074562072754 0.5329443931579589 0.06902451515197754 0.08498210906982422
2 0.16781580448150635 0.6210072040557861 0.06977272033691406 0.1262990951538086
1 0.1960629105567932 0.5134012699127197 0.08185474872589112 0.1101944923400879
1 0.20698751807212828 0.6250099182128906 0.0731012463569641 0.1311168670654297
0 0.242154860496521 0.4876535892486572 0.11214251518249511 0.14271974563598633
0 0.2739099502563477 0.6379383087158204 0.11853857040405273 0.14991321563720703
0 0.3769578456878662 0.4615134119987488 0.20023202896118164 0.21868231296539306
0 0.37902345657348635 0.6267382144927979 0.12647790908813478 0.15215711593627929
0 0.4873624801635742 0.6219747066497803 0.12802867889404296 0.14982128143310547
0 0.5607438087463379 0.46527833938598634 0.21012725830078124 0.21382560729980468
0 0.5951378822326661 0.619997787475586 0.13637752532958985 0.14959869384765626
0 0.702692699432373 0.46599053144454955 0.11806411743164062 0.13969976902008058
1 0.703178596496582 0.6088573455810546 0.11191377639770508 0.1575695037841797
2 0.7854186058044433 0.5986179828643798 0.10319309234619141 0.11971426010131836
1 0.7785722732543945 0.4695010185241699 0.0753896713256836 0.07581443786621093
2 0.8434059381484985 0.5033041954040527 0.12897791862487792 0.12195320129394531
2 0.8369230270385742 0.5882670402526855 0.08041973114013672 0.08172073364257812
