2 0.11548475027084351 0.33883306980133054 0.18128559589385987 0.16677546501159668
2 0.14169350862503052 0.4536837100982666 0.1936115026473999 0.16050710678100585
2 0.2027280330657959 0.553855562210083 0.16733741760253906 0.15850629806518554
1 0.2826596736907959 0.6577558517456055 0.13061208724975587 0.08440189361572266
0 0.39582703113555906 0.7061697959899902 0.11580843925476074 0.05535202026367188
0 0.4889525413513184 0.7332871913909912 0.11832494735717773 0.06593761444091797
0 0.5958274841308594 0.7321764945983886 0.11568431854248047 0.06378135681152344
0 0.6962565422058106 0.7078672885894776 0.12752914428710938 0.08658561706542969
2 0.8264454126358032 0.5681900978088379 0.16235041618347168 0.1607961654663086
2 0.8812067031860351 0.46235162019729614 0.1880807876586914 0.1631793737411499
2 0.9083077430725097 0.3353607654571533 0.17050571441650392 0.17287492752075195
