2 0.1367609292268753 0.6324923992156982 0.1580037534236908 0.11398277282714844
2 0.1366065502166748 0.6928780555725098 0.14963245391845703 0.07925682067871094
2 0.15475525557994843 0.5579577922821045 0.15099344849586488 0.1164179801940918
1 0.17223570346832276 0.4578991413116455 0.12147488594055175 0.13384637832641602
0 0.26369338631629946 0.36475338935852053 0.1578342318534851 0.15252017974853516
0 0.43730353116989135 0.3142200708389282 0.2025301218032837 0.13609614372253417
0 0.6288043975830078 0.3286720275878906 0.19458408355712892 0.1606382369995117
0 0.7933082580566406 0.3904569149017334 0.151953125 0.15582494735717772
2 0.8515180826187134 0.7233539581298828 0.14848017692565918 0.09149703979492188
2 0.8560691833496094 0.6819808006286621 0.1434093475341797 0.10469722747802734
2 0.8584857702255249 0.6244172573089599 0.1411644458770752 0.11584129333496093
1 0.8482004165649414 0.5169736862182617 0.1186483383178711 0.14481620788574218
