2 0.08918896317481995 0.4668914318084717 0.0506158709526062 0.05694732666015625
2 0.12976341545581818 0.5530277729034424 0.10407552123069763 0.11996631622314453
2 0.11519572734832764 0.4788354873657227 0.05229606628417969 0.06817760467529296
2 0.13381710052490234 0.48006715774536135 0.06217184066772461 0.07752656936645508
1 0.17026883363723755 0.4733475685119629 0.08128316402435302 0.12495708465576172
2 0.1845841646194458 0.5559841156005859 0.07057676315307618 0.0959787368774414
0 0.24139633178710937 0.4428565502166748 0.13172478675842286 0.17181844711303712
1 0.2439948558807373 0.5611217498779297 0.10342965126037598 0.11933689117431641
0 0.3263822555541992 0.5555572986602784 0.11034207344055176 0.1292658805847168
0 0.38083686828613283 0.4449546694755554 0.18649539947509766 0.19903147220611572
0 0.427883243560791 0.553523588180542 0.11804580688476562 0.16775426864624024
0 0.5579432487487793 0.44280591011047366 0.19540882110595703 0.19604158401489258
0 0.5332076549530029 0.5702131271362305 0.12097187042236328 0.1225595474243164
0 0.6382295608520507 0.5463935852050781 0.11838569641113281 0.11949691772460938
0 0.7074004173278808 0.43795299530029297 0.14775428771972657 0.16959943771362304
1 0.7363656044006348 0.5443217277526855 0.12317047119140626 0.11857738494873046
1 0.8047515869140625 0.4553501129150391 0.09662094116210937 0.1263507843017578
2 0.8122286796569824 0.535072135925293 0.07642707824707032 0.08105926513671875
2 0.8594554901123047 0.47338004112243653 0.07182350158691406 0.07702970504760742
2 0.877461051940918 0.5390253067016602 0.09518241882324219 0.09197998046875
2 0.9127672195434571 0.46991925239562987 0.07246551513671876 0.06253175735473633
