2 0.1351088762283325 0.3086792528629303 0.16079139709472656 0.21746376752853394
2 0.13996300399303435 0.44916495084762575 0.14086256623268129 0.14084417819976808
2 0.1719515800476074 0.558143424987793 0.10914955139160157 0.1504213333129883
1 0.252096027135849 0.6167434215545654 0.11511164903640747 0.13969545364379882
0 0.3485389232635498 0.673163890838623 0.1398916244506836 0.11035232543945313
0 0.46942992210388185 0.6918647766113282 0.13295793533325195 0.09860773086547851
0 0.6032874107360839 0.6841285705566407 0.13145313262939454 0.08759536743164062
0 0.721787977218628 0.6479186534881591 0.13804750442504882 0.10169754028320313
1 0.8088051795959472 0.5792466163635254 0.12068386077880859 0.12346401214599609
2 0.8612892150878906 0.5053106307983398 0.13765716552734375 0.14773292541503907
2 0.888041877746582 0.38942837715148926 0.1565826416015625 0.16749753952026367
2 0.8969246864318847 0.24570419788360595 0.1368938446044922 0.16911301612854004
