2 0.16824541091918946 0.32039947509765626 0.16862263679504394 0.13187308311462403
2 0.17840044498443602 0.4249687075614929 0.1248359203338623 0.12936708927154542
2 0.23994734287261962 0.5250280857086181 0.13643555641174315 0.12602815628051758
1 0.286810564994812 0.6106116294860839 0.12258849143981934 0.10156421661376953
0 0.3791272401809692 0.6500862121582032 0.1133389949798584 0.09101390838623047
0 0.47585477828979494 0.6537160873413086 0.10370197296142578 0.10146598815917969
0 0.5686192035675048 0.6538097381591796 0.10178489685058593 0.09711933135986328
0 0.6573260307312012 0.6313987731933594 0.1099639892578125 0.10075340270996094
1 0.7210934638977051 0.5841584205627441 0.11947612762451172 0.12326889038085938
2 0.7640944957733155 0.49062156677246094 0.1278914451599121 0.12812976837158202
2 0.8089797019958496 0.3689570426940918 0.14195594787597657 0.14979991912841797
2 0.8302919626235962 0.25911908149719237 0.16905665397644043 0.1184349536895752
