2 0.14556992352008818 0.6990122318267822 0.1408988893032074 0.1068185806274414
2 0.15749101340770721 0.6045710563659668 0.12057719826698303 0.10054740905761719
2 0.2030256688594818 0.5225327491760254 0.14690829515457154 0.11733617782592773
1 0.24506273865699768 0.42788128852844237 0.11521033048629761 0.10617456436157227
0 0.3446045875549316 0.36369686126708983 0.11547060012817383 0.08116989135742188
0 0.4752397060394287 0.34371557235717776 0.12427701950073242 0.08659229278564454
0 0.618856143951416 0.35618767738342283 0.12002716064453126 0.08555097579956054
0 0.7170013427734375 0.3913534164428711 0.10677375793457031 0.09427680969238281
1 0.7921133518218995 0.47035942077636717 0.12686433792114257 0.12640342712402344
2 0.8142408132553101 0.526544189453125 0.145872163772583 0.06655683517456054
2 0.8252567529678345 0.5635754585266113 0.16019129753112793 0.11398143768310547
2 0.8674827575683594 0.7465386390686035 0.15583934783935546 0.09398384094238281
