2 0.1372505396604538 0.41893782615661623 0.08371196389198303 0.08497495651245117
2 0.20444069504737855 0.4335174083709717 0.09776886701583862 0.09527673721313476
1 0.29372501373291016 0.4345841884613037 0.1250321388244629 0.12613353729248047
1 0.29623117446899416 0.49960646629333494 0.10948553085327148 0.10120563507080078
0 0.3743873119354248 0.5207969665527343 0.1116109848022461 0.10453262329101562
0 0.4135924458503723 0.44280457496643066 0.12478578090667725 0.11445627212524415
0 0.4686539649963379 0.5385103702545166 0.11004314422607422 0.14692440032958984
0 0.5304077625274658 0.45598769187927246 0.13925485610961913 0.12536840438842772
0 0.5648070335388183 0.5384759902954102 0.11482915878295899 0.15319137573242186
0 0.6478605270385742 0.4544072151184082 0.11840438842773438 0.1449138641357422
1 0.7218369483947754 0.4894571304321289 0.06777658462524414 0.09271717071533203
0 0.7609142303466797 0.4527449131011963 0.10950813293457032 0.12016754150390625
1 0.8418588876724243 0.45374531745910646 0.0841865062713623 0.1020009994506836
