1 0.24365763664245604 0.4550174713134766 0.07980108261108398 0.057965660095214845
1 0.26657814979553224 0.5063506126403808 0.10310773849487305 0.1071319580078125
0 0.3310595750808716 0.44744073152542113 0.11880888938903808 0.09918515682220459
0 0.3495187759399414 0.5185216903686524 0.12200984954833985 0.12692794799804688
0 0.4492206573486328 0.5299850940704346 0.12141494750976563 0.10926017761230469
0 0.4740779876708984 0.4591074466705322 0.13865089416503906 0.09921321868896485
0 0.5994638442993164 0.5075972557067872 0.16705093383789063 0.17474937438964844
0 0.6699983596801757 0.5411996364593505 0.08783330917358398 0.12990598678588866
0 0.7279788970947265 0.4850300788879395 0.10962448120117188 0.09488697052001953
1 0.7423704147338868 0.5509743213653564 0.09276180267333985 0.1205979347229004
2 0.808590316772461 0.5482850074768066 0.10189647674560547 0.09979724884033203
2 0.8129027366638184 0.5659651756286621 0.10025444030761718 0.08077640533447265
1 0.8085153341293335 0.5030610084533691 0.08988728523254394 0.10050945281982422
