2 0.11122429668903351 0.6645720481872559 0.17688512206077575 0.09371757507324219
2 0.13646600246429444 0.593789005279541 0.1859506130218506 0.11056041717529297
2 0.18914384841918946 0.5208882331848145 0.17844176292419434 0.11009273529052735
1 0.24363169074058533 0.4412032127380371 0.12942973375320435 0.11074895858764648
0 0.333493709564209 0.3610861301422119 0.13101043701171874 0.10852794647216797
0 0.4834451794624329 0.33731133937835694 0.2424396276473999 0.12293171882629395
0 0.7955910205841065 0.420227575302124 0.13211164474487305 0.10026578903198242
2 0.8587217569351197 0.5647235870361328 0.15811572074890137 0.1022378921508789
2 0.8760875701904297 0.7010452270507812 0.15889434814453124 0.08695125579833984
2 0.8740161657333374 0.6392985820770264 0.15371975898742676 0.0987579345703125
1 0.8578240394592285 0.4973121643066406 0.11932315826416015 0.10643062591552735
