2 0.08795945644378662 0.6060530662536621 0.1746419906616211 0.12130870819091796
2 0.0859488606452942 0.5817015647888184 0.16795039176940918 0.09996118545532226
2 0.09610463976860047 0.6626935958862304 0.16218684911727904 0.08026933670043945
2 0.11429023742675781 0.5168072700500488 0.17067975997924806 0.09719905853271485
2 0.15798100233078002 0.45325020551681516 0.1818074941635132 0.11493055820465088
1 0.2006156027317047 0.39936490058898927 0.11631621122360229 0.09374799728393554
0 0.2804405927658081 0.3313266754150391 0.12911200523376465 0.07879772186279296
0 0.43903627395629885 0.3186410665512085 0.20048017501831056 0.08598246574401855
0 0.637013292312622 0.3235759258270264 0.21175603866577147 0.08929548263549805
0 0.7894783973693847 0.3767896890640259 0.12658462524414063 0.10777411460876465
2 0.7887697219848633 0.696465015411377 0.09011402130126953 0.08461532592773438
2 0.8630434036254883 0.4957409381866455 0.19208221435546874 0.12167272567749024
2 0.8872689962387085 0.6733439922332763 0.2170055866241455 0.10558595657348632
1 0.8491100549697876 0.43007506132125856 0.12757372856140137 0.09409773349761963
2 0.8813511848449707 0.5665757656097412 0.17995033264160157 0.09144020080566406
2 0.8919294357299805 0.6221196174621582 0.19659671783447266 0.10333118438720704
