2 0.14188435077667236 0.41827096939086916 0.08640580177307129 0.08396806716918945
2 0.1641071081161499 0.5052317142486572 0.09930224418640136 0.07747535705566407
1 0.22220959663391113 0.41630393266677856 0.12351803779602051 0.10813062191009522
2 0.22019288539886475 0.5486585617065429 0.10263848304748535 0.10215282440185547
1 0.2826550006866455 0.5608564376831054 0.09064455032348633 0.11597156524658203
0 0.333082389831543 0.4331977844238281 0.11925210952758789 0.1238926887512207
0 0.3646249771118164 0.5650904655456543 0.10234413146972657 0.1080087661743164
0 0.4527478337287903 0.4564997673034668 0.15547235012054444 0.1328667640686035
0 0.4579805374145508 0.5601578235626221 0.1176865577697754 0.11960458755493164
0 0.5762356758117676 0.5613677978515625 0.11990966796875 0.0996694564819336
0 0.59967942237854 0.46237750053405763 0.1491560935974121 0.12151155471801758
0 0.6773021697998047 0.5503813743591308 0.10243091583251954 0.09026260375976562
0 0.7065834999084473 0.44515304565429686 0.09869155883789063 0.09852676391601563
1 0.745937728881836 0.5343565464019775 0.0811685562133789 0.08584737777709961
1 0.791813325881958 0.43556336164474485 0.10443658828735351 0.09491980075836182
2 0.7945024013519287 0.5241044998168946 0.09860773086547851 0.08863182067871093
