2 0.09033641219139099 0.533089017868042 0.18067282438278198 0.1418158531188965
2 0.08310062885284424 0.5724679946899414 0.16620125770568847 0.14382705688476563
2 0.0817456603050232 0.5982212066650391 0.1634913206100464 0.09626903533935546
2 0.06485159397125244 0.6792726516723633 0.1295896053314209 0.15452280044555664
1 0.11322885751724243 0.4090140342712402 0.16926133632659912 0.14433326721191406
0 0.17300374209880828 0.28383607864379884 0.16923070549964905 0.13921241760253905
0 0.3772543430328369 0.22827811241149903 0.2611072540283203 0.18246655464172362
0 0.6299251079559326 0.2578925371170044 0.25105838775634765 0.20526518821716308
0 0.7944698333740234 0.32084641456604 0.14194831848144532 0.15983715057373046
1 0.8328975677490235 0.40267291069030764 0.1655740737915039 0.10651512145996093
2 0.8760074853897095 0.535899543762207 0.22459139823913574 0.15014171600341797
2 0.8936347961425781 0.6233416557312011 0.20376110076904297 0.11045169830322266
2 0.9120690822601318 0.7124276161193848 0.17586183547973633 0.1408517837524414
