2 0.10608034133911133 0.5349263191223145 0.11350860595703124 0.10484066009521484
2 0.11069316864013672 0.4531954288482666 0.10115270614624024 0.10823678970336914
2 0.16775960922241212 0.5569575309753418 0.11944847106933594 0.1027719497680664
1 0.1875049352645874 0.454438304901123 0.0919917106628418 0.11769084930419922
1 0.2239614725112915 0.599547004699707 0.11444644927978516 0.09271106719970704
0 0.27151617407798767 0.43059563636779785 0.15734492540359496 0.18026952743530272
0 0.3321722984313965 0.6036645889282226 0.13086166381835937 0.13644275665283204
0 0.42753182649612426 0.4269986629486084 0.20476891994476318 0.23790197372436522
0 0.45041760206222536 0.6078769207000733 0.14990770816802979 0.19087724685668944
0 0.5764435768127442 0.6047286987304688 0.1514617919921875 0.19745349884033203
0 0.6122590065002441 0.43897809982299807 0.2165994644165039 0.19652223587036133
0 0.6944479942321777 0.5882866859436036 0.12977447509765624 0.17995662689208985
0 0.7745472908020019 0.4184125423431396 0.15218429565429686 0.17567195892333984
1 0.7877192497253418 0.5893386840820313 0.10685615539550782 0.111553955078125
2 0.8646615743637085 0.5294191360473632 0.16207318305969237 0.12376842498779297
2 0.8439970016479492 0.5476901531219482 0.11940994262695312 0.10477218627929688
1 0.8541501998901367 0.44573378562927246 0.07322883605957031 0.11337299346923828
2 0.8845172882080078 0.5166215896606445 0.12145347595214843 0.100958251953125
2 0.9232112884521484 0.4094692349433899 0.10371894836425781 0.09688317775726318
