2 0.12951140403747557 0.3139475107192993 0.2067338466644287 0.193880033493042
2 0.19083988666534424 0.47153172492980955 0.176558256149292 0.19317178726196288
1 0.24300405979156495 0.6034543991088868 0.11829042434692383 0.08373012542724609
0 0.3309244871139526 0.6669194221496582 0.16187386512756347 0.13201122283935546
0 0.43790907859802247 0.6986969947814942 0.15898475646972657 0.1627330780029297
0 0.5761931419372559 0.6914144039154053 0.15844383239746093 0.1817917823791504
0 0.7012333869934082 0.6574136734008789 0.15707530975341796 0.16044511795043945
1 0.8070314407348633 0.5857601642608643 0.11288337707519532 0.11461715698242188
2 0.859338355064392 0.4429184436798096 0.16654820442199708 0.17854042053222657
2 0.9342022895812988 0.29889507293701173 0.10937862396240235 0.12397127151489258
