2 0.13571141958236693 0.5369444847106933 0.1073009729385376 0.11256465911865235
2 0.12206709682941437 0.4727949619293213 0.06060914397239685 0.05879335403442383
2 0.16168513298034667 0.4745176315307617 0.07195572853088379 0.07935085296630859
2 0.2015907049179077 0.5246572971343995 0.10182976722717285 0.09233407974243164
1 0.21587512493133545 0.4691328525543213 0.09262008666992187 0.08868722915649414
1 0.2589242458343506 0.5274609565734864 0.1040236473083496 0.11200294494628907
0 0.31252479553222656 0.5076794147491455 0.13029556274414061 0.09796104431152344
0 0.33183047771453855 0.5092647552490235 0.09253144264221191 0.09582748413085937
0 0.4167008280754089 0.43120460510253905 0.17953779697418212 0.10971307754516602
0 0.41722812652587893 0.5341603279113769 0.1114511489868164 0.1623819351196289
0 0.5155529499053955 0.5199499130249023 0.11823930740356445 0.1670999526977539
0 0.5409557342529296 0.42113256454467773 0.11590366363525391 0.10163955688476563
0 0.6008594512939454 0.49691162109375 0.09855670928955078 0.10048904418945312
1 0.6844709396362305 0.5365810394287109 0.10305995941162109 0.14925212860107423
1 0.7317577362060547 0.4606809139251709 0.10455951690673829 0.09814157485961914
2 0.7637529850006104 0.5396590232849121 0.1084364891052246 0.13542098999023439
2 0.8025148153305054 0.4689459800720215 0.07581753730773926 0.07919349670410156
2 0.8304413795471192 0.5247154235839844 0.10251426696777344 0.11132526397705078
2 0.8606929779052734 0.450178337097168 0.0810211181640625 0.08959331512451171
2 0.8871547698974609 0.44171533584594724 0.06185150146484375 0.07939319610595703
