2 0.10911276340484619 0.3257877349853516 0.19142208099365235 0.17705421447753905
2 0.11813049614429474 0.20632965564727784 0.15272340178489685 0.12387776374816895
2 0.15040395259857178 0.5082397937774659 0.17989306449890136 0.14004993438720703
2 0.17832263708114623 0.6080890655517578 0.17534992694854737 0.1386434555053711
1 0.2517810881137848 0.6954574108123779 0.16880854368209838 0.12451457977294922
0 0.33594048023223877 0.7883976936340332 0.18160653114318848 0.12207317352294922
0 0.49049930572509765 0.792318058013916 0.16174793243408203 0.14256858825683594
0 0.6416233062744141 0.7998410224914551 0.17023868560791017 0.13288841247558594
0 0.756531810760498 0.7690546035766601 0.1744821548461914 0.11658973693847656
1 0.8284243583679199 0.6843616485595703 0.17215499877929688 0.114007568359375
2 0.8855445861816407 0.609282398223877 0.16557960510253905 0.11675167083740234
2 0.9113710403442383 0.5199090957641601 0.15778121948242188 0.1311319351196289
2 0.9083196640014648 0.2481543481349945 0.15033378601074218 0.16666070222854615
