2 0.1723610758781433 0.6616262435913086 0.16991794109344482 0.12282981872558593
2 0.2028137445449829 0.5916075706481934 0.15057196617126464 0.10021133422851562
2 0.24957327246665956 0.5067215919494629 0.14669762849807738 0.1072072982788086
1 0.27346503734588623 0.421340799331665 0.11991429328918457 0.13251304626464844
0 0.32825117111206054 0.37426133155822755 0.10558757781982422 0.11231441497802734
0 0.435197114944458 0.33794093132019043 0.14226713180541992 0.12878599166870117
0 0.5576506614685058 0.3340251684188843 0.1303386688232422 0.12824392318725586
0 0.6597517967224121 0.35353827476501465 0.09906158447265626 0.10032281875610352
1 0.7265759468078613 0.4123815655708313 0.1333622932434082 0.10606648921966552
2 0.7565972328186035 0.500083065032959 0.151983642578125 0.12795276641845704
2 0.7884963035583497 0.5748056888580322 0.14722728729248047 0.11590757369995117
2 0.8240378379821778 0.6446774482727051 0.16509017944335938 0.11214485168457031
2 0.8244277954101562 0.6986096858978271 0.14995937347412108 0.06773767471313477
