2 0.16962969303131104 0.22670271396636962 0.18726630210876466 0.13754620552062988
2 0.1816205620765686 0.3626535654067993 0.19879729747772218 0.1891303539276123
2 0.21924831867218017 0.5004453182220459 0.17125358581542968 0.17457151412963867
1 0.2605243682861328 0.6127659797668457 0.11723918914794922 0.1339895248413086
0 0.32522130012512207 0.679122018814087 0.10579338073730468 0.10565118789672852
0 0.41664656400680544 0.716341781616211 0.12619879245758056 0.10277042388916016
0 0.5380627632141113 0.7287290573120118 0.11710968017578124 0.11809463500976562
0 0.6222248554229737 0.7082886219024658 0.1084482192993164 0.10302944183349609
1 0.7023762226104736 0.6588658332824707 0.1207667350769043 0.1356962203979492
2 0.7672698974609375 0.550808048248291 0.16706066131591796 0.18179683685302733
2 0.8404653787612915 0.41026949882507324 0.1846705913543701 0.1668405532836914
2 0.8438522338867187 0.37980093955993655 0.17571144104003905 0.10394458770751953
