2 0.12075858414173127 0.4765036582946777 0.08855199217796325 0.06829051971435547
2 0.14944841861724853 0.5159754753112793 0.08475608825683593 0.09451618194580078
1 0.14319255352020263 0.438967227935791 0.07088475227355957 0.07249441146850585
0 0.20087613463401793 0.43500432968139646 0.09889136552810669 0.11239833831787109
1 0.20407472252845765 0.5366466522216797 0.0914768099784851 0.11236953735351562
0 0.27718520164489746 0.5271420478820801 0.09822568893432618 0.11756839752197265
0 0.29964845180511473 0.4295639514923096 0.14033608436584472 0.13596935272216798
0 0.36443524360656737 0.5380267143249512 0.11444425582885742 0.15079669952392577
0 0.44118901491165163 0.4309089660644531 0.1710365056991577 0.11706123352050782
0 0.46633186340332033 0.5333921432495117 0.11237640380859375 0.14460716247558594
0 0.5713029861450195 0.5285844802856445 0.1195765495300293 0.1319032669067383
0 0.5969366550445556 0.4393744468688965 0.16066913604736327 0.10360956192016602
0 0.6633110046386719 0.5251272678375244 0.11124076843261718 0.12988719940185547
0 0.7246996879577636 0.4377585411071777 0.11919536590576171 0.10903081893920899
1 0.730611515045166 0.5290395736694335 0.08594074249267578 0.11404733657836914
2 0.7810830116271973 0.5313255310058593 0.06269912719726563 0.11332969665527344
1 0.7901433944702149 0.4386448860168457 0.07660045623779296 0.09113111495971679
2 0.8129785537719727 0.5171103477478027 0.07174854278564453 0.10605049133300781
2 0.8299535751342774 0.4351806640625 0.059091949462890626 0.07833642959594726
