2 0.13906039893627167 0.3798089027404785 0.18493271470069886 0.15344276428222656
2 0.16964077651500703 0.47757301330566404 0.1764316141605377 0.13887062072753906
2 0.2146531343460083 0.5797553539276123 0.17308716773986815 0.1532731056213379
1 0.2944350719451904 0.6738537311553955 0.1479930877685547 0.13162584304809571
0 0.40555291175842284 0.7253700256347656 0.15575113296508789 0.16846179962158203
0 0.5332633495330811 0.7434069633483886 0.15256729125976562 0.18059329986572265
0 0.6653014183044433 0.7447178840637207 0.15126380920410157 0.17111053466796874
0 0.7521955013275147 0.6996030807495117 0.1407862663269043 0.15508556365966797
1 0.825930118560791 0.6738290786743164 0.16441631317138672 0.15600814819335937
2 0.8560385704040527 0.5610640525817872 0.18421802520751954 0.14733715057373048
2 0.86648588180542 0.46458163261413576 0.17043209075927734 0.12601137161254883
2 0.8680373191833496 0.3642920970916748 0.16670761108398438 0.14438886642456056
2 0.8530717611312866 0.25558677315711975 0.1308495044708252 0.13535460233688354
