1 0.1742459535598755 0.5133358478546143 0.13556456565856934 0.12923030853271483
1 0.2306278705596924 0.5614643096923828 0.1151355266571045 0.1451629638671875
0 0.32339332103729246 0.58010892868042 0.1100034236907959 0.10277595520019531
0 0.3766021251678467 0.48508148193359374 0.19625205993652345 0.16959266662597655
0 0.4322474002838135 0.5995217323303222 0.1358769416809082 0.17654914855957032
0 0.5610537052154541 0.4706474781036377 0.20644235610961914 0.17462482452392578
0 0.5437126636505127 0.5922627925872803 0.1309955596923828 0.13879785537719727
0 0.6513544082641601 0.5763465881347656 0.11758289337158204 0.1368804931640625
0 0.7206057548522949 0.46041890382766726 0.15085992813110352 0.13391587734222413
1 0.7559486389160156 0.5809515953063965 0.12381248474121094 0.15197877883911132
1 0.8248824834823608 0.5207947254180908 0.09980015754699707 0.1254831314086914
2 0.8638910293579102 0.5946845054626465 0.08310966491699219 0.07469072341918945
