2 0.11692991256713867 0.6987602233886718 0.2037602424621582 0.06818675994873047
2 0.12486848831176758 0.6237814903259278 0.1972064971923828 0.14841222763061523
1 0.15004286766052247 0.5129261016845703 0.15976128578186036 0.1547229766845703
0 0.214123672246933 0.4158174395561218 0.12020913362503052 0.12595598697662352
0 0.36632480621337893 0.39687814712524416 0.1385502815246582 0.10990028381347657
0 0.5342061042785644 0.3696008205413818 0.14261255264282227 0.0838714599609375
0 0.6466787338256836 0.3781437397003174 0.11434097290039062 0.10162420272827148
1 0.7389068126678466 0.43523446321487425 0.16586503982543946 0.15188233852386473
2 0.8016473770141601 0.5306731700897217 0.19709205627441406 0.19842662811279296
2 0.8652436256408691 0.6353891849517822 0.22301673889160156 0.1610274314880371
