2 0.08319519162178039 0.6475525856018066 0.1652875065803528 0.14929580688476562
2 0.0629876971244812 0.7439774513244629 0.12449276447296143 0.1112478256225586
2 0.09620581865310669 0.5291110038757324 0.17087359428405763 0.13733358383178712
1 0.11943752765655517 0.42052422761917113 0.10176849365234375 0.09391477108001708
0 0.25274484157562255 0.3141781330108643 0.14694538116455078 0.12245254516601563
0 0.3960308074951172 0.24097036719322204 0.20725040435791015 0.12757922410964967
0 0.59982271194458 0.26393088698387146 0.19007720947265624 0.130536949634552
0 0.7412843704223633 0.3723937749862671 0.11907482147216797 0.11243338584899902
2 0.8207786560058594 0.6869668960571289 0.20882225036621094 0.13961849212646485
2 0.8125458717346191 0.5727322578430176 0.17806262969970704 0.14523448944091796
1 0.8062040567398071 0.461902379989624 0.1301562786102295 0.10127544403076172
2 0.84644775390625 0.7843297958374024 0.16508522033691406 0.09432697296142578
