2 0.09598138928413391 0.35366775989532473 0.1706126093864441 0.12163300514221191
2 0.12026628255844116 0.4605459332466125 0.18047668933868408 0.12459313869476318
2 0.17637259960174562 0.560218334197998 0.18653717041015624 0.15833263397216796
1 0.23664135932922364 0.6199517250061035 0.13929572105407714 0.16700363159179688
0 0.3388932228088379 0.6603253841400146 0.14539966583251954 0.14103899002075196
0 0.42315964698791503 0.673189353942871 0.12901525497436522 0.1153451919555664
0 0.5425718307495118 0.6744368553161622 0.1384897232055664 0.10270061492919921
0 0.6414059638977051 0.642567253112793 0.15316829681396485 0.11349124908447265
1 0.7608026981353759 0.6087424278259277 0.1613457679748535 0.15758533477783204
2 0.8304848670959473 0.5407107830047607 0.19112777709960938 0.17782068252563477
2 0.9068350315093994 0.3600104570388794 0.18632993698120118 0.18613219261169434
