2 0.141435906291008 0.4398807048797607 0.09902530312538146 0.10658578872680664
2 0.15151091814041137 0.5384310722351074 0.09523060321807861 0.13184032440185547
2 0.19450997114181517 0.5727649688720703 0.09687058925628662 0.15136985778808593
1 0.21086552143096923 0.45810732841491697 0.10246295928955078 0.13839273452758788
0 0.28459055423736573 0.4459649085998535 0.14548568725585936 0.13749494552612304
1 0.26599907875061035 0.5685830116271973 0.10433177947998047 0.16265830993652344
0 0.36372430324554444 0.5870832443237305 0.15136303901672363 0.18350505828857422
0 0.45159015655517576 0.4464765667915344 0.2315065383911133 0.160593581199646
0 0.48790874481201174 0.5907155990600585 0.15831375122070312 0.19713077545166016
0 0.6250920772552491 0.5863741874694824 0.16973676681518554 0.19653244018554689
0 0.6636234283447265 0.4453153610229492 0.2367422103881836 0.15713329315185548
0 0.7681369781494141 0.5684410095214844 0.16697330474853517 0.1881765365600586
0 0.8305057525634766 0.4346888542175293 0.13813743591308594 0.1029144287109375
1 0.891050148010254 0.5410659313201904 0.13076515197753907 0.16700210571289062
1 0.9334906578063965 0.4485504627227783 0.10306453704833984 0.10020265579223633
2 0.9673748970031738 0.5394859313964844 0.06525020599365235 0.11853237152099609
