2 0.22094290256500243 0.4921603202819824 0.10458626747131347 0.08187198638916016
1 0.24320502281188966 0.4888138294219971 0.08344020843505859 0.08262996673583985
0 0.3178819179534912 0.4922761917114258 0.10657720565795899 0.125555419921875
1 0.32442317008972166 0.5676313877105713 0.08759450912475586 0.08961801528930664
0 0.42035584449768065 0.5020227551460266 0.14943437576293944 0.2180743932723999
0 0.40239839553833007 0.5783592224121094 0.09540109634399414 0.07603740692138672
0 0.4905863761901855 0.5777694702148437 0.0862619400024414 0.08245792388916015
0 0.5439853668212891 0.5023589253425598 0.16381454467773438 0.22134034633636473
0 0.5766976356506348 0.5738691329956055 0.09003314971923829 0.07965583801269531
0 0.6633172988891601 0.4763054370880127 0.1194528579711914 0.13377561569213867
0 0.666375732421875 0.5561173439025879 0.113763427734375 0.12005996704101562
1 0.759885025024414 0.47463235855102537 0.1171884536743164 0.10823841094970703
1 0.7504867553710938 0.5480145454406739 0.09731502532958984 0.09636096954345703
2 0.8200751304626465 0.5327060699462891 0.09275302886962891 0.07302703857421874
2 0.8314132928848267 0.48369588851928713 0.08907732963562012 0.10765495300292968
2 0.8881671905517579 0.4837802886962891 0.08186721801757812 0.08811416625976562
