2 0.09243459701538086 0.606437873840332 0.17407708168029784 0.09658679962158204
2 0.08434443473815918 0.5087550163269043 0.13789353370666504 0.1546873092651367
2 0.1341365694999695 0.6696229934692383 0.2102743864059448 0.08826580047607421
1 0.105502450466156 0.5016966819763183 0.09997775554656982 0.15555315017700194
0 0.246614408493042 0.4514592170715332 0.1960395336151123 0.15153131484985352
0 0.4513868808746338 0.43531941175460814 0.2129495620727539 0.16956579685211182
1 0.6475274085998535 0.46707792282104493 0.1257781982421875 0.1369935989379883
2 0.759470272064209 0.5105772972106933 0.1199960708618164 0.09280319213867187
2 0.8079188346862793 0.6100728988647461 0.15493106842041016 0.1052358627319336
2 0.8267755746841431 0.6293684959411621 0.1144031047821045 0.06646709442138672
