2 0.16365926563739777 0.4576866149902344 0.13069061636924745 0.10116214752197265
2 0.18902997970581054 0.5449790954589844 0.1323190689086914 0.10300884246826172
1 0.2250668466091156 0.6336788177490235 0.1413830876350403 0.11620655059814453
0 0.27966017723083497 0.6837431907653808 0.13672113418579102 0.11134929656982422
0 0.36125686168670657 0.7205401420593261 0.11241002082824707 0.11124649047851562
0 0.4481377124786377 0.722174072265625 0.10587835311889648 0.11336174011230468
0 0.5496442317962646 0.714294147491455 0.11617670059204102 0.12631359100341796
1 0.6425038337707519 0.6899617671966553 0.11487445831298829 0.13225412368774414
2 0.7095297813415528 0.6199790954589843 0.1245347023010254 0.12011756896972656
2 0.7471322536468505 0.5347509384155273 0.12876806259155274 0.1190413475036621
2 0.7882311820983887 0.43171210289001466 0.16609058380126954 0.15080909729003905
