2 0.13359161615371704 0.5875887870788574 0.08701660633087158 0.1266183853149414
2 0.16920702755451203 0.49645318984985354 0.1532824456691742 0.10024127960205079
2 0.19329301118850709 0.5996514320373535 0.11491358280181885 0.15520496368408204
0 0.3234532833099365 0.4497625470161438 0.22053632736206055 0.1297679662704468
1 0.27812488079071046 0.6065108776092529 0.1294492244720459 0.15337648391723632
0 0.39887170791625975 0.6035967350006104 0.14138326644897461 0.11611194610595703
0 0.5244712352752685 0.46605725288391114 0.18070878982543945 0.1316239356994629
0 0.5198939323425293 0.6160491943359375 0.13604507446289063 0.1583648681640625
0 0.6341266632080078 0.592217493057251 0.1089212417602539 0.12219457626342774
1 0.6575238704681396 0.4701539993286133 0.12852821350097657 0.10120792388916015
1 0.7189074516296386 0.5857943058013916 0.1087076187133789 0.14054393768310547
2 0.7887024879455566 0.5773385047912598 0.11786060333251953 0.14664230346679688
1 0.7804876327514648 0.4763307571411133 0.09091339111328126 0.08609561920166016
2 0.8399193763732911 0.47945270538330076 0.09853954315185547 0.07250728607177734
