2 0.13105157613754273 0.4567777156829834 0.0999176025390625 0.12525157928466796
1 0.21326086521148682 0.4493752598762512 0.11498517990112304 0.1609750509262085
2 0.24901840686798096 0.5534298419952393 0.09310622215270996 0.09769506454467773
0 0.3096167802810669 0.4787651181221008 0.12305140495300293 0.1585225820541382
1 0.2968376398086548 0.564669132232666 0.09154210090637208 0.09243221282958984
0 0.3831902742385864 0.5792559623718262 0.12431139945983886 0.0912252426147461
0 0.4302990436553955 0.48513240814208985 0.16956853866577148 0.19869890213012695
0 0.47344484329223635 0.5874716281890869 0.11248397827148438 0.0800623893737793
0 0.5819738388061524 0.482122802734375 0.17303829193115233 0.201959228515625
0 0.6030797004699707 0.5715861320495605 0.1927034378051758 0.10081024169921875
0 0.5717652320861817 0.585743522644043 0.12043399810791015 0.0647735595703125
0 0.6445055961608886 0.5686310768127442 0.10431537628173829 0.09435253143310547
0 0.6993164539337158 0.48466949462890624 0.10932807922363282 0.1511836051940918
1 0.7293915748596191 0.553123664855957 0.09466304779052734 0.07406005859375
1 0.7877689838409424 0.46208677291870115 0.10718450546264649 0.12260961532592773
2 0.788940143585205 0.5340946197509766 0.0737264633178711 0.06383066177368164
2 0.8530241012573242 0.48202691078186033 0.08901596069335938 0.10724248886108398
