2 0.08471355438232422 0.665570878982544 0.1662290096282959 0.11381044387817382
2 0.1156130313873291 0.5903407096862793 0.17986860275268554 0.1298074722290039
2 0.15288738012313843 0.5301055431365966 0.1635209798812866 0.126784610748291
1 0.19284409284591675 0.4710982322692871 0.1212083101272583 0.12021827697753906
0 0.27734851837158203 0.40624513626098635 0.16173439025878905 0.13546466827392578
0 0.4229466915130615 0.33852362632751465 0.18976888656616211 0.147293758392334
0 0.6244232177734375 0.40835886001586913 0.19287281036376952 0.16715269088745116
0 0.7625685214996338 0.45912827253341676 0.14262399673461915 0.1462475061416626
2 0.8262059211730957 0.6862261295318604 0.19906578063964844 0.11922674179077149
2 0.8201333999633789 0.6129647254943847 0.18431777954101564 0.1193756103515625
2 0.8048317909240723 0.7568397045135498 0.15331993103027344 0.09479665756225586
1 0.8103036880493164 0.5441298484802246 0.1380239486694336 0.1379486083984375
