2 0.15817879438400267 0.7196925163269043 0.17039568424224855 0.08819961547851562
2 0.1574912428855896 0.6493570327758789 0.16268398761749267 0.13049278259277344
2 0.17123403251171113 0.5531887531280517 0.15622463822364807 0.12115192413330078
1 0.19699461460113527 0.48259472846984863 0.12083888053894043 0.08598556518554687
1 0.22917142510414124 0.4077599048614502 0.10498541593551636 0.09770278930664063
0 0.2443678617477417 0.4056845188140869 0.11667308807373047 0.09824018478393555
0 0.3606938123703003 0.335885214805603 0.173555326461792 0.09392833709716797
0 0.5301692008972168 0.4268867015838623 0.17739200592041016 0.11130895614624023
0 0.6439947128295899 0.37932720184326174 0.1169809341430664 0.10532417297363281
2 0.7392874717712402 0.4734174728393555 0.11786632537841797 0.07425661087036133
2 0.7731803894042969 0.5159167289733887 0.17598381042480468 0.1307445526123047
2 0.7960196495056152 0.626803207397461 0.17749900817871095 0.14470176696777343
2 0.8000090599060059 0.6800100326538085 0.17804126739501952 0.07507495880126953
1 0.7561153411865235 0.42472004890441895 0.08865585327148437 0.07505426406860352
2 0.8097172737121582 0.7197061061859131 0.18665542602539062 0.10259866714477539
