2 0.16353814601898192 0.47190065383911134 0.07302618026733398 0.09154586791992188
1 0.2174752175807953 0.4719247341156006 0.09814378023147582 0.10965843200683593
2 0.2184117317199707 0.5324678421020508 0.06936917304992676 0.0700439453125
0 0.2557041168212891 0.4507760047912598 0.08173351287841797 0.11873998641967773
1 0.2602949619293213 0.53961181640625 0.06939144134521484 0.0975423812866211
0 0.3310167551040649 0.5612950325012207 0.11477465629577636 0.1062591552734375
0 0.3593598365783691 0.44666132926940916 0.17145109176635742 0.2122570037841797
0 0.42137579917907714 0.5683965682983398 0.11189002990722656 0.1248382568359375
0 0.5219875335693359 0.4539993166923523 0.19213275909423827 0.20318377017974854
0 0.5212339401245117 0.581482219696045 0.11614723205566406 0.11308479309082031
0 0.6219874382019043 0.5672005176544189 0.11716232299804688 0.13194551467895507
0 0.6651585578918457 0.441450309753418 0.14124584197998047 0.16753273010253905
1 0.7107894897460938 0.5499643325805664 0.09429731369018554 0.12326526641845703
0 0.7484630584716797 0.45715818405151365 0.08661537170410157 0.11416339874267578
2 0.767112398147583 0.5364638328552246 0.08608274459838867 0.0997396469116211
1 0.8135653495788574 0.46543521881103517 0.09889945983886719 0.12218189239501953
2 0.819110107421875 0.5246119022369384 0.08475074768066407 0.07377099990844727
2 0.8474187850952148 0.4744846343994141 0.04644355773925781 0.06770515441894531