2 0.09091227650642394 0.2796331405639648 0.18160146474838257 0.13757405281066895
2 0.10870250463485717 0.3909468173980713 0.19982378482818602 0.1503908157348633
2 0.1537196159362793 0.49705820083618163 0.1790311336517334 0.16941604614257813
1 0.20530824065208436 0.5874882698059082 0.10457831621170044 0.08290443420410157
0 0.2955448627471924 0.6517397880554199 0.1477574348449707 0.17625951766967773
0 0.4258746266365051 0.6590566635131836 0.1504750967025757 0.15438308715820312
0 0.5557830810546875 0.6523267745971679 0.14055585861206055 0.1381157875061035
0 0.669887924194336 0.637940502166748 0.1241546630859375 0.14026203155517578
2 0.7655584812164307 0.5181278228759766 0.16691961288452148 0.16885032653808593
2 0.7934659004211426 0.42180557250976564 0.18798484802246093 0.14484376907348634
2 0.832088565826416 0.32613387107849123 0.18060302734375 0.13957691192626953
