2 0.19852514266967775 0.31516480445861816 0.15904645919799804 0.12554197311401366
2 0.20502402782440185 0.4144940495491028 0.16657586097717286 0.129068922996521
2 0.2240372598171234 0.4781492233276367 0.13461848497390747 0.10250606536865234
1 0.2296884298324585 0.5445530891418457 0.09368891716003418 0.1345754623413086
0 0.3057647466659546 0.550454044342041 0.10689144134521485 0.13463287353515624
0 0.3806584358215332 0.5658568859100341 0.1134674072265625 0.11889791488647461
0 0.48309917449951173 0.5570852279663085 0.11513128280639648 0.10422229766845703
0 0.583256196975708 0.5402755737304688 0.11640663146972656 0.09158468246459961
1 0.6730479240417481 0.5359065055847168 0.10488910675048828 0.08521661758422852
2 0.7519354820251465 0.508281946182251 0.14477672576904296 0.12488164901733398
2 0.8144913673400879 0.4468353748321533 0.18397769927978516 0.14216365814208984
2 0.8195196151733398 0.41756170988082886 0.1761260986328125 0.10168192386627198
