2 0.15774569511413575 0.4716961860656738 0.07542586326599121 0.08144245147705079
2 0.20491516590118408 0.5609208106994629 0.11273279190063476 0.10588321685791016
1 0.21350936889648436 0.4703067302703857 0.08722634315490722 0.11260805130004883
1 0.2741818904876709 0.5794201850891113 0.10821237564086914 0.11853408813476562
0 0.3009657859802246 0.4823917388916016 0.12851285934448242 0.14020891189575196
0 0.36570775508880615 0.5837954521179199 0.11049504280090332 0.12658615112304689
0 0.43856574296951295 0.4963324546813965 0.18097074031829835 0.16048965454101563
0 0.4632721900939941 0.6016444206237793 0.12042217254638672 0.12906532287597655
0 0.5596808433532715 0.6053956031799317 0.11500740051269531 0.14128284454345702
0 0.6110879898071289 0.5173632621765136 0.18103103637695311 0.1590017318725586
0 0.6551460266113281 0.6171420574188232 0.10281047821044922 0.11945266723632812
0 0.7423265457153321 0.5396346092224121 0.12392349243164062 0.13276290893554688
1 0.7316187858581543 0.6299932479858399 0.0923954963684082 0.08883171081542969
2 0.792812728881836 0.6143956184387207 0.09033451080322266 0.08579177856445312
1 0.8210748672485352 0.5499422073364257 0.10028762817382812 0.10492877960205078
2 0.876772117614746 0.5576074600219727 0.09610099792480468 0.07917995452880859
