2 0.15700941085815429 0.4791473388671875 0.06710925102233886 0.10313854217529297
2 0.18833012580871583 0.5744585037231446 0.07623476982116699 0.09622516632080078
2 0.20012436509132386 0.47546968460083006 0.06503857374191284 0.1146890640258789
2 0.20772899985313414 0.5761018753051758 0.06459656953811646 0.0980494499206543
1 0.24829235076904296 0.4663966178894043 0.09031534194946289 0.13027801513671874
1 0.2532364845275879 0.5726580619812012 0.07224855422973633 0.09829463958740234
0 0.3236402034759521 0.5741723537445068 0.1062424659729004 0.09952926635742188
0 0.32809202671051024 0.46966352462768557 0.10312829017639161 0.12212066650390625
0 0.43596343994140624 0.4555227756500244 0.15188465118408204 0.1529463768005371
0 0.41010184288024903 0.5759398460388183 0.09643898010253907 0.10689296722412109
0 0.49525938034057615 0.5770429611206055 0.10778770446777344 0.10258255004882813
0 0.5771671772003174 0.453272807598114 0.15325021743774414 0.15221102237701417
0 0.5934954643249511 0.5742929458618165 0.11040229797363281 0.0921635627746582
1 0.6849535942077637 0.570280933380127 0.10189323425292969 0.09521207809448243
0 0.6894680976867675 0.4556430339813232 0.11014328002929688 0.14073820114135743
2 0.7550329208374024 0.5622468948364258 0.09138507843017578 0.10867958068847657
1 0.7631608009338379 0.45095852613449094 0.08657760620117187 0.1463075876235962
2 0.8012796401977539 0.5533924102783203 0.06799659729003907 0.09944591522216797
2 0.8258996963500976 0.44022393226623535 0.07164020538330078 0.10131568908691406
2 0.83780517578125 0.53315749168396 0.06998519897460938 0.09420089721679688
2 0.874932861328125 0.4404031276702881 0.06130199432373047 0.08256139755249023
