2 0.14688442945480346 0.6660658836364746 0.18518402576446533 0.14307117462158203
2 0.1743310809135437 0.5814653396606445 0.16419999599456786 0.15646038055419922
2 0.15846159756183625 0.751726484298706 0.12019681334495544 0.10260572433471679
1 0.21012049317359924 0.5086905479431152 0.13105534315109252 0.14740371704101562
0 0.26600474715232847 0.4221725344657898 0.13344613313674927 0.14004099369049072
0 0.4016481876373291 0.37981116771698 0.1787954330444336 0.16684298515319823
0 0.573688268661499 0.3656941890716553 0.18281087875366211 0.15813770294189453
0 0.7137288570404052 0.40001362562179565 0.1468356132507324 0.13487303256988525
1 0.7871443271636963 0.47225465774536135 0.13021535873413087 0.14564208984375
2 0.8211423873901367 0.5498239994049072 0.16742992401123047 0.16616458892822267
2 0.8455192565917968 0.6460519790649414 0.16508102416992188 0.10511589050292969
2 0.8465473175048828 0.7212064266204834 0.10220623016357422 0.09301767349243165
