2 0.17405874729156495 0.649433946609497 0.151212739944458 0.09540338516235351
2 0.2063344895839691 0.5881381034851074 0.1345718502998352 0.09681129455566406
1 0.22316417694091797 0.5064913749694824 0.12838830947875976 0.12006826400756836
0 0.26784629821777345 0.3974217176437378 0.11358757019042968 0.08689188957214355
0 0.38872342109680175 0.41017218828201296 0.1690542221069336 0.14118707180023193
0 0.5215240478515625 0.38172106742858886 0.1818758010864258 0.09598875045776367
0 0.6615541458129883 0.39757485389709474 0.11479167938232422 0.08458261489868164
1 0.7540581703186036 0.47104997634887696 0.08999843597412109 0.0964350700378418
2 0.7826513290405274 0.5552363395690918 0.11895332336425782 0.093829345703125
2 0.8229488611221314 0.6293912887573242 0.11967768669128417 0.08913345336914062
