1 0.19776835441589355 0.5038949012756347 0.0923266887664795 0.10249710083007812
0 0.29518876075744627 0.4628738522529602 0.14200687408447266 0.12623403072357178
1 0.2878141403198242 0.549985933303833 0.09551200866699219 0.08198518753051758
0 0.3648391246795654 0.5541299343109131 0.0696040153503418 0.08616228103637695
0 0.4132401943206787 0.48470249176025393 0.13460350036621094 0.13073272705078126
0 0.4412078857421875 0.5571755409240723 0.11883010864257812 0.10705490112304687
0 0.5510475158691406 0.4850820541381836 0.176177978515625 0.16453418731689454
0 0.5399112701416016 0.5708666324615479 0.11062641143798828 0.07543869018554687
0 0.636179256439209 0.5701568603515625 0.11191883087158203 0.08756542205810547
0 0.6871755123138428 0.4826864242553711 0.13843584060668945 0.1407712936401367
1 0.7177424907684327 0.5685822486877441 0.08179264068603516 0.08836879730224609
1 0.7800538063049316 0.49898757934570315 0.09824352264404297 0.10650901794433594
2 0.7851142883300781 0.57564697265625 0.07529850006103515 0.07059078216552735
2 0.8364391565322876 0.5239811897277832 0.08249392509460449 0.06258411407470703
2 0.8686616897583008 0.5248093605041504 0.06810150146484376 0.06410942077636719
