2 0.14414882957935332 0.45982847213745115 0.09279560446739196 0.09848194122314453
1 0.18332124948501588 0.4197690963745117 0.11976859569549561 0.07676706314086915
1 0.22355117797851562 0.49066600799560545 0.12117328643798828 0.15370874404907225
0 0.28197321891784666 0.41962900161743166 0.11183834075927734 0.0933013916015625
0 0.3159241437911987 0.5133545875549317 0.107570219039917 0.1491180419921875
0 0.38861091136932374 0.5603825569152832 0.14611287117004396 0.1640329360961914
0 0.39277191162109376 0.43619351387023925 0.15209293365478516 0.12449674606323242
0 0.5081637382507325 0.5510556697845459 0.13546161651611327 0.17963933944702148
0 0.5512634754180908 0.4317464709281921 0.15639686584472656 0.13302328586578369
0 0.6193783283233643 0.5247098922729492 0.13050947189331055 0.17594661712646484
0 0.6751981735229492 0.40394015312194825 0.11681251525878907 0.09952669143676758
1 0.7246595859527588 0.48766727447509767 0.132041072845459 0.1614889144897461
1 0.7770067691802979 0.39934239387512205 0.12101278305053711 0.09241294860839844
2 0.7965727329254151 0.44203338623046873 0.11489992141723633 0.10829849243164062
