2 0.14941833019256592 0.4053802967071533 0.15368356704711914 0.07084484100341797
2 0.16727478206157684 0.4639261245727539 0.17669664025306703 0.11929244995117187
2 0.159322190284729 0.3359249114990234 0.15752644538879396 0.14688377380371093
2 0.22596983909606932 0.5283983230590821 0.1558927059173584 0.1512582778930664
1 0.29643056392669676 0.5901357173919678 0.12839818000793457 0.14341611862182618
0 0.3626121520996094 0.6448509216308593 0.12770395278930663 0.1140380859375
0 0.47576022148132324 0.6497691154479981 0.12984066009521483 0.16060781478881836
0 0.5883315086364747 0.6655083656311035 0.1405345916748047 0.1565652847290039
1 0.7459281921386719 0.6224466323852539 0.1240194320678711 0.12702884674072265
2 0.7927780151367188 0.5816854476928711 0.16177444458007811 0.13496074676513672
2 0.8313749551773071 0.5108247756958008 0.17317004203796388 0.14111557006835937
2 0.8414916038513184 0.4181815147399902 0.17534618377685546 0.14488258361816406
