2 0.1666826128959656 0.2860390663146973 0.14660184383392333 0.1500535011291504
2 0.20756883621215821 0.41953887939453127 0.19115805625915527 0.13227624893188478
2 0.2552109658718109 0.5051531791687012 0.14364711046218873 0.10307636260986328
1 0.27368841171264646 0.5886697769165039 0.10952949523925781 0.12260971069335938
0 0.3780301570892334 0.6103658676147461 0.13034257888793946 0.11690902709960938
0 0.44203667640686034 0.6698435783386231 0.1209416389465332 0.08205890655517578
0 0.5441213607788086 0.6621520519256592 0.11855316162109375 0.09165077209472657
0 0.6440249443054199 0.6361166000366211 0.12398204803466797 0.10530681610107422
1 0.7266084671020507 0.5969529151916504 0.10030698776245117 0.12089462280273437
2 0.8224155187606812 0.4203293800354004 0.18638882637023926 0.18787698745727538
2 0.8564125299453735 0.2872339963912964 0.17266230583190917 0.1674248218536377
