2 0.15723382234573363 0.5176996707916259 0.16386764049530028 0.09883804321289062
2 0.17831444442272187 0.5889493942260742 0.1806495726108551 0.10943241119384765
1 0.16667912006378174 0.4324610233306885 0.12097754478454589 0.11911573410034179
2 0.20335707664489747 0.6529895782470703 0.19318032264709473 0.10440940856933593
0 0.23942975401878358 0.355289101600647 0.1676488995552063 0.12255091667175293
0 0.30835738182067873 0.30707745552062987 0.2041111946105957 0.0997243881225586
0 0.6926825523376465 0.3015984296798706 0.15688591003417968 0.08318262100219727
1 0.7731869697570801 0.3803894519805908 0.1259481430053711 0.14333887100219728
2 0.8073527336120605 0.47907214164733886 0.16884899139404297 0.11156044006347657
2 0.826082706451416 0.6462427139282226 0.1845834732055664 0.11110420227050781
2 0.8336662292480469 0.5675907135009766 0.1726888656616211 0.10904979705810547
