2 0.07120772004127503 0.3590390205383301 0.08409403562545777 0.09736213684082032
2 0.12142966985702515 0.506011962890625 0.10633008480072022 0.11841583251953125
1 0.15300147533416747 0.4093743205070496 0.11698379516601562 0.11884787082672119
2 0.16863698959350587 0.5547616958618165 0.08841176033020019 0.1676624298095703
1 0.23492098450660706 0.5499631881713867 0.10048178434371949 0.15788650512695312
0 0.25132901668548585 0.43666930198669435 0.12460870742797851 0.14589004516601561
0 0.31817710399627686 0.5573429584503173 0.11343111991882324 0.15445289611816407
0 0.3860896587371826 0.43484249114990237 0.19336376190185547 0.2193535804748535
0 0.417772102355957 0.5705145835876465 0.13564348220825195 0.15224361419677734
0 0.5322499752044678 0.5616440296173095 0.14105501174926757 0.16218175888061523
0 0.5773303508758545 0.41347565650939944 0.20308475494384765 0.22208375930786134
0 0.6530728340148926 0.5382913589477539 0.12799301147460937 0.16207427978515626
0 0.7135662078857422 0.3941300392150879 0.10605888366699219 0.14169549942016602
1 0.7576258659362793 0.5120686054229736 0.12238330841064453 0.1657963752746582
1 0.8238737344741821 0.3490442752838135 0.14531893730163575 0.12665739059448242
2 0.8527480125427246 0.48758440017700194 0.13578872680664061 0.15322561264038087
