2 0.19810066223144532 0.40459402799606325 0.16614465713500975 0.12950537204742432
2 0.24641947746276854 0.5324509620666504 0.181693696975708 0.12504081726074218
1 0.3175471305847168 0.6152137756347656 0.11743860244750977 0.11215419769287109
0 0.4177793383598328 0.6578236579895019 0.11635286808013916 0.09768810272216796
0 0.537552785873413 0.6782958984375 0.13828163146972655 0.11047000885009765
0 0.6657810211181641 0.6752347946166992 0.13488597869873048 0.09764366149902344
0 0.7569716453552247 0.6456239700317383 0.1079477310180664 0.09165916442871094
1 0.8111995697021485 0.5867568969726562 0.1171865463256836 0.09958839416503906
2 0.831980037689209 0.4873202323913574 0.13914527893066406 0.11736059188842773
2 0.8466266632080078 0.37474689483642576 0.1547069549560547 0.13935089111328125
