2 0.1620481252670288 0.5003905296325684 0.06288747787475586 0.06445903778076172
2 0.1784851908683777 0.5568482398986816 0.09369838237762451 0.07532119750976562
2 0.20040791034698485 0.4898983001708984 0.08927979469299316 0.09515056610107422
2 0.23101959824562074 0.5588359832763672 0.08976010084152222 0.09586467742919921
1 0.269502067565918 0.47126150131225586 0.11395473480224609 0.12002859115600586
1 0.29142231941223146 0.5682404041290283 0.10118846893310547 0.13066625595092773
0 0.3655759572982788 0.46159801483154295 0.1133908748626709 0.11118030548095703
0 0.37784976959228517 0.5719962596893311 0.10118951797485351 0.1222102165222168
0 0.4842352867126465 0.4692164421081543 0.137493896484375 0.11788997650146485
0 0.4814192771911621 0.5852880477905273 0.12187004089355469 0.15828361511230468
0 0.5995202541351319 0.5931654453277588 0.12908191680908204 0.15956811904907225
0 0.6135047912597656 0.475922155380249 0.1337717056274414 0.12252464294433593
0 0.6952368736267089 0.5902801513671875 0.09507541656494141 0.1276275634765625
0 0.7286750793457031 0.5047497749328613 0.10709896087646484 0.1105417251586914
1 0.7633213996887207 0.6044322967529296 0.0826101303100586 0.1277688980102539
1 0.8124671936035156 0.5325578689575196 0.10647106170654297 0.11428804397583008
2 0.8101104497909546 0.6144979000091553 0.06905827522277833 0.09214248657226562
2 0.8418122291564941 0.6099143981933594 0.07735729217529297 0.07531309127807617
2 0.863667106628418 0.554554557800293 0.09652290344238282 0.09731121063232422
