2 0.17272295653820038 0.2869778394699097 0.19316616654396057 0.20887064933776855
2 0.19073789417743683 0.4395799160003662 0.19616884589195252 0.18307313919067383
2 0.215667986869812 0.562623929977417 0.17353110313415526 0.15416688919067384
1 0.2672244071960449 0.6509017944335938 0.13782224655151368 0.16620473861694335
0 0.35391504764556886 0.6847237586975098 0.11754746437072754 0.14255599975585936
0 0.4247271537780762 0.7360222816467286 0.13573036193847657 0.11792278289794922
0 0.546434736251831 0.7345741271972657 0.13385648727416993 0.12088909149169921
0 0.6565801620483398 0.7093441009521484 0.13405609130859375 0.12238044738769531
1 0.7416009902954102 0.6354270935058594 0.13966655731201172 0.15064773559570313
2 0.7849724292755127 0.5348097801208496 0.1890416145324707 0.12549352645874023
2 0.8219858407974243 0.40082850456237795 0.19647250175476075 0.1926966667175293
2 0.8414856910705566 0.2272975206375122 0.1911346435546875 0.1984114646911621
