2 0.1318364381790161 0.7075573921203613 0.15188117027282716 0.1284626007080078
2 0.13062970638275145 0.8119396448135376 0.14262266159057618 0.10991473197937011
2 0.14326392412185668 0.6006017684936523 0.13566153049468993 0.125128173828125
1 0.17078571319580077 0.487056303024292 0.10863361358642579 0.11676826477050781
0 0.23826744556427001 0.3778270959854126 0.13373513221740724 0.12669873237609863
0 0.35781981945037844 0.33185949325561526 0.17143511772155762 0.13277416229248046
0 0.5550060272216797 0.32061152458190917 0.1660867691040039 0.1337970733642578
0 0.6944646835327148 0.34204907417297364 0.12716827392578126 0.13089933395385742
1 0.8101741790771484 0.4180621147155762 0.11661109924316407 0.11889839172363281
2 0.8563419342041015 0.5331671714782715 0.13771514892578124 0.1276254653930664
2 0.887244987487793 0.6446774482727051 0.1429981231689453 0.12471561431884766
2 0.9082361221313476 0.7453582763671875 0.11275520324707031 0.10847854614257812
