2 0.09994325637817383 0.3725441932678223 0.18438246250152587 0.17744770050048828
2 0.13459954261779786 0.4830256462097168 0.18079833984375 0.1042435646057129
2 0.15245282649993896 0.5450901031494141 0.20277552604675292 0.23041553497314454
2 0.16715989112854004 0.578463363647461 0.17627835273742676 0.15991058349609374
1 0.21589491367340088 0.6325045108795166 0.11811738014221192 0.1555084228515625
0 0.29792189598083496 0.6634835243225098 0.12394962310791016 0.14901504516601563
0 0.4037801742553711 0.6899435997009278 0.13659868240356446 0.14831991195678712
0 0.5270098209381103 0.6991875648498536 0.13939485549926758 0.16135787963867188
0 0.6424429893493653 0.6717191696166992 0.1426107406616211 0.15708141326904296
1 0.7363615512847901 0.6290460109710694 0.12376594543457031 0.1638585090637207
2 0.8124444961547852 0.5682430267333984 0.17126178741455078 0.15989398956298828
2 0.8388481140136719 0.4458573818206787 0.20163116455078126 0.1718276023864746
