2 0.13460758924484253 0.2992004632949829 0.20356767177581786 0.17194414138793945
2 0.13282301723957063 0.44041272401809695 0.18924908041954042 0.16755025386810302
2 0.1889528751373291 0.5546213150024414 0.15794663429260253 0.18088340759277344
0 0.2757965087890625 0.7191801071166992 0.13304858207702636 0.1424224853515625
0 0.3810966968536377 0.7401307106018067 0.13395042419433595 0.09581184387207031
0 0.49384589195251466 0.7613981246948243 0.13862829208374022 0.08923263549804687
0 0.582247257232666 0.7071141719818115 0.13817176818847657 0.11602668762207032
1 0.6885845184326171 0.669575834274292 0.13182506561279297 0.11734638214111329
2 0.7569966316223145 0.5984687805175781 0.11481952667236328 0.1009934425354004
2 0.799767017364502 0.4577167510986328 0.1973398208618164 0.18560295104980468
2 0.8551568984985352 0.3132033824920654 0.21239261627197265 0.17148027420043946
