2 0.12710973024368286 0.6313555717468262 0.19283931255340575 0.1349346160888672
2 0.12670893371105194 0.7058677196502685 0.16918874382972718 0.06868219375610352
2 0.13496708869934082 0.7561762809753418 0.15826950073242188 0.10302658081054687
2 0.1677107572555542 0.5463532447814942 0.1627098560333252 0.1098367691040039
2 0.18004705607891083 0.4434783935546875 0.16836934685707092 0.1376018524169922
1 0.2263967514038086 0.34927616119384763 0.1453537940979004 0.1514911651611328
0 0.30090501308441164 0.2908121824264526 0.13560175895690918 0.11598916053771972
0 0.4184493899345398 0.24846744537353516 0.17167227268218993 0.14055929183959961
0 0.576638126373291 0.26047065258026125 0.17391128540039064 0.1426093578338623
0 0.7060367584228515 0.3107287883758545 0.12699565887451172 0.12395000457763672
1 0.7820574760437011 0.39096245765686033 0.13861160278320311 0.14713106155395508
2 0.8372663497924805 0.5381471633911132 0.14702720642089845 0.1381071090698242
2 0.8703502655029297 0.6466426849365234 0.17309188842773438 0.16818199157714844
2 0.8873547554016114 0.8237532615661621 0.12157783508300782 0.07408924102783203
2 0.9020756721496582 0.7524736404418946 0.13812427520751952 0.10680389404296875