2 0.09940096139907836 0.7122605323791504 0.10938913822174072 0.07393798828125
2 0.11411344707012176 0.638421630859375 0.1178288996219635 0.09205169677734375
2 0.14481301605701447 0.5347646713256836 0.13222097754478454 0.15659961700439454
2 0.21332973837852479 0.38892617225646975 0.15017644166946412 0.15673131942749025
0 0.36016411781311036 0.3094811916351318 0.10418319702148438 0.12364225387573242
3 0.5008873462677002 0.2705203056335449 0.14177179336547852 0.09412202835083008
0 0.6461563110351562 0.2929891586303711 0.14384031295776367 0.11703495979309082
0 0.7407493591308594 0.35331311225891116 0.10509281158447266 0.11728582382202149
2 0.8170476913452148 0.48431949615478515 0.12326507568359375 0.10084571838378906
2 0.8529863357543945 0.7134716987609864 0.1886686325073242 0.14706497192382811
2 0.8520524024963378 0.5902346134185791 0.16551685333251953 0.1345489501953125
