2 0.14816970825195314 0.4458486557006836 0.07766695022583008 0.08295688629150391
2 0.17767242193222046 0.4995823860168457 0.06289064884185791 0.07132225036621094
1 0.19937365055084227 0.44272599220275877 0.09570465087890626 0.11669683456420898
1 0.22090911865234375 0.4995218276977539 0.0639305591583252 0.08630504608154296
0 0.26942195892333987 0.4272423267364502 0.11115970611572265 0.10182752609252929
0 0.27334370613098147 0.5084352016448974 0.08030061721801758 0.11182184219360351
0 0.3485106468200684 0.5077974319458007 0.09379911422729492 0.10214319229125976
0 0.3818837642669678 0.4307387828826904 0.15279607772827147 0.12618608474731446
0 0.43465069532394407 0.5069996833801269 0.10877478122711182 0.15113601684570313
0 0.5558091163635254 0.41115943193435667 0.15120182037353516 0.13265721797943114
0 0.5469869613647461 0.4964317321777344 0.10933809280395508 0.15041131973266603
0 0.6658171653747559 0.4602842330932617 0.11459846496582031 0.12618961334228515
0 0.6772110462188721 0.37530410289764404 0.11955156326293945 0.09720158576965332
1 0.7532992362976074 0.43528519868850707 0.095587158203125 0.14001080989837647
1 0.7828282833099365 0.3694837331771851 0.1129124641418457 0.09825940132141113
2 0.8125369787216187 0.4211780548095703 0.06960225105285645 0.07520465850830078
2 0.8566849708557129 0.35501794815063475 0.07043819427490235 0.06524581909179687
