2 0.15660779178142548 0.34656198024749757 0.1620606005191803 0.17570128440856933
2 0.1950614333152771 0.4649344921112061 0.17094485759735106 0.14260644912719728
2 0.205542129278183 0.5480739593505859 0.16511498689651488 0.11516132354736328
1 0.2641469717025757 0.629496717453003 0.10894379615783692 0.08849143981933594
0 0.35149397850036623 0.6826298713684082 0.12454862594604492 0.10272254943847656
0 0.45487337112426757 0.7093523025512696 0.11130571365356445 0.10119915008544922
0 0.561734962463379 0.7075247287750244 0.11836872100830079 0.10598230361938477
0 0.6634456634521484 0.6673112392425538 0.13495750427246095 0.11429758071899414
1 0.74825439453125 0.6029823780059814 0.12934608459472657 0.10471925735473633
2 0.7852695465087891 0.5194562435150146 0.1428762435913086 0.09767618179321289
2 0.799668550491333 0.4144236445426941 0.16614961624145508 0.1435468912124634
2 0.8299226760864258 0.286070442199707 0.16537055969238282 0.18999872207641602
