2 0.14358794689178467 0.2887875080108643 0.16712603569030762 0.1380974292755127
2 0.1727549910545349 0.38530445098876953 0.18564884662628173 0.1408029556274414
2 0.20743257999420167 0.4842811584472656 0.15375585556030275 0.1526569366455078
1 0.2550409555435181 0.5641603469848633 0.12381186485290527 0.12868213653564453
0 0.32911341190338134 0.6205451011657714 0.13785920143127442 0.1478649139404297
0 0.4506670117378235 0.6349345207214355 0.14038617610931398 0.16476783752441407
0 0.5692372798919678 0.6518459320068359 0.1400740623474121 0.1574382781982422
0 0.6752109527587891 0.6805132865905762 0.13446617126464844 0.13475894927978516
1 0.7497890949249267 0.6508543014526367 0.10934514999389648 0.13666057586669922
2 0.7792878150939941 0.582003116607666 0.16473808288574218 0.15739002227783203
2 0.8168206930160522 0.49780569076538084 0.19165120124816895 0.1588754653930664
2 0.8366820335388183 0.4041853427886963 0.16967182159423827 0.1346515655517578
