2 0.1580612540245056 0.7104969978332519 0.15181314945220947 0.10651769638061523
2 0.18671126365661622 0.6350339412689209 0.17661004066467284 0.12316131591796875
2 0.1810641646385193 0.5962098121643067 0.16056368350982667 0.09025650024414063
2 0.17398746013641359 0.5896237373352051 0.12490243911743164 0.08411979675292969
2 0.19386060237884523 0.5170889854431152 0.11150660514831542 0.09928321838378906
1 0.22481462955474854 0.4113594889640808 0.10857548713684081 0.10876200199127198
0 0.3112498760223389 0.36608190536499025 0.13651323318481445 0.1407674789428711
0 0.46082377433776855 0.3316892147064209 0.19392433166503906 0.18428239822387696
0 0.6448798179626465 0.34230172634124756 0.18727188110351561 0.17346110343933105
0 0.7690991401672364 0.4136326313018799 0.11197376251220703 0.13067359924316407
3 0.8142611503601074 0.49792208671569826 0.1021005630493164 0.07669963836669921
2 0.8343113183975219 0.5744634628295898 0.10273280143737792 0.09762763977050781
2 0.8752363204956055 0.719503116607666 0.11950798034667968 0.09965705871582031
2 0.8650411605834961 0.6452179431915284 0.09832496643066406 0.08158788681030274
2 0.8885549545288086 0.7736784934997558 0.09681396484375 0.05301170349121094
