2 0.1337238997220993 0.4847538948059082 0.08852644562721253 0.14412097930908202
1 0.15143412351608276 0.3797776699066162 0.08012897968292236 0.1260457992553711
1 0.1811152219772339 0.4912557601928711 0.08893675804138183 0.10591011047363282
0 0.22225663661956788 0.39607930183410645 0.10947480201721191 0.1181732177734375
0 0.2630156517028809 0.5233797073364258 0.1110684871673584 0.1354137420654297
0 0.34792659282684324 0.4281190872192383 0.187072229385376 0.14366207122802735
0 0.35302951335906985 0.5506993293762207 0.12374472618103027 0.1393045425415039
0 0.4651787757873535 0.572166633605957 0.12570743560791015 0.14374141693115233
0 0.5283028602600097 0.4582996368408203 0.1976003646850586 0.1401360511779785
0 0.5862264633178711 0.5743444442749024 0.13539962768554686 0.12806205749511718
1 0.6908737182617187 0.5632993221282959 0.10784645080566406 0.10540895462036133
0 0.7046648025512695 0.46492347717285154 0.12801361083984375 0.11117382049560547
2 0.7801929950714112 0.5610504627227784 0.10524587631225586 0.11879339218139648
