2 0.16488902270793915 0.6373668670654297 0.17427898049354554 0.120611572265625
1 0.18375511169433595 0.49868130683898926 0.12311992645263672 0.12485713958740234
0 0.2681588172912598 0.44826450347900393 0.09657425880432129 0.09206771850585938
0 0.383057689666748 0.4108379364013672 0.14831771850585937 0.10526752471923828
0 0.5623767375946045 0.41130771636962893 0.14178915023803712 0.10361948013305664
0 0.7048714637756348 0.42787028551101686 0.10858688354492188 0.09062058925628662
1 0.7943686008453369 0.5011656761169434 0.1161738395690918 0.10577621459960937
2 0.8476006507873535 0.6212881565093994 0.15435142517089845 0.1245722770690918
2 0.8778200149536133 0.6850420951843261 0.16391487121582032 0.10149765014648438
2 0.8889497756958008 0.7361900806427002 0.1305103302001953 0.06399097442626953
