2 0.13268884420394897 0.692998218536377 0.11685760021209717 0.07985286712646485
2 0.15219117403030397 0.617011547088623 0.14638082981109618 0.12611665725708007
2 0.18967821598052978 0.5293999671936035 0.13858203887939452 0.10338258743286133
1 0.23974241614341735 0.44216275215148926 0.12045718431472778 0.10161218643188477
0 0.32724452018737793 0.3826539754867554 0.1267648696899414 0.10174050331115722
0 0.4741176128387451 0.353347110748291 0.17664880752563478 0.11881160736083984
0 0.6491055965423584 0.36668100357055666 0.1673426628112793 0.12115898132324218
0 0.7699107170104981 0.41879639625549314 0.10041160583496093 0.0926487922668457
2 0.8362375020980835 0.7119345188140869 0.16353726387023926 0.07568912506103516
2 0.8403257608413697 0.6768531799316406 0.1702430248260498 0.057205581665039064
2 0.8435850143432617 0.6413703918457031 0.17211856842041015 0.1087076187133789
2 0.8248081207275391 0.7515183448791504 0.13418312072753907 0.050645065307617185
2 0.8386568069458008 0.5645625114440918 0.14993038177490234 0.10385513305664062
1 0.8318391799926758 0.49808473587036134 0.11923542022705078 0.09398097991943359
