2 0.16062475442886354 0.4488385200500488 0.18965508937835693 0.1850048065185547
2 0.22316570281982423 0.5641193389892578 0.15262212753295898 0.16484479904174804
1 0.2767763137817383 0.6521688461303711 0.12886981964111327 0.14858264923095704
0 0.3665339946746826 0.6940564155578614 0.11019115447998047 0.11002960205078124
0 0.47862606048583983 0.7087579727172851 0.12928829193115235 0.10950698852539062
0 0.6072779655456543 0.7000489711761475 0.1351795196533203 0.11110429763793946
0 0.705501127243042 0.6761670112609863 0.1089634895324707 0.10105953216552735
1 0.7604634761810303 0.6265947341918945 0.12870607376098633 0.11841049194335937
2 0.8061488151550293 0.43650447130203246 0.19955844879150392 0.16674535274505614
2 0.7962095260620117 0.544821834564209 0.15989837646484376 0.15445232391357422
2 0.8604007482528686 0.31578023433685304 0.15684590339660645 0.1734480381011963
