2 0.11375972926616669 0.5090077877044678 0.0936599314212799 0.1301961898803711
2 0.16592757403850555 0.6868292808532714 0.142545086145401 0.12306194305419922
1 0.20035440921783448 0.4323237895965576 0.1457672119140625 0.10616683959960938
2 0.20233698487281798 0.5516780853271485 0.0942992091178894 0.06530895233154296
0 0.2788398265838623 0.35497710704803465 0.1327221393585205 0.13778395652770997
0 0.4041780948638916 0.29517560005187987 0.17691879272460936 0.16954441070556642
0 0.5833887100219727 0.29255475997924807 0.18162250518798828 0.1838888168334961
0 0.6839168548583985 0.36689295768737795 0.12687721252441406 0.12878103256225587
1 0.7815888881683349 0.40281386375427247 0.12815942764282226 0.11553153991699219
2 0.8056363105773926 0.5305373668670654 0.16472530364990234 0.1273777961730957
2 0.7976744651794434 0.6226527214050293 0.11897830963134766 0.09982261657714844
