2 0.1483703851699829 0.6430984497070312 0.1279069423675537 0.09759693145751953
2 0.15566905736923217 0.7072905540466309 0.12851245403289796 0.1047140121459961
2 0.1758668303489685 0.5652329444885253 0.16197564601898193 0.12391347885131836
1 0.22268619537353515 0.46809682846069334 0.13134865760803222 0.10594348907470703
0 0.3080014705657959 0.3831900119781494 0.13838882446289064 0.1282212257385254
0 0.44794344902038574 0.3444277286529541 0.18976707458496095 0.11941118240356445
0 0.6233183860778808 0.3455078125 0.17769689559936525 0.1310525894165039
0 0.7506434440612793 0.3872644901275635 0.12661094665527345 0.13650617599487305
2 0.8419706583023071 0.7056626319885254 0.2073058605194092 0.11404781341552735
2 0.8444061040878296 0.5720254898071289 0.1847534656524658 0.12087593078613282
1 0.8258910179138184 0.48507213592529297 0.1420074462890625 0.10158586502075195
2 0.8649605751037598 0.6479076862335205 0.16180057525634767 0.08155088424682617
