2 0.11869326829910279 0.6475095748901367 0.14857044219970703 0.10082874298095704
2 0.12378860712051391 0.7290120124816895 0.15511734485626222 0.11642017364501953
2 0.123421910405159 0.7608413696289062 0.1491908013820648 0.06601543426513672
2 0.12949707210063935 0.5520493984222412 0.15751929879188536 0.12931690216064454
1 0.16390864849090575 0.457698392868042 0.12660112380981445 0.12339868545532226
0 0.2395356237888336 0.3784801483154297 0.1284213900566101 0.12365446090698243
0 0.38101720809936523 0.33154048919677737 0.17780227661132814 0.12366914749145508
0 0.5635690689086914 0.3113889694213867 0.17204113006591798 0.12883057594299316
0 0.7277969360351563 0.3490091323852539 0.1016357421875 0.10200233459472656
1 0.7925455093383789 0.3951767921447754 0.12149372100830078 0.12029304504394531
2 0.8293960571289063 0.5691976070404052 0.16840476989746095 0.12054681777954102
2 0.8242843389511109 0.4826857089996338 0.1508202075958252 0.13415956497192383
2 0.8668887138366699 0.6381797790527344 0.18156280517578124 0.1467681884765625
