2 0.12930420637130738 0.5568007469177246 0.14060096740722655 0.09495410919189454
2 0.16036200523376465 0.5016699314117432 0.08651752471923828 0.08384227752685547
2 0.22502374649047852 0.5743077278137207 0.15116753578186035 0.10374860763549805
1 0.22541332244873047 0.4863083839416504 0.10341424942016601 0.10939502716064453
0 0.30429041385650635 0.44585065841674804 0.15801529884338378 0.16698856353759767
1 0.28656744956970215 0.5594964981079101 0.08527708053588867 0.0752096176147461
0 0.3826049566268921 0.5816621780395508 0.1397000789642334 0.14477176666259767
0 0.47145854234695433 0.4412989139556885 0.20466954708099366 0.1854546546936035
0 0.5066356658935547 0.5770155906677246 0.14224853515625 0.1309591293334961
0 0.6452098369598389 0.43047213554382324 0.18347978591918945 0.18935546875
0 0.6275462627410888 0.5687169551849365 0.13321590423583984 0.12401599884033203
0 0.7326939105987549 0.5680827140808106 0.10439081192016601 0.1247365951538086
0 0.7787664890289306 0.43518338203430174 0.12419767379760742 0.15449647903442382
2 0.8244412422180176 0.5622148513793945 0.12043685913085937 0.10056381225585938
1 0.8328553199768066 0.46877288818359375 0.08676414489746094 0.11147918701171874
