2 0.16699687242507935 0.5661571502685547 0.09688293933868408 0.12256946563720703
2 0.1606259226799011 0.46208868026733396 0.056107378005981444 0.0835902214050293
2 0.1763749122619629 0.5694645881652832 0.0788351058959961 0.09711532592773438
2 0.19098827838897706 0.46663861274719237 0.06137185096740723 0.08589715957641601
2 0.2169414281845093 0.596952247619629 0.06912927627563477 0.07631416320800781
1 0.22540562152862548 0.4611976623535156 0.05903859138488769 0.07909908294677734
1 0.27388820648193357 0.5938937187194824 0.08668575286865235 0.0954432487487793
0 0.29186239242553713 0.4495097637176514 0.10815768241882324 0.12775230407714844
0 0.34761753082275393 0.5915536880493164 0.09139289855957031 0.10519847869873047
0 0.40910091400146487 0.45764498710632323 0.16030311584472656 0.18090276718139647
0 0.4325574994087219 0.5897805213928222 0.10970284938812255 0.1255319595336914
0 0.5538398742675781 0.45287261009216306 0.1664449691772461 0.18560428619384767
0 0.5277513027191162 0.5852304935455322 0.11190662384033204 0.12496271133422851
0 0.6109616756439209 0.5858871459960937 0.08757543563842773 0.10449504852294922
0 0.6816851139068604 0.45087523460388185 0.11562576293945312 0.13872222900390624
1 0.6884024143218994 0.5903019905090332 0.09317102432250976 0.09733448028564454
2 0.7502760887145996 0.5941519260406494 0.06356639862060547 0.07246770858764648
1 0.7586190223693847 0.45749549865722655 0.0697366714477539 0.09379062652587891
2 0.7924404144287109 0.580907154083252 0.07615337371826172 0.0862579345703125
2 0.7946429252624512 0.4674398422241211 0.06073265075683594 0.09245262145996094
2 0.8285383462905884 0.5428915977478027 0.08817248344421387 0.10763473510742187
2 0.8305009841918946 0.4615045070648193 0.05544586181640625 0.07789411544799804
