2 0.19861115217208863 0.34343340396881106 0.1500002145767212 0.19658265113830567
2 0.23576406836509706 0.4671040415763855 0.16085463762283325 0.13995745182037353
2 0.26396520137786866 0.5625330924987793 0.13142132759094238 0.10338344573974609
1 0.2846698760986328 0.6451264381408691 0.1020735740661621 0.10447616577148437
0 0.35366263389587405 0.7135983467102051 0.10995798110961914 0.06858768463134765
0 0.42630366086959837 0.7372008323669433 0.11274187564849854 0.06856632232666016
0 0.5214679718017579 0.7390156745910644 0.11607627868652344 0.06618061065673828
0 0.6113923072814942 0.714585256576538 0.09171495437622071 0.06664075851440429
2 0.7562888622283935 0.5769156455993653 0.13546571731567383 0.12177257537841797
2 0.8042068481445312 0.46658858060836794 0.17154998779296876 0.13730623722076415
2 0.860167670249939 0.35453166961669924 0.15116505622863768 0.14782590866088868
