2 0.16625574827194214 0.31271753311157224 0.11719410419464112 0.13038597106933594
2 0.27215099334716797 0.4443397045135498 0.26665353775024414 0.15131826400756837
2 0.2678788900375366 0.500373363494873 0.15280742645263673 0.10286121368408203
1 0.2964447498321533 0.5676720619201661 0.10297641754150391 0.07850484848022461
0 0.3648498058319092 0.606360673904419 0.11499233245849609 0.0943450927734375
0 0.47330513000488283 0.60328369140625 0.124566650390625 0.1029165267944336
0 0.5944843292236328 0.6029750823974609 0.1341686248779297 0.09442977905273438
0 0.6705121040344239 0.5555915355682373 0.1326019287109375 0.09868402481079101
2 0.7878512382507324 0.48016767501831054 0.08835010528564453 0.0644155502319336
2 0.8300659418106079 0.40857205390930174 0.1338904857635498 0.10209627151489258
2 0.8687788963317871 0.3046222686767578 0.09973220825195313 0.11391096115112305
