2 0.10804851055145263 0.380344820022583 0.12464993000030518 0.15812263488769532
2 0.1409202367067337 0.47955913543701173 0.15845751166343688 0.12428293228149415
2 0.1909157633781433 0.5993709564208984 0.1620948553085327 0.16099624633789061
0 0.27431526184082033 0.6858194828033447 0.14241151809692382 0.10755186080932617
0 0.410699462890625 0.7091347694396972 0.1546910285949707 0.10697641372680664
0 0.5496686935424805 0.7093906402587891 0.14752254486083985 0.10671195983886719
0 0.6650094032287598 0.657177209854126 0.11412944793701171 0.09831037521362304
1 0.726154088973999 0.5975257873535156 0.11396627426147461 0.10159816741943359
2 0.7592209815979004 0.5202942848205566 0.17135295867919922 0.15270595550537108
2 0.7595404624938965 0.2977982759475708 0.13874225616455077 0.18266263008117675
2 0.7677997589111328 0.4177638053894043 0.1257394790649414 0.09124584197998047
