2 0.19587160348892213 0.44277124404907225 0.10444624423980713 0.10395383834838867
2 0.24228050708770751 0.47655162811279295 0.11589770317077637 0.11767005920410156
1 0.259261417388916 0.3964213848114014 0.10115137100219726 0.0711400032043457
1 0.32164802551269533 0.4930704116821289 0.10553884506225586 0.10990142822265625
0 0.34936771392822263 0.4170532703399658 0.11761865615844727 0.12477273941040039
0 0.42159361839294435 0.5131914615631104 0.1238785743713379 0.11699457168579101
0 0.4736970067024231 0.42933017015457153 0.1655791997909546 0.13918931484222413
0 0.5237958908081055 0.5273117065429688 0.12152042388916015 0.12166748046875
0 0.623240852355957 0.4477540493011475 0.16505060195922852 0.13695297241210938
0 0.6152862071990967 0.5419622421264648 0.11517562866210937 0.11348648071289062
0 0.6996061325073242 0.5461024284362793 0.09815311431884766 0.09938602447509766
0 0.7376459121704102 0.4662370204925537 0.09843711853027344 0.11910037994384766
1 0.7643938541412354 0.5480664253234864 0.07059011459350586 0.10774726867675781
2 0.8111188888549805 0.552027416229248 0.073297119140625 0.10544700622558593
