2 0.13818747997283937 0.6380337715148926 0.179634952545166 0.12293548583984375
2 0.1319764256477356 0.7335530757904053 0.16596086025238038 0.09935312271118164
2 0.1473664402961731 0.5502500534057617 0.16635425090789796 0.14871711730957032
1 0.1872907280921936 0.4555508613586426 0.13514506816864014 0.15346412658691405
0 0.27671327590942385 0.3786133050918579 0.11288070678710938 0.12006678581237792
0 0.3988241672515869 0.34462804794311525 0.12495565414428711 0.11314182281494141
0 0.5477448463439941 0.34372079372406006 0.12817010879516602 0.10696935653686523
0 0.6845610618591309 0.3860201120376587 0.10625114440917968 0.12149529457092285
1 0.7773081302642822 0.47212313413619994 0.14744787216186522 0.1549419641494751
2 0.8276473999023437 0.5678670883178711 0.17410697937011718 0.16289043426513672
2 0.8480458974838256 0.6669408798217773 0.18746113777160645 0.14524192810058595
2 0.8509242057800293 0.7470786094665527 0.1872732162475586 0.11400604248046875
