2 0.12773766815662385 0.4340566635131836 0.08865360617637634 0.08159942626953125
2 0.1556770086288452 0.5264190673828125 0.08405275344848633 0.07134132385253907
1 0.1945975422859192 0.4255962252616882 0.10917141437530517 0.10280725955963135
2 0.19426171779632567 0.5420779705047607 0.06922202110290528 0.0899012565612793
1 0.2564603090286255 0.5446856498718262 0.11069884300231933 0.09390201568603515
0 0.29750216007232666 0.41428275108337403 0.14606781005859376 0.13737144470214843
0 0.365753698348999 0.5399579524993896 0.13235979080200194 0.11192655563354492
0 0.45547995567321775 0.41466374397277833 0.20451650619506836 0.1625748634338379
0 0.4830522060394287 0.5396954536437988 0.13898172378540039 0.12572574615478516
0 0.6029864311218261 0.535578727722168 0.13905792236328124 0.1314687728881836
0 0.6552005767822265 0.4050115704536438 0.19982738494873048 0.16383473873138427
0 0.7196640491485595 0.5265100002288818 0.13150434494018554 0.1442805290222168
0 0.8133775472640992 0.4062353014945984 0.11772618293762208 0.1086120843887329
1 0.8161734580993653 0.5091285228729248 0.09881591796875 0.12027406692504883
2 0.8616279602050781 0.494466495513916 0.05694370269775391 0.09228935241699218
2 0.891085433959961 0.47922544479370116 0.08703231811523438 0.10188655853271485
1 0.8933832168579101 0.38430142402648926 0.08975944519042969 0.0909109115600586
