2 0.1394442081451416 0.6245874404907227 0.18485937118530274 0.09761619567871094
2 0.12318657636642456 0.6797525405883789 0.15148112773895264 0.06695766448974609
2 0.1917416572570801 0.5743062019348144 0.16028361320495604 0.11006727218627929
1 0.22617497444152831 0.5105727195739747 0.13044967651367187 0.12989730834960939
0 0.29679555892944337 0.4272796630859375 0.14851765632629393 0.14486370086669922
0 0.46495823860168456 0.39733180999755857 0.19311246871948243 0.1529566764831543
0 0.6397831916809082 0.3962820291519165 0.17875232696533203 0.15443310737609864
0 0.7754039764404297 0.42599735260009763 0.127020263671875 0.13148937225341797
2 0.8328725576400757 0.5672369956970215 0.16313138008117675 0.12581777572631836
2 0.8271266937255859 0.6354393482208252 0.14410400390625 0.08353166580200196
1 0.818735408782959 0.5009689331054688 0.1268465042114258 0.1309865951538086
