2 0.12298221588134765 0.4335369110107422 0.14889373779296874 0.18489370346069336
2 0.1548459053039551 0.5623126983642578 0.1495649814605713 0.08550853729248047
1 0.25310797691345216 0.6047405242919922 0.11115384101867676 0.16625633239746093
0 0.34757213592529296 0.6234646797180176 0.12231655120849609 0.15326786041259766
0 0.4653342247009277 0.6394969940185546 0.13100337982177734 0.1396329879760742
0 0.5864203453063965 0.6498708724975586 0.13425178527832032 0.14322853088378906
0 0.700497817993164 0.6434982776641845 0.12084884643554687 0.1288233757019043
1 0.7743635177612305 0.6091192245483399 0.12396030426025391 0.15649871826171874
2 0.8076454401016235 0.5285809993743896 0.152131986618042 0.15515928268432616
2 0.8555780410766601 0.44632229804992674 0.1753774642944336 0.1529068946838379
