2 0.141743466258049 0.5461909770965576 0.18898821473121644 0.1436091423034668
2 0.14978214502334594 0.6503313541412353 0.1657625913619995 0.11402425765991211
2 0.1980973482131958 0.46024131774902344 0.16201176643371581 0.1707622528076172
1 0.254443883895874 0.38118715286254884 0.1227900505065918 0.14696712493896485
0 0.33703687191009524 0.3371638536453247 0.10351033210754394 0.1037440299987793
0 0.46233090162277224 0.3119774341583252 0.19492342472076415 0.14400777816772461
0 0.6134770393371582 0.3381154775619507 0.18140249252319335 0.1480278491973877
0 0.620667552947998 0.3713935375213623 0.19265384674072267 0.1853963851928711
0 0.6217388153076172 0.40674256086349486 0.19446487426757814 0.10970385074615478
1 0.774894905090332 0.3779898166656494 0.11856536865234375 0.12035980224609374
2 0.8267999649047851 0.7220376491546631 0.19879398345947266 0.11503438949584961
2 0.8363252401351928 0.552149486541748 0.18601765632629394 0.17079658508300782
1 0.8202691078186035 0.4604785919189453 0.14270782470703125 0.16278982162475586
2 0.8504245996475219 0.64654541015625 0.19559893608093262 0.13361015319824218
2 0.9645933151245117 0.6233471870422364 0.07077178955078126 0.23146514892578124
