2 0.09501953125 0.5370454788208008 0.1900390625 0.25144195556640625
2 0.07509720325469971 0.3547892332077026 0.15019440650939941 0.2303983211517334
1 0.1685468554496765 0.6675511360168457 0.176971173286438 0.18675651550292968
0 0.27944624423980713 0.7281059265136719 0.14880623817443847 0.15554351806640626
0 0.3994750499725342 0.7419741153717041 0.14215660095214844 0.14059667587280272
0 0.5338870048522949 0.7355895042419434 0.14974288940429686 0.13614921569824218
0 0.63758544921875 0.7055448532104492 0.1515167236328125 0.1364072799682617
1 0.7204970836639404 0.6370553016662598 0.17361764907836913 0.1668527603149414
2 0.7673912048339844 0.5132701396942139 0.19423885345458985 0.1977461814880371
2 0.7884843826293946 0.3487462043762207 0.19979000091552734 0.20856523513793945
