2 0.170832821726799 0.649575138092041 0.18592267632484435 0.14595870971679686
2 0.1859869599342346 0.7345071792602539 0.20859286785125733 0.11494865417480468
2 0.17334356606006623 0.5618345260620117 0.15893887877464294 0.08638458251953125
1 0.16902952194213866 0.46517343521118165 0.12181119918823242 0.15230751037597656
0 0.23133401274681092 0.3500718355178833 0.1341797947883606 0.11305375099182129
0 0.31505684852600097 0.2541265249252319 0.21145944595336913 0.13328466415405274
0 0.5533028602600097 0.2652318239212036 0.14411344528198242 0.13187103271484374
0 0.6751441478729248 0.30579848289489747 0.14167337417602538 0.10803966522216797
1 0.7744189262390136 0.42175469398498533 0.13769779205322266 0.15337591171264647
2 0.8167659997940063 0.5161560535430908 0.1529590129852295 0.12968149185180664
2 0.8536907196044922 0.6085086822509765 0.18031539916992187 0.1189347267150879
2 0.8690486907958984 0.6850619316101074 0.17774581909179688 0.0790781021118164
