2 0.13409025669097902 0.3741769552230835 0.1401078224182129 0.12792258262634276
2 0.16595433056354522 0.4785313606262207 0.16871461272239685 0.1442159652709961
2 0.19920493364334108 0.5883934020996093 0.16888315677642823 0.14537935256958007
1 0.23821092247962952 0.6853995323181152 0.1355188250541687 0.08509912490844726
0 0.3272274017333984 0.7504080772399903 0.13840751647949218 0.12855663299560546
0 0.42222137451171876 0.7807979583740234 0.13893489837646483 0.12712039947509765
0 0.5477975368499756 0.7686201572418213 0.1319124221801758 0.11143674850463867
0 0.6476119518280029 0.7251623153686524 0.13998727798461913 0.11256580352783203
1 0.7553441524505615 0.6830860137939453 0.08963575363159179 0.07401199340820312
2 0.7871624946594238 0.5761165618896484 0.15109004974365234 0.13804264068603517
2 0.8320893287658692 0.44766864776611326 0.1414186477661133 0.14786968231201172
