2 0.12964668571949006 0.5372881412506103 0.06281437277793885 0.0643092155456543
2 0.15739408731460572 0.5849294662475586 0.09894731044769287 0.06906757354736329
1 0.17481340169906617 0.5344753265380859 0.08498051166534423 0.10594348907470703
0 0.22549954056739807 0.4992810249328613 0.128941810131073 0.12900896072387696
1 0.22253947854042053 0.5933057308197022 0.08842982053756714 0.10771293640136718
0 0.3287850618362427 0.4724406719207764 0.20049805641174318 0.17460851669311522
0 0.29243299961090086 0.5926069736480712 0.09433703422546387 0.14156179428100585
0 0.3896952152252197 0.5953934192657471 0.12779903411865234 0.14608125686645507
0 0.5059223175048828 0.4843110203742981 0.20072364807128906 0.17575318813323976
0 0.49828577041625977 0.5994116783142089 0.12392330169677734 0.13524503707885743
0 0.5964529037475585 0.5953232765197753 0.11491565704345703 0.1388225555419922
0 0.664159107208252 0.4917020797729492 0.1540376663208008 0.13812828063964844
1 0.6937160491943359 0.5813211441040039 0.09439048767089844 0.10006771087646485
1 0.7433127880096435 0.5269739627838135 0.10754518508911133 0.12292203903198243
2 0.7583714485168457 0.5845380783081054 0.10595474243164063 0.0731597900390625
2 0.8002490758895874 0.5392099380493164 0.06681103706359863 0.08010063171386719
2 0.8200963020324707 0.5764050483703613 0.09644775390625 0.06533870697021485
2 0.8500581741333008 0.5183662414550781 0.08222732543945313 0.09395246505737305
