2 0.14552091360092162 0.6161879539489746 0.0979280948638916 0.06891088485717774
2 0.17407543659210206 0.5749366760253907 0.12039670944213868 0.11421566009521485
2 0.18399254083633423 0.6501479625701905 0.0811579942703247 0.0736668586730957
1 0.20741801857948303 0.5476003646850586 0.09489706754684449 0.1213998794555664
1 0.23107786178588868 0.6430082798004151 0.09445524215698242 0.0908090591430664
0 0.27762269973754883 0.5435045242309571 0.10031929016113281 0.1036895751953125
0 0.3090739965438843 0.6436929702758789 0.09933147430419922 0.09898500442504883
0 0.381146240234375 0.5248248100280761 0.15538368225097657 0.13366298675537108
0 0.4053167223930359 0.6303829193115235 0.12347605228424072 0.12886390686035157
0 0.5312511444091796 0.5269103050231934 0.1586841583251953 0.1225860595703125
0 0.5204739093780517 0.6302632331848145 0.13316774368286133 0.12570247650146485
0 0.6270613670349121 0.6524192810058593 0.1106496810913086 0.08097724914550782
0 0.6713787078857422 0.5449780464172364 0.12741680145263673 0.1203958511352539
1 0.7391613006591797 0.6449135780334473 0.13495922088623047 0.10295772552490234
1 0.7980209350585937 0.5532359123229981 0.13795242309570313 0.14047718048095703
2 0.8253292322158814 0.6518733024597168 0.09112200736999512 0.07417612075805664
2 0.8857362747192383 0.5819314956665039 0.11099052429199219 0.10636653900146484
2 0.8809040069580079 0.6541169166564942 0.06865463256835938 0.04006614685058594
