2 0.10979044437408447 0.710940933227539 0.159208345413208 0.11838092803955078
2 0.11803612709045411 0.6237425804138184 0.17190189361572267 0.13274259567260743
2 0.14287471771240234 0.5316376686096191 0.14324584007263183 0.12656717300415038
1 0.19687165021896363 0.44638934135437014 0.13787624835968018 0.1320638656616211
0 0.2987041473388672 0.3346100330352783 0.12207417488098145 0.12007656097412109
0 0.4466653823852539 0.30022125244140624 0.18695573806762694 0.12245187759399415
0 0.6450362205505371 0.3401026725769043 0.1716320037841797 0.11772112846374512
0 0.7535208702087403 0.406195068359375 0.10598831176757813 0.08454265594482421
2 0.7778256416320801 0.7564824104309082 0.13941898345947265 0.0934835433959961
2 0.7743843078613282 0.7935971260070801 0.13019294738769532 0.052976226806640624
2 0.8022402763366699 0.6896466255187989 0.15386085510253905 0.11976203918457032
1 0.7864864349365235 0.5073406219482421 0.11425037384033203 0.13103408813476564
2 0.8014736175537109 0.6044506072998047 0.1403188705444336 0.10539016723632813
