2 0.16993952989578248 0.6502892017364502 0.11344144344329835 0.1251072883605957
2 0.20310587286949158 0.5513986587524414 0.09354850053787231 0.10992431640625
1 0.2304306983947754 0.4561601161956787 0.1110008716583252 0.114471435546875
0 0.30552613735198975 0.38306891918182373 0.10304961204528809 0.09748101234436035
0 0.416044807434082 0.3411059856414795 0.1410445213317871 0.08861923217773438
0 0.5628194808959961 0.33807373046875 0.14344406127929688 0.10012483596801758
0 0.6806825637817383 0.38450212478637696 0.10927619934082031 0.11373834609985352
1 0.7771265029907226 0.459438419342041 0.13243255615234376 0.12752227783203124
2 0.806577491760254 0.557302188873291 0.13298988342285156 0.11535606384277344
2 0.8325881004333496 0.6515796661376954 0.1341032028198242 0.12215518951416016
