2 0.15474441051483154 0.5950983047485352 0.08878803253173828 0.10696029663085938
1 0.1731336832046509 0.5048031330108642 0.10213475227355957 0.11490201950073242
1 0.22380540370941163 0.5958878517150878 0.0988581657409668 0.1466371536254883
0 0.2543700158596039 0.4864532947540283 0.10883074998855591 0.12263727188110352
0 0.3035396099090576 0.5816912651062012 0.10553035736083985 0.12795982360839844
0 0.3668152093887329 0.471811580657959 0.17690768241882324 0.1516118049621582
0 0.3960820913314819 0.5761926651000977 0.12269978523254395 0.128155517578125
0 0.5118978023529053 0.4616593837738037 0.17205934524536132 0.1551816940307617
0 0.49640626907348634 0.5703575134277343 0.12480134963989258 0.12982673645019532
0 0.5950762271881104 0.5634763240814209 0.11728029251098633 0.13719511032104492
0 0.6311640739440918 0.443000328540802 0.1136819839477539 0.13139379024505615
1 0.6930503845214844 0.5675715446472168 0.11583423614501953 0.1443582534790039
1 0.734611701965332 0.4343273162841797 0.13010101318359374 0.1424717903137207
2 0.7738778114318847 0.5639959335327148 0.1033975601196289 0.12257575988769531
2 0.8136024475097656 0.4456601142883301 0.09674663543701172 0.12978515625
2 0.8193840980529785 0.5354928970336914 0.10756206512451172 0.09698028564453125
