2 0.09369954466819763 0.3422428607940674 0.16763614416122435 0.11286897659301758
2 0.13921570777893066 0.4295697331428528 0.21825647354125977 0.16697003841400146
2 0.19298043251037597 0.515432596206665 0.20089988708496093 0.16833028793334961
1 0.22585818767547608 0.5686775207519531 0.150217866897583 0.1451272964477539
0 0.29435775279998777 0.612373161315918 0.1598717212677002 0.17404003143310548
0 0.4344180107116699 0.6020233154296875 0.16862049102783203 0.2194610595703125
0 0.5731380462646485 0.5952395915985107 0.1696237564086914 0.21564130783081054
0 0.7170546531677247 0.5761172294616699 0.15919780731201172 0.18498926162719725
1 0.79437255859375 0.5335263729095459 0.13920936584472657 0.14623775482177734
2 0.8314634323120117 0.47991132736206055 0.20027999877929686 0.16493768692016603
