2 0.15791608095169068 0.5791808128356933 0.18488895893096924 0.15635299682617188
2 0.14804823696613312 0.6568129539489747 0.15921024680137635 0.07481651306152344
2 0.19827281236648558 0.48215427398681643 0.16423203945159912 0.18244171142578125
1 0.26276867389678954 0.3718315839767456 0.1348964214324951 0.14321694374084473
0 0.3621851444244385 0.2997906684875488 0.1140049934387207 0.11325292587280274
0 0.47143259048461916 0.2764677286148071 0.1413118362426758 0.11656432151794434
0 0.6089304924011231 0.292705774307251 0.14357662200927734 0.10737638473510742
0 0.6998117446899415 0.343914794921875 0.10178470611572266 0.12129449844360352
1 0.7756510734558105 0.428798770904541 0.12456245422363281 0.13960800170898438
2 0.806797194480896 0.5461613655090332 0.16546940803527832 0.18198184967041015
2 0.8239529609680176 0.6646835327148437 0.1912332534790039 0.14169578552246093
2 0.8244582176208496 0.7184520721435547 0.1813264846801758 0.07938194274902344
