2 0.14054927825927735 0.49273004531860354 0.0759812355041504 0.07273311614990234
2 0.16386651992797852 0.5556299209594726 0.082110595703125 0.09713134765625
1 0.19666385650634766 0.47298059463500974 0.11209335327148437 0.12903385162353515
2 0.21155569553375245 0.5552293300628662 0.09155817031860351 0.14321403503417968
0 0.27845449447631837 0.4268514633178711 0.1267374038696289 0.0902496337890625
1 0.2802905082702637 0.5453285694122314 0.10644941329956055 0.147940731048584
0 0.378479528427124 0.5375690460205078 0.1269550323486328 0.15709447860717773
0 0.41705445051193235 0.41403684616088865 0.19471590518951415 0.11801652908325196
0 0.45959835052490233 0.5160597324371338 0.08063182830810547 0.09321746826171876
0 0.5501327514648438 0.5413681983947753 0.1450977325439453 0.17824068069458007
0 0.6600632667541504 0.5210779666900635 0.11348972320556641 0.14779539108276368
0 0.7053894996643066 0.4329974055290222 0.13584232330322266 0.1603016138076782
1 0.744101619720459 0.5178704261779785 0.08363132476806641 0.13193368911743164
1 0.7951353549957275 0.44167681932449343 0.10829534530639648 0.13505933284759522
2 0.7949618339538574 0.5309362411499023 0.07705478668212891 0.1081319808959961
2 0.838321304321289 0.526301097869873 0.0740814208984375 0.07824897766113281
2 0.8398565292358399 0.46537189483642577 0.07412185668945312 0.07634382247924805
