2 0.14118740260601043 0.6675792694091797 0.1334947168827057 0.10505714416503906
2 0.17651691734790803 0.5854087829589844 0.166878741979599 0.08608760833740234
2 0.19928305149078368 0.5139219284057617 0.141846227645874 0.09465370178222657
1 0.22777702808380126 0.441208553314209 0.13071813583374023 0.11977195739746094
0 0.3096482276916504 0.38405427932739256 0.13891172409057617 0.1087860107421875
0 0.46759657859802245 0.36444475650787356 0.19862651824951172 0.0903735637664795
0 0.6478837490081787 0.3756659507751465 0.1819676399230957 0.09894561767578125
0 0.7648515701293945 0.4125266194343567 0.13797969818115235 0.09322850704193116
2 0.8243910789489746 0.6226542472839356 0.16245384216308595 0.08360347747802735
2 0.8469413995742798 0.5685721397399902 0.15829005241394042 0.10085773468017578
2 0.8546473503112793 0.6843508243560791 0.17216243743896484 0.12104072570800781
1 0.8334355354309082 0.4954813003540039 0.11836280822753906 0.09985933303833008
