2 0.18170592784881592 0.47106637954711916 0.12806501388549804 0.1312875747680664
1 0.20126671195030213 0.41942510604858396 0.0861012578010559 0.04523897171020508
1 0.27903165817260744 0.49333486557006834 0.12786483764648438 0.12320070266723633
0 0.3106396198272705 0.43783360719680786 0.14226140975952148 0.07674558162689209
0 0.38946144580841063 0.49939861297607424 0.14247164726257325 0.130194091796875
0 0.46990084648132324 0.46746101379394533 0.19927740097045898 0.13727807998657227
0 0.5059396266937256 0.522197961807251 0.13200607299804687 0.10337200164794921
0 0.6373118400573731 0.4837791442871094 0.18297557830810546 0.16630516052246094
0 0.6379209518432617 0.4513376235961914 0.18220272064208984 0.10526056289672851
0 0.6166059494018554 0.5126447200775146 0.13732376098632812 0.10945377349853516
0 0.7139908790588378 0.5093994140625 0.09359722137451172 0.10823955535888671
0 0.7394552230834961 0.5097097396850586 0.1423795700073242 0.10817422866821289
0 0.7783845424652099 0.4394111633300781 0.12723970413208008 0.07840557098388672
1 0.773987102508545 0.5102222919464111 0.08955936431884766 0.10669307708740235
2 0.8151347160339355 0.49380016326904297 0.09166507720947266 0.09208879470825196
