2 0.1513855665922165 0.6931086540222168 0.18871832489967347 0.11583013534545898
2 0.1552087277173996 0.7351704597473144 0.18846235871315004 0.09335041046142578
2 0.15483988523483277 0.6247286796569824 0.1744842767715454 0.13201618194580078
1 0.16828420162200927 0.546013355255127 0.13402314186096193 0.15650157928466796
0 0.22920508980751036 0.462062931060791 0.12253826856613159 0.11613616943359376
0 0.35421977043151853 0.4153083682060242 0.19304256439208983 0.10785086154937744
3 0.5328657150268554 0.37079925537109376 0.15862693786621093 0.16536779403686525
0 0.6460441589355469 0.4053794860839844 0.12217483520507813 0.10397214889526367
1 0.7439121723175048 0.45306442975997924 0.13408784866333007 0.15100538730621338
2 0.7753405094146728 0.5176982879638672 0.17894105911254882 0.15001907348632812
2 0.8039778709411621 0.5979168891906739 0.18939075469970704 0.12098979949951172
2 0.8143350601196289 0.6643805503845215 0.18101425170898439 0.10752792358398437
