2 0.1384744167327881 0.2668012142181396 0.15944795608520507 0.18817644119262694
2 0.17794564068317414 0.4264090538024902 0.17620505690574645 0.17742681503295898
2 0.22493269443511962 0.5828815460205078 0.18380961418151856 0.19209346771240235
1 0.2848323345184326 0.6988265991210938 0.16124114990234376 0.1780364990234375
0 0.3941770076751709 0.7652544498443603 0.15015172958374023 0.15656671524047852
0 0.5314555168151855 0.782277250289917 0.16138153076171874 0.15119104385375975
0 0.6714292526245117 0.7629452705383301 0.17124786376953124 0.14820365905761718
0 0.778040075302124 0.7320339202880859 0.09735822677612305 0.09877471923828125
1 0.8464722633361816 0.6575526237487793 0.15426597595214844 0.16113920211791993
2 0.8586877584457397 0.5291839599609375 0.16745762825012206 0.140850830078125
2 0.864281177520752 0.39288721084594724 0.1620687484741211 0.1792304039001465
2 0.8650173425674439 0.23603332042694092 0.1478950023651123 0.18408970832824706
