2 0.14379344284534454 0.5030478477478028 0.12860512137413024 0.1313852310180664
1 0.16173219680786133 0.395115327835083 0.09888148307800293 0.11886110305786132
2 0.1652315616607666 0.5267799377441407 0.09155669212341308 0.09743156433105468
2 0.1720870018005371 0.5427113533020019 0.0999563217163086 0.12163047790527344
1 0.21238494515419007 0.5564371109008789 0.12384670972824097 0.15267009735107423
0 0.24023618102073668 0.38740100860595705 0.13248730897903443 0.13729867935180665
0 0.2741943359375 0.5859106540679931 0.14654932022094727 0.1581287384033203
0 0.3831176280975342 0.3807366847991943 0.21769075393676757 0.21557960510253907
0 0.3992166042327881 0.5895639419555664 0.15363788604736328 0.21678638458251953
0 0.5266799926757812 0.5702260971069336 0.15332527160644532 0.1984952926635742
0 0.5646376609802246 0.3666571617126465 0.21193952560424806 0.20920171737670898
0 0.6582107067108154 0.5519732475280762 0.15141172409057618 0.16666536331176757
0 0.7302982330322265 0.36023850440979005 0.17199134826660156 0.15881872177124023
1 0.7444478511810303 0.5117390632629395 0.13047304153442382 0.14396114349365235
2 0.8328840494155884 0.4969496726989746 0.12197527885437012 0.13223953247070314
0 0.846865463256836 0.36248300075531004 0.1106414794921875 0.11250948905944824
2 0.8877506256103516 0.4582196235656738 0.11965599060058593 0.11463432312011719
2 0.9175279617309571 0.3618612289428711 0.08261985778808593 0.08755970001220703
