2 0.18194496631622314 0.48366479873657225 0.12708206176757814 0.12994060516357422
2 0.2152994155883789 0.40712729692459104 0.08699822425842285 0.10003850460052491
2 0.25679988861083985 0.5226737499237061 0.1304574966430664 0.14729795455932618
1 0.30605008602142336 0.42462430000305174 0.15667281150817872 0.13853635787963867
1 0.33962359428405764 0.5524343967437744 0.14044904708862305 0.1825411796569824
0 0.450115442276001 0.4437859535217285 0.16527481079101564 0.16470508575439452
0 0.4589102745056152 0.5777020454406738 0.15511665344238282 0.16879196166992189
0 0.579956340789795 0.5919222831726074 0.15924110412597656 0.14845542907714843
0 0.6090913772583008 0.4492830395698547 0.2034219741821289 0.18080976009368896
0 0.6908629417419434 0.5794604301452637 0.13431034088134766 0.1415994644165039
0 0.7321140766143799 0.4679581165313721 0.1578047752380371 0.14680929183959962
0 0.7955531120300293 0.5714930057525635 0.1172637939453125 0.1425532341003418
1 0.8565439224243164 0.4701723098754883 0.14358844757080078 0.13516101837158204
1 0.8362554550170899 0.4793876647949219 0.09971122741699219 0.1164642333984375
