2 0.1687100887298584 0.2883219301700592 0.19130020141601561 0.18222979307174683
2 0.19039266407489777 0.4306522846221924 0.19770063757896422 0.17199993133544922
2 0.21931052207946777 0.5587224006652832 0.16208300590515137 0.17315244674682617
1 0.25336008071899413 0.6496627807617188 0.13469958305358887 0.1345602035522461
0 0.3317241668701172 0.7040383338928222 0.13571043014526368 0.11484279632568359
0 0.4469922065734863 0.6535035133361816 0.16975994110107423 0.1471881866455078
0 0.513066577911377 0.7061961174011231 0.15194787979125976 0.12675628662109376
0 0.6361685276031495 0.6938627243041993 0.12928438186645508 0.13204574584960938
1 0.7178548812866211 0.6277398586273193 0.14329814910888672 0.16436471939086914
2 0.7655703067779541 0.5513203620910645 0.17061376571655273 0.16729812622070311
2 0.8074445724487305 0.42257490158081057 0.20877475738525392 0.19215192794799804
2 0.8319361686706543 0.2708431720733643 0.20296764373779297 0.18680639266967775
