2 0.14586925208568574 0.3435600757598877 0.16110878586769103 0.16354045867919922
2 0.18770849704742432 0.44701123237609863 0.17151036262512206 0.12336359024047852
2 0.22055046558380126 0.5494083404541016 0.15856571197509767 0.1392454147338867
1 0.3088679313659668 0.6213486671447754 0.11613626480102539 0.10119972229003907
0 0.4045582890510559 0.6697236061096191 0.14074819087982177 0.09149703979492188
0 0.5209170341491699 0.6818184375762939 0.11254501342773438 0.07649993896484375
0 0.6165156364440918 0.6768149852752685 0.12812938690185546 0.08244075775146484
0 0.7083959579467773 0.6469912052154541 0.13700828552246094 0.09329347610473633
1 0.7926030635833741 0.585934066772461 0.12712335586547852 0.09802484512329102
2 0.8183996438980102 0.4887826919555664 0.16869502067565917 0.13969345092773439
2 0.838713550567627 0.26449368000030515 0.18645915985107422 0.16608242988586425
2 0.8410881996154785 0.3750476598739624 0.1306905746459961 0.12369723320007324
