2 0.2166285276412964 0.31437668800354 0.1936735153198242 0.16242213249206544
2 0.28345792293548583 0.4573191165924072 0.20232677459716797 0.1913987159729004
2 0.36940937042236327 0.5727839469909668 0.19106101989746094 0.18839950561523439
1 0.42324371337890626 0.6305845260620118 0.1373117446899414 0.17062549591064452
0 0.5024232864379883 0.6956686019897461 0.11649818420410156 0.10190830230712891
0 0.5570616722106934 0.6971159934997558 0.2032938003540039 0.10382747650146484
0 0.6868896484375 0.6880110263824463 0.10924415588378907 0.0854569435119629
1 0.774007511138916 0.5919125556945801 0.16350460052490234 0.1273344039916992
2 0.778086805343628 0.27016186714172363 0.15525388717651367 0.13736600875854493
2 0.7818050384521484 0.3844848394393921 0.16181602478027343 0.14364047050476075
0 0.7541972160339355 0.6598189830780029 0.09939155578613282 0.07665233612060547
2 0.7926883697509766 0.47940926551818847 0.14231376647949218 0.08818359375
