2 0.15413053035736085 0.30977725982666016 0.20560164451599122 0.16792259216308594
2 0.17995257377624513 0.4514914512634277 0.2079617500305176 0.16907501220703125
2 0.23577210903167725 0.5331027984619141 0.16948800086975097 0.11607990264892579
1 0.2696754693984985 0.6286388397216797 0.1401904582977295 0.1319021224975586
0 0.3840817928314209 0.6415843963623047 0.1291505813598633 0.12367668151855468
0 0.4526045322418213 0.7026416301727295 0.12937793731689454 0.11993560791015626
0 0.5649540424346924 0.7039703845977783 0.11861934661865234 0.11868829727172851
0 0.6320192337036132 0.6772228717803955 0.15198192596435547 0.15171432495117188
0 0.6528637886047364 0.7106072425842285 0.11193780899047852 0.08262825012207031
2 0.7424092292785645 0.5767198085784913 0.15072345733642578 0.13819799423217774
1 0.7246528148651123 0.6584172725677491 0.11470670700073242 0.11427907943725586
2 0.7876465320587158 0.36909754276275636 0.20033884048461914 0.16981720924377441
2 0.7805244445800781 0.46949424743652346 0.18013439178466797 0.09657802581787109
