2 0.17678805589675903 0.4730845928192139 0.08987967967987061 0.09344053268432617
2 0.20596866607666015 0.5278836727142334 0.09876441955566406 0.10254764556884766
2 0.2276769161224365 0.4406883239746094 0.08986282348632812 0.1054814338684082
1 0.25365138053894043 0.5414676666259766 0.09675874710083007 0.12405948638916016
0 0.2898303508758545 0.43925133943557737 0.09242544174194336 0.10928304195404052
0 0.3313854694366455 0.5589804172515869 0.10532283782958984 0.11868200302124024
0 0.42398605346679685 0.4372251987457275 0.20984344482421874 0.1597066879272461
0 0.4304004669189453 0.5917571067810059 0.12323207855224609 0.14316120147705078
0 0.5375337600708008 0.5959222793579102 0.1224761962890625 0.15005035400390626
0 0.6284627437591552 0.4400362014770508 0.20764236450195311 0.1483469009399414
0 0.6204547882080078 0.6027284145355225 0.08631706237792969 0.07817745208740234
1 0.7012993812561035 0.5703383445739746 0.11616735458374024 0.13052291870117189
1 0.763280200958252 0.4530994534492493 0.10191783905029297 0.11559445858001709
2 0.7757509231567383 0.5551234245300293 0.10422897338867188 0.11113853454589843
2 0.836080265045166 0.45592970848083497 0.08502159118652344 0.11172103881835938
