2 0.18200600147247314 0.5759626388549804 0.13314299583435057 0.08334312438964844
2 0.21197812557220458 0.5035206794738769 0.1744851589202881 0.11023139953613281
2 0.2797854423522949 0.4509555697441101 0.146759033203125 0.1057659387588501
1 0.3376010417938232 0.37828075885772705 0.10041227340698242 0.0683107852935791
0 0.4407127857208252 0.36922850608825686 0.11942586898803711 0.09619607925415039
0 0.5805112838745117 0.36115479469299316 0.18082065582275392 0.11590642929077148
0 0.7281486034393311 0.41425036191940307 0.15784292221069335 0.13874952793121337
2 0.7172347068786621 0.7318240165710449 0.09846420288085937 0.09590206146240235
2 0.7816959857940674 0.7082631111145019 0.2167130470275879 0.11697349548339844
2 0.8162292242050171 0.6262518882751464 0.1533970355987549 0.12196407318115235
2 0.8249439477920533 0.6985698699951172 0.12580409049987792 0.10580320358276367
0 0.8199845314025879 0.48105745315551757 0.08829593658447266 0.10122203826904297
