2 0.12613705396652222 0.7830491542816163 0.06572794914245605 0.08451433181762695
2 0.15990867614746093 0.6633169651031494 0.13243207931518555 0.11333513259887695
2 0.15886356830596923 0.690419340133667 0.12818379402160646 0.14399538040161133
2 0.1530411958694458 0.7312826156616211 0.10572633743286133 0.06235713958740234
2 0.1851164937019348 0.5623703956604004 0.15519959926605226 0.157550048828125
1 0.21451010704040527 0.4314739227294922 0.12695627212524413 0.15070714950561523
0 0.3189896583557129 0.3199922561645508 0.1251593589782715 0.1242894172668457
0 0.45117398500442507 0.27359371185302733 0.1708982229232788 0.11688976287841797
0 0.5834341049194336 0.31661505699157716 0.15996189117431642 0.15169076919555663
0 0.7118289947509766 0.37686333656311033 0.11665000915527343 0.12014474868774414
2 0.7909633636474609 0.7650153160095214 0.19993724822998046 0.14333744049072267
2 0.7841028213500977 0.6485849380493164 0.17388877868652344 0.14508800506591796
1 0.7813179969787598 0.5081063270568847 0.11898593902587891 0.14011049270629883
