2 0.08147994279861451 0.25801844596862794 0.16295988559722902 0.1945018768310547
2 0.08698000311851502 0.4068803310394287 0.17275482416152954 0.18013277053833007
2 0.1220203846693039 0.5502816200256347 0.1866725504398346 0.1781991958618164
1 0.17161331176757813 0.6658538818359375 0.14169883728027344 0.107177734375
0 0.2734568536281586 0.724296760559082 0.1678113102912903 0.11118278503417969
0 0.38393406867980956 0.7646578311920166 0.15861825942993163 0.13953752517700196
0 0.5239674568176269 0.7249418258666992 0.1734312057495117 0.1549161911010742
0 0.5638769149780274 0.8204776763916015 0.15256643295288086 0.10503597259521484
0 0.6271793365478515 0.6571873188018799 0.15400733947753906 0.11558694839477539
0 0.6704874992370605 0.7477561950683593 0.1488933563232422 0.10485668182373047
1 0.7599050521850585 0.6393650531768799 0.14681777954101563 0.1452505111694336
2 0.7891947746276855 0.52310209274292 0.1643003463745117 0.16756000518798828
2 0.8278425455093383 0.25081140995025636 0.19868922233581543 0.18989810943603516
2 0.8159112930297852 0.39483869075775146 0.17359066009521484 0.17155308723449708
