2 0.14909515380859376 0.43926153182983396 0.050204896926879884 0.06383399963378907
2 0.19324843883514403 0.505798625946045 0.09189486503601074 0.08341503143310547
2 0.17909448146820067 0.4403501510620117 0.05942502021789551 0.08726587295532226
1 0.23146538734436034 0.4563509106636047 0.09577937126159668 0.11359994411468506
2 0.23334035873413086 0.5365656852722168 0.089137601852417 0.08178138732910156
1 0.2741627931594849 0.547645092010498 0.08192009925842285 0.09078044891357422
0 0.3159958362579346 0.46545886993408203 0.1063755989074707 0.11473541259765625
0 0.3501788854598999 0.5641848564147949 0.09914650917053222 0.10136194229125976
0 0.4396782875061035 0.4814434051513672 0.16744680404663087 0.14137811660766603
0 0.44067091941833497 0.5765759944915771 0.11909904479980468 0.10788259506225586
0 0.5606687545776368 0.5761682987213135 0.12417316436767578 0.14234495162963867
0 0.5690911293029786 0.597562599182129 0.10830955505371094 0.09408931732177735
0 0.6241501808166504 0.4901299476623535 0.16024608612060548 0.12643699645996093
0 0.6585073471069336 0.5893304824829102 0.10009403228759765 0.11353816986083984
0 0.7359984397888184 0.49449405670166013 0.09566650390625 0.08741540908813476
1 0.7376959800720215 0.5781432628631592 0.08840904235839844 0.12340164184570312
2 0.7915576457977295 0.5739255905151367 0.06407003402709961 0.1150247573852539
1 0.7971187591552734 0.5167813301086426 0.06755542755126953 0.06034784317016602
2 0.8310722351074219 0.556124496459961 0.053503799438476565 0.06803665161132813
