2 0.13308547735214232 0.368133544921875 0.11584417819976807 0.11415624618530273
2 0.16521272659301758 0.4547275066375732 0.12801380157470704 0.09891414642333984
1 0.19974653720855712 0.5197901725769043 0.0877413272857666 0.08067893981933594
0 0.27552089691162107 0.5770819664001465 0.10566997528076172 0.0980154037475586
0 0.37876129150390625 0.5954831123352051 0.1295135498046875 0.1280963897705078
0 0.4945071220397949 0.6154989242553711 0.13305273056030273 0.1205514907836914
0 0.5957180976867675 0.6258875846862793 0.09505586624145508 0.08730945587158204
1 0.6987692832946777 0.6132724761962891 0.12933616638183593 0.09197492599487304
2 0.7478154182434082 0.5673867225646972 0.1352813720703125 0.09091148376464844
2 0.8149320363998414 0.4986686706542969 0.155039644241333 0.11511344909667968
