2 0.120056414604187 0.5881624698638916 0.18903164863586425 0.1342900276184082
2 0.12540847957134246 0.6459444046020508 0.16380653977394105 0.07449913024902344
2 0.13138892352581025 0.4751440048217773 0.17494130730628968 0.18211231231689454
1 0.15612943470478058 0.3595226764678955 0.14249319434165955 0.16640357971191405
0 0.22883506417274474 0.267888617515564 0.12188147306442261 0.14390873908996582
0 0.3665337085723877 0.2142401158809662 0.23123435974121093 0.12382460832595825
0 0.6010950088500977 0.24458979964256286 0.2231231689453125 0.11396857500076293
1 0.7421391487121582 0.3189601182937622 0.1321878433227539 0.14984660148620604
2 0.8123366355895996 0.5570764541625977 0.1962125778198242 0.1567678451538086
2 0.822858452796936 0.6828226089477539 0.21162333488464355 0.15357799530029298
2 0.7880734443664551 0.7735818862915039 0.11996936798095703 0.07134227752685547
1 0.8012035131454468 0.4257284998893738 0.14437260627746581 0.15800364017486573
