2 0.09828796982765198 0.30374984741210936 0.1907668948173523 0.1470773696899414
2 0.15161752700805664 0.4181108593940735 0.19690170288085937 0.17384603023529052
2 0.224379301071167 0.5276252746582031 0.16240129470825196 0.1712615966796875
1 0.2794360160827637 0.6163503646850585 0.12748966217041016 0.14258594512939454
0 0.385195255279541 0.6646915435791015 0.1521611213684082 0.13617076873779296
0 0.48702611923217776 0.7132599830627442 0.13148250579833984 0.13986358642578126
0 0.5887907028198243 0.6762409687042237 0.13165512084960937 0.13575668334960939
0 0.6776337623596191 0.624500846862793 0.13516502380371093 0.14727354049682617
1 0.7554207801818847 0.5647103309631347 0.13184547424316406 0.13902225494384765
2 0.7861367225646972 0.46478365659713744 0.15224571228027345 0.15914995670318605
2 0.80618257522583 0.35278565883636476 0.18649024963378907 0.15652041435241698
2 0.8168022155761718 0.2586463689804077 0.1885782241821289 0.10792760848999024
