2 0.16632134914398194 0.7161351680755615 0.10734591484069825 0.08771181106567383
2 0.1866842269897461 0.7113853931427002 0.13935470581054688 0.08309354782104492
2 0.2106996953487396 0.6577952861785888 0.15372506380081177 0.1112595558166504
2 0.216400808095932 0.5825014114379883 0.1315827488899231 0.09067459106445312
2 0.26484639644622804 0.5115150928497314 0.13804397583007813 0.1232182502746582
1 0.3078479528427124 0.4227593421936035 0.12238564491271972 0.13264503479003906
0 0.3686976909637451 0.35984230041503906 0.09517822265625 0.11238555908203125
0 0.4718477249145508 0.32654561996459963 0.1281818389892578 0.10962200164794922
0 0.600518798828125 0.33058509826660154 0.13329486846923827 0.1270233154296875
0 0.7044607162475586 0.3538344860076904 0.09315185546875 0.11705951690673828
1 0.7560509204864502 0.4135592460632324 0.1164372444152832 0.12948904037475586
2 0.7995026588439942 0.49770870208740237 0.13413600921630858 0.12369041442871094
2 0.847043514251709 0.6601602554321289 0.15669612884521483 0.134228515625
2 0.8563559532165528 0.7333396911621094 0.13575878143310546 0.09656715393066406
2 0.8478225708007813 0.5904922008514404 0.11326923370361328 0.12272119522094727
