2 0.11011063754558563 0.3819990634918213 0.0837189257144928 0.09640159606933593
2 0.12794358432292938 0.3884070873260498 0.11298895478248597 0.11327981948852539
2 0.14384281635284424 0.463776969909668 0.0938300609588623 0.07643642425537109
2 0.14644486904144288 0.40591620206832885 0.08989229202270507 0.14718363285064698
2 0.20348839163780214 0.4879344940185547 0.1044683575630188 0.07418956756591796
1 0.20864900946617126 0.4330850124359131 0.09032975435256958 0.12635211944580077
0 0.29177026748657225 0.4158947467803955 0.13371782302856444 0.14779911041259766
1 0.2875362396240234 0.5028605937957764 0.10283470153808594 0.0949324607849121
0 0.3864103078842163 0.5065241813659668 0.12141232490539551 0.12226295471191406
0 0.4328261256217957 0.42298508882522584 0.18394224643707274 0.187772536277771
0 0.4891522407531738 0.5185410022735596 0.12249221801757812 0.12923498153686525
0 0.5889327049255371 0.5416425704956055 0.11741361618041993 0.12053775787353516
0 0.6288094520568848 0.44349232912063596 0.17972660064697266 0.18152329921722413
0 0.6885886669158936 0.5417980194091797 0.11580686569213867 0.14501304626464845
0 0.7691683769226074 0.45991107225418093 0.1252073287963867 0.14024007320404053
1 0.7756815910339355 0.5631085395812988 0.0935018539428711 0.12425403594970703
1 0.8453866958618164 0.4976640701293945 0.098077392578125 0.12002048492431641
2 0.8469524383544922 0.5670557022094727 0.081829833984375 0.09922552108764648
2 0.9026439666748047 0.5473700523376465 0.08019752502441406 0.08499774932861329
2 0.900175952911377 0.4883230209350586 0.06871204376220703 0.08554744720458984
2 0.9402109146118164 0.4846743106842041 0.07254142761230468 0.08019323348999023
2 0.9508044242858886 0.5490477085113525 0.06664295196533203 0.09552621841430664
2 0.9632009029388428 0.542301082611084 0.07359819412231446 0.12480897903442383
