2 0.17690162658691405 0.5448860168457031 0.08194770812988281 0.0719522476196289
2 0.20381472110748292 0.5853007316589356 0.11149444580078124 0.07237939834594727
1 0.22716251015663147 0.5036372184753418 0.10254639387130737 0.12817058563232422
1 0.29164097309112547 0.57076416015625 0.12348637580871583 0.11071434020996093
0 0.3054056644439697 0.4815844535827637 0.12023286819458008 0.11436443328857422
0 0.44267663955688474 0.5820150375366211 0.12132492065429687 0.1360086441040039
0 0.4530321002006531 0.4838411331176758 0.13682787418365477 0.11022586822509765
0 0.5428905487060547 0.5862545490264892 0.11442317962646484 0.14331445693969727
0 0.6375316619873047 0.6302781105041504 0.11323843002319336 0.06395320892333985
0 0.6936804771423339 0.5257603645324707 0.11509933471679687 0.12045001983642578
1 0.7279551982879638 0.6139023780822754 0.1288222312927246 0.11656742095947266
1 0.7877575397491455 0.5522400379180908 0.11534910202026367 0.1340407371520996
2 0.8217314720153809 0.6391936302185058 0.09603939056396485 0.08284225463867187
2 0.8612771987915039 0.5838083267211914 0.09759063720703125 0.10171031951904297
2 0.8975660324096679 0.6432314395904541 0.09859867095947265 0.07416372299194336
2 0.9334890365600585 0.5963970184326172 0.10906639099121093 0.08820209503173829
