2 0.19176571369171141 0.6814947128295898 0.16172389984130858 0.1160369873046875
2 0.19448516368865967 0.5863511085510253 0.1484694480895996 0.1287015914916992
1 0.22031760215759277 0.3883052825927734 0.09787149429321289 0.12393207550048828
0 0.2845731258392334 0.2797714650630951 0.1566105842590332 0.16126357316970824
0 0.40329465866088865 0.24299905300140381 0.17777519226074218 0.12981085777282714
0 0.5740119934082031 0.23026506900787352 0.16804637908935546 0.10277023315429687
0 0.7065144538879394 0.24896399974822997 0.14848756790161133 0.14616689682006836
1 0.7655521392822265 0.3529778003692627 0.12437076568603515 0.13557586669921876
2 0.8012544631958007 0.4437102198600769 0.1270662307739258 0.12382490634918213
2 0.8360869407653808 0.5443328857421875 0.13932228088378906 0.12652168273925782
2 0.8574154138565063 0.6360157489776611 0.1392035961151123 0.10417413711547852
