2 0.041793861985206605 0.4823598861694336 0.08357455134391785 0.11888055801391602
2 0.04718102216720581 0.39553036689758303 0.07239344120025634 0.06538219451904297
2 0.09651716351509095 0.5355422019958496 0.12100967168807983 0.12318897247314453
1 0.12848014533519744 0.43566495180130005 0.13156810402870178 0.15724141597747804
2 0.14343962967395782 0.5354466915130616 0.08865298628807068 0.11603279113769531
1 0.18915297985076904 0.5716151237487793 0.12324118614196777 0.16947002410888673
0 0.24614264965057372 0.44323439598083497 0.16772036552429198 0.16568212509155272
0 0.28801522254943845 0.588196086883545 0.1659158706665039 0.16752986907958983
0 0.4258472442626953 0.4488791346549988 0.23886327743530272 0.18895533084869384
0 0.42894806861877444 0.5949687004089356 0.1610039710998535 0.1677156448364258
0 0.5676574230194091 0.5912400722503662 0.16411275863647462 0.17758817672729493
0 0.6317010879516601 0.44341311454772947 0.22014789581298827 0.19128999710083008
0 0.6932450294494629 0.5873372077941894 0.15410537719726564 0.17819061279296874
1 0.7711331367492675 0.555704402923584 0.10814018249511718 0.15664176940917968
0 0.7899306297302247 0.4424799084663391 0.14483222961425782 0.16925275325775146
2 0.8414360046386719 0.5391972541809082 0.11139965057373047 0.10905380249023437
1 0.8827088356018067 0.42866934537887574 0.0999114990234375 0.12940542697906493
2 0.90084228515625 0.5184114456176758 0.11289405822753906 0.1426370620727539
