2 0.15708496272563935 0.3494881629943848 0.18453879952430724 0.13129215240478515
2 0.1646687388420105 0.4348400592803955 0.16716196537017822 0.12219533920288086
2 0.19761841297149657 0.5250893592834472 0.14763617515563965 0.13891983032226562
1 0.2199746549129486 0.5916340827941895 0.10510369539260864 0.1325672149658203
0 0.30291099548339845 0.6210681438446045 0.11969528198242188 0.1275784492492676
0 0.3807558298110962 0.654209041595459 0.11997447013854981 0.09190483093261718
0 0.4822197914123535 0.6438788414001465 0.12312393188476563 0.13554458618164061
0 0.5923044204711914 0.6432550430297852 0.1293956756591797 0.1507889747619629
1 0.692350196838379 0.6141592979431152 0.10793952941894532 0.15399580001831054
2 0.7507184982299805 0.559496545791626 0.14973983764648438 0.1576991081237793
2 0.8208622932434082 0.477590274810791 0.17904396057128907 0.1495187759399414
2 0.8594833374023437 0.37880558967590333 0.18807449340820312 0.1385117530822754
