2 0.09795513153076171 0.4593966484069824 0.09180235862731934 0.10654144287109375
2 0.14574909210205078 0.46243748664855955 0.08461208343505859 0.06756620407104492
2 0.13564419746398926 0.4187788009643555 0.05749821662902832 0.05785303115844727
2 0.17067391872406007 0.4334884166717529 0.057692098617553714 0.09400615692138672
2 0.1957199215888977 0.49524774551391604 0.07564284801483154 0.07472267150878906
1 0.21134028434753419 0.43432207107543946 0.07124896049499511 0.10047121047973633
1 0.2571669101715088 0.4955284595489502 0.09308252334594727 0.10934858322143555
0 0.27537715435028076 0.42146738767623904 0.10349984169006347 0.10449144840240479
0 0.3284705877304077 0.5113632202148437 0.08570675849914551 0.11458883285522461
0 0.396575927734375 0.4428406596183777 0.16046876907348634 0.10792028903961182
0 0.41593390703201294 0.5434460639953613 0.11719510555267335 0.16226959228515625
0 0.5143243789672851 0.5145873069763184 0.11110658645629883 0.1512279510498047
0 0.5635946750640869 0.4083806037902832 0.16001348495483397 0.1448495864868164
0 0.6109424591064453 0.5155904769897461 0.11597156524658203 0.13136692047119142
0 0.6774630069732666 0.4082241177558899 0.10555610656738282 0.11465642452239991
1 0.7033541202545166 0.5026364803314209 0.09727048873901367 0.12659730911254882
1 0.7760931015014648 0.45262335538864135 0.10548229217529297 0.11231443881988526
2 0.7757809162139893 0.5111615180969238 0.0912043571472168 0.09440088272094727
2 0.8422609329223633 0.44555840492248533 0.07144584655761718 0.10552940368652344
2 0.8549585342407227 0.4947640419006348 0.08681221008300781 0.07100372314453125
2 0.8989471435546875 0.4290990710258484 0.07306556701660157 0.09742491245269776
