2 0.14541504681110382 0.3311372995376587 0.19478048682212828 0.19692387580871581
2 0.1750219702720642 0.45433530807495115 0.17303597927093506 0.13431549072265625
2 0.1953357696533203 0.5448758125305175 0.15393657684326173 0.10865230560302734
1 0.25640690326690674 0.6349029541015625 0.11976170539855957 0.10893592834472657
0 0.3268264293670654 0.6937562942504882 0.14707717895507813 0.10469112396240235
0 0.4403024673461914 0.6835690498352051 0.12891225814819335 0.10546894073486328
1 0.7382863521575928 0.6111712455749512 0.136374568939209 0.12284183502197266
2 0.8025466918945312 0.5144284725189209 0.14909305572509765 0.13784351348876953
2 0.8427214622497559 0.4248330116271973 0.1656768798828125 0.13058319091796874
2 0.861900520324707 0.31530156135559084 0.18688926696777344 0.16298532485961914
