2 0.14107168912887574 0.7021428108215332 0.1914433240890503 0.11611156463623047
2 0.14248427152633666 0.6303047180175781 0.17246248722076415 0.09880123138427735
2 0.16736161708831787 0.5695934295654297 0.19913125038146973 0.13913745880126954
1 0.16910040378570557 0.46415863037109373 0.09000921249389648 0.10722179412841797
0 0.28501410484313966 0.4376752734184265 0.1628401756286621 0.14596502780914306
0 0.37990262508392336 0.3684021234512329 0.18411402702331542 0.13430685997009278
0 0.5541082382202148 0.3595768690109253 0.17769851684570312 0.13964829444885254
0 0.6948684692382813 0.38548855781555175 0.16057319641113282 0.1438526153564453
1 0.79757080078125 0.41496456861495973 0.1190835952758789 0.11468946933746338
2 0.8416664123535156 0.5134621620178222 0.2019641876220703 0.16272315979003907
2 0.8869465827941895 0.5803221702575684 0.17479000091552735 0.12788791656494142
2 0.9088376998901367 0.6516627311706543 0.18150367736816406 0.12637577056884766
