2 0.17846353054046632 0.35343308448791505 0.17292590141296388 0.15556325912475585
2 0.20021359920501708 0.45694899559020996 0.13070411682128907 0.0961233139038086
2 0.2141486883163452 0.5458851337432862 0.1419321060180664 0.11901273727416992
1 0.24505288600921632 0.6239520072937011 0.1072321891784668 0.0724405288696289
0 0.32039356231689453 0.6576600551605225 0.12178869247436523 0.10815010070800782
0 0.4004037857055664 0.6959229469299316 0.11478223800659179 0.10942306518554687
0 0.496519947052002 0.6958119869232178 0.10771656036376953 0.1195608139038086
0 0.5962695121765137 0.6796455383300781 0.11800918579101563 0.12254467010498046
1 0.6836614608764648 0.6541504859924316 0.10219640731811523 0.11568031311035157
2 0.7584343910217285 0.5919893264770508 0.1497190475463867 0.13707561492919923
2 0.7917969226837158 0.49904489517211914 0.1567532539367676 0.1283270835876465
2 0.8323662042617798 0.38460373878479004 0.18243784904479982 0.17606658935546876
