2 0.1214856505393982 0.520973014831543 0.09183084964752197 0.07820320129394531
2 0.15093564987182617 0.5721986770629883 0.088004732131958 0.06942062377929688
2 0.17498151063919068 0.515388298034668 0.08853466510772705 0.10763206481933593
2 0.21807918548583985 0.5742645263671875 0.09454307556152344 0.07910728454589844
1 0.2326192855834961 0.5037092208862305 0.0864109992980957 0.12838916778564452
1 0.28022611141204834 0.5815310478210449 0.09306125640869141 0.07539730072021485
0 0.3059720277786255 0.5082653522491455 0.10757794380187988 0.14078922271728517
0 0.35207457542419435 0.584625244140625 0.08159942626953125 0.06037960052490234
0 0.4076214790344238 0.5151564598083496 0.1462172508239746 0.16112689971923827
0 0.43545684814453123 0.5811781883239746 0.09124584197998047 0.05747566223144531
0 0.5371473789215088 0.508660888671875 0.14987478256225586 0.15708484649658203
0 0.5233739852905274 0.5826130867004394 0.10483999252319336 0.06871423721313477
0 0.6070401191711425 0.5850321292877197 0.08085269927978515 0.07515420913696289
0 0.647861099243164 0.5146480083465577 0.10980195999145508 0.13588981628417968
1 0.6779469013214111 0.5893075942993165 0.0844085693359375 0.08149251937866211
1 0.7267495632171631 0.5221458435058594 0.09109983444213868 0.11583786010742188
2 0.7409467697143555 0.5829071998596191 0.09595422744750977 0.09179153442382812
2 0.7876570701599122 0.539362096786499 0.0886423110961914 0.11189804077148438
2 0.8416027069091797 0.5406194210052491 0.0723031997680664 0.0870387077331543
