2 0.17103312015533448 0.6664563179016113 0.15380306243896485 0.13502941131591797
2 0.15090610980987548 0.7504350662231445 0.08480439186096192 0.07551231384277343
2 0.19073957204818726 0.5631312370300293 0.16165683269500733 0.11753149032592773
2 0.2244493007659912 0.4669955372810364 0.16210336685180665 0.14777238368988038
1 0.23548226952552795 0.3539506196975708 0.11375473737716675 0.11712708473205566
0 0.3184024810791016 0.2993303298950195 0.12717056274414062 0.1356891632080078
0 0.43144497871398924 0.25725036263465884 0.16224269866943358 0.15089977979660035
0 0.5791640281677246 0.2493584156036377 0.16477813720703124 0.14839839935302734
0 0.6812722682952881 0.30106425285339355 0.13533611297607423 0.13898639678955077
2 0.7578127384185791 0.4886923789978027 0.166397762298584 0.14540796279907225
1 0.759815788269043 0.36566686630249023 0.12354602813720703 0.13160343170166017
2 0.7853834152221679 0.5760917663574219 0.15849533081054687 0.12806529998779298
2 0.8104991674423218 0.6761486053466796 0.16626286506652832 0.15761566162109375
2 0.815699553489685 0.7734235763549805 0.12862706184387207 0.10452785491943359
