2 0.09991641044616699 0.5494280815124511 0.1935187816619873 0.11371860504150391
2 0.09172016382217407 0.6248426914215088 0.1595780611038208 0.0943526268005371
2 0.08213733434677124 0.6708283424377441 0.11191163063049317 0.061539649963378906
1 0.11387405097484589 0.4294235348701477 0.16631627678871155 0.1751605749130249
0 0.2348528802394867 0.4089211344718933 0.1308853268623352 0.19020941257476806
0 0.3950745344161987 0.3588300943374634 0.23030524253845214 0.24570937156677247
0 0.6246679306030274 0.38483951091766355 0.22839794158935547 0.2679421901702881
0 0.7752781867980957 0.4810447692871094 0.13184871673583984 0.1894364356994629
2 0.8966775894165039 0.6443031311035157 0.1919940948486328 0.11829376220703125
1 0.8723949432373047 0.5364513874053956 0.14211978912353515 0.17525005340576172
2 0.902454948425293 0.7056225776672364 0.18297576904296875 0.08502788543701172
