2 0.1726878523826599 0.4045747756958008 0.16068103313446044 0.12619600296020508
2 0.1787707805633545 0.49332103729248045 0.14595518112182618 0.10423355102539063
2 0.22069411277770995 0.5747062683105468 0.13918476104736327 0.0927194595336914
1 0.24412889480590821 0.6578596115112305 0.10504865646362305 0.11607494354248046
0 0.3284264326095581 0.6897601127624512 0.11872138977050781 0.11568222045898438
0 0.42911581993103026 0.7013804912567139 0.12630767822265626 0.12947912216186525
0 0.5466684341430664 0.7073194503784179 0.12929515838623046 0.12334098815917968
0 0.6588797569274902 0.6911712169647217 0.12353954315185547 0.10975027084350586
1 0.7300226211547851 0.6509675979614258 0.11865291595458985 0.1186110496520996
2 0.7629845619201661 0.5735368728637695 0.12971115112304688 0.08688468933105468
2 0.8111002206802368 0.414274799823761 0.1790008068084717 0.1398690938949585
2 0.7972883224487305 0.5028034687042237 0.14029808044433595 0.09712276458740235
