2 0.15311579704284667 0.653265905380249 0.1682203769683838 0.13188161849975585
2 0.14976025819778443 0.5727581977844238 0.12159202098846436 0.09097938537597657
2 0.18211382627487183 0.48671541213989256 0.13503968715667725 0.13479537963867189
1 0.21138010621070863 0.395857572555542 0.11242274045944214 0.09493007659912109
0 0.27805914878845217 0.3171295166015625 0.14833650588989258 0.12475252151489258
0 0.43632460832595826 0.27455811500549315 0.18792073726654052 0.14552536010742187
0 0.6189674854278564 0.28292295932769773 0.18511390686035156 0.15127873420715332
0 0.7478017330169677 0.3497810363769531 0.14927492141723633 0.12687206268310547
1 0.8050519704818726 0.6865999698638916 0.18842015266418458 0.11263933181762695
2 0.791859483718872 0.44727091789245604 0.1609734535217285 0.11419134140014649
2 0.807261061668396 0.5453016281127929 0.1833275318145752 0.12378559112548829
2 0.8187227249145508 0.6278193950653076 0.17276878356933595 0.10213947296142578
