1 0.12202772796154022 0.40113316774368285 0.10222154259681701 0.09209058284759522
2 0.1632881283760071 0.4981203079223633 0.1200786828994751 0.13160247802734376
2 0.1529952883720398 0.5468208312988281 0.0606938362121582 0.061728286743164065
2 0.2048243522644043 0.5458774566650391 0.12103142738342285 0.12376937866210938
0 0.23770434856414796 0.39618263244628904 0.14167652130126954 0.13782243728637694
1 0.24974610805511474 0.5597893714904785 0.08159461021423339 0.10851678848266602
0 0.3335713863372803 0.5332962036132812 0.12660808563232423 0.15223388671875
0 0.38720111846923827 0.40869752168655393 0.19207534790039063 0.16627767086029052
0 0.44135618209838867 0.5327497482299804 0.14173736572265624 0.16975460052490235
0 0.5615996837615966 0.3973241329193115 0.19452543258666993 0.16454076766967773
0 0.5587223052978516 0.5332701206207275 0.13912792205810548 0.16625089645385743
0 0.6723623275756836 0.5307549953460693 0.1298375129699707 0.1572209358215332
0 0.7067509651184082 0.3935918569564819 0.13853950500488282 0.15837445259094238
1 0.7725237846374512 0.5188758850097657 0.10779018402099609 0.14347467422485352
2 0.8419938087463379 0.5006209373474121 0.12002582550048828 0.13227500915527343
2 0.8357180595397949 0.3846063852310181 0.10316982269287109 0.10263190269470215
2 0.8832988739013672 0.4925208568572998 0.08035392761230468 0.08097515106201172
