2 0.13101874589920043 0.7192775726318359 0.18291985988616943 0.1409505844116211
2 0.1274825692176819 0.629910659790039 0.15654847621917725 0.1137807846069336
2 0.14266426265239715 0.795017147064209 0.16745858788490295 0.08938465118408204
2 0.15944769084453583 0.5345653533935547 0.1691528856754303 0.13723697662353515
1 0.1888242244720459 0.4144651532173157 0.1438619613647461 0.13209931850433348
0 0.24587955474853515 0.3245185613632202 0.1394667148590088 0.13018035888671875
0 0.3737982749938965 0.2823617935180664 0.17125558853149414 0.14720983505249025
0 0.5432414054870606 0.2762746810913086 0.18349132537841797 0.14327754974365234
0 0.6937819004058838 0.2944996118545532 0.14202194213867186 0.12076320648193359
1 0.7859381675720215 0.3749017477035522 0.13671417236328126 0.13505253791809083
2 0.8379039764404297 0.491900110244751 0.15711727142333984 0.13791732788085936
2 0.8933026313781738 0.6039029598236084 0.13137264251708985 0.13330469131469727
2 0.9159162521362305 0.7028498172760009 0.12466812133789062 0.13072652816772462
2 0.9350358963012695 0.7792212963104248 0.10203285217285156 0.09940042495727539
