2 0.20100653171539307 0.5970954895019531 0.17866935729980468 0.08261280059814453
2 0.2235022783279419 0.6766707420349121 0.19564733505249024 0.09015674591064453
2 0.21190764904022216 0.5153619766235351 0.1659296989440918 0.10007896423339843
2 0.21982389092445373 0.731815767288208 0.17241286039352416 0.06803617477416993
0 0.279692554473877 0.33872475624084475 0.1114161491394043 0.12368564605712891
0 0.4081045985221863 0.2892909526824951 0.17371370792388915 0.11954407691955567
0 0.559986686706543 0.26485471725463866 0.16284780502319335 0.095526123046875
0 0.686220932006836 0.3209641933441162 0.1301271438598633 0.10530624389648438
2 0.8027219533920288 0.5031321525573731 0.1537693500518799 0.11603889465332032
2 0.8398619651794433 0.6034335136413574 0.1470731735229492 0.09525833129882813
2 0.8944442749023438 0.706196641921997 0.16028823852539062 0.1199519157409668
2 0.9045953750610352 0.7868124008178711 0.13306827545166017 0.08221282958984374
