2 0.15964820384979247 0.27471017837524414 0.15108199119567872 0.14554529190063475
2 0.19293062686920165 0.3813409566879272 0.17382192611694336 0.1388277530670166
2 0.20868339538574218 0.47235927581787107 0.14355816841125488 0.1075479507446289
2 0.24220664501190187 0.5545873641967773 0.14329371452331544 0.11670160293579102
1 0.27746968269348143 0.6219305038452149 0.09017162322998047 0.09878253936767578
0 0.35194621086120603 0.6532810211181641 0.09902944564819335 0.08029041290283204
0 0.43651795387268066 0.6758845329284668 0.09950323104858398 0.06427364349365235
0 0.5219797134399414 0.6740244865417481 0.09454336166381835 0.07025394439697266
0 0.601704454421997 0.6631825923919678 0.1098282814025879 0.07344598770141601
1 0.6878960609436036 0.6292763233184815 0.0894775390625 0.10041313171386719
2 0.7275603294372559 0.575955581665039 0.14068832397460937 0.1126124382019043
2 0.7699221134185791 0.5048057556152343 0.141616153717041 0.11437759399414063
2 0.7983872413635253 0.409337055683136 0.16768016815185546 0.13378674983978273
2 0.8367475748062134 0.3125010013580322 0.14062952995300293 0.13929061889648436
