2 0.13572609424591064 0.22745878696441652 0.13852477073669434 0.17880864143371583
2 0.16647084951400756 0.37682557106018066 0.17383100986480712 0.18236141204833983
2 0.21164155006408691 0.5161364078521729 0.15771923065185547 0.16036128997802734
1 0.2599096357822418 0.6187514305114746 0.14077109098434448 0.1372732162475586
0 0.3338294982910156 0.6859455108642578 0.11269912719726563 0.10443592071533203
0 0.4297006130218506 0.7135386943817139 0.11714811325073242 0.08553609848022461
0 0.5374280929565429 0.7165541172027587 0.12068233489990235 0.10374565124511718
0 0.6392602920532227 0.7094939708709717 0.10878200531005859 0.1062551498413086
1 0.7137707710266114 0.6498122215270996 0.14434661865234374 0.14411144256591796
2 0.7728209972381592 0.5635980129241943 0.16005144119262696 0.1556631088256836
2 0.8229428291320801 0.436079216003418 0.20198192596435546 0.1988223075866699
2 0.8860486030578614 0.2811507940292358 0.1441804885864258 0.19542737007141114
