2 0.15078997611999512 0.3133025884628296 0.11420516967773438 0.17730507850646973
2 0.18978919982910156 0.4564397931098938 0.15462760925292968 0.1725829839706421
2 0.2438450574874878 0.5577376842498779 0.13863615989685057 0.13747615814208985
2 0.28481016159057615 0.6455699920654296 0.12603864669799805 0.12327079772949219
1 0.34706227779388427 0.7211818218231201 0.11762881278991699 0.0928868293762207
0 0.41873950958251954 0.7555631637573242 0.10518054962158203 0.0895751953125
0 0.5082880020141601 0.7609308242797852 0.09520473480224609 0.09294490814208985
0 0.5938532829284668 0.7586938381195069 0.09479799270629882 0.09511728286743164
0 0.6654759407043457 0.7281927108764649 0.10618410110473633 0.09343948364257812
1 0.709664249420166 0.6578849792480469 0.11725711822509766 0.10526390075683593
2 0.740303897857666 0.5621177196502686 0.11795520782470703 0.12887125015258788
2 0.7750461101531982 0.46989078521728517 0.11118955612182617 0.11610183715820313
2 0.7988584518432618 0.3590472459793091 0.11304817199707032 0.14869160652160646
2 0.7928446292877197 0.23180747628211976 0.09540758132934571 0.1471312403678894
