2 0.13580330610275268 0.6063509941101074 0.13819482326507568 0.09712095260620117
2 0.17321291267871858 0.546872901916504 0.1598483979701996 0.09346141815185546
2 0.17794915437698364 0.5314794540405273 0.1522083044052124 0.128326416015625
1 0.214455646276474 0.4313891291618347 0.11720696687698365 0.15819456577301025
0 0.3087185859680176 0.36034204959869387 0.10785627365112305 0.11930842399597168
0 0.43930999040603635 0.3526001930236816 0.1284747838973999 0.12167129516601563
0 0.5941406726837158 0.3716322660446167 0.12242860794067383 0.11858983039855957
0 0.7303489208221435 0.42243194580078125 0.1261134147644043 0.12461061477661133
1 0.8626952171325684 0.4981240272521973 0.11338748931884765 0.18142871856689452
2 0.8908487319946289 0.6252220153808594 0.16078262329101561 0.10357437133789063
