2 0.10666594207286835 0.4095051884651184 0.06476565003395081 0.0744210958480835
2 0.15632003545761108 0.42185044288635254 0.07599790096282959 0.0974919319152832
1 0.213318133354187 0.5010875701904297 0.08819584846496582 0.10492191314697266
1 0.21424880027770996 0.4395561099052429 0.08495922088623047 0.122548508644104
0 0.2970760345458984 0.44882544279098513 0.12324657440185546 0.13704493045806884
0 0.29640562534332277 0.5341354370117187 0.09345927238464355 0.08180313110351563
0 0.37780466079711916 0.5361462593078613 0.10556116104125976 0.07568721771240235
0 0.41220959424972536 0.4605991840362549 0.15608084201812744 0.14842967987060546
0 0.46456089019775393 0.5279671669006347 0.08832454681396484 0.06879520416259766
0 0.5490498542785645 0.45049452781677246 0.15262460708618164 0.13445959091186524
0 0.5444608211517334 0.5278231143951416 0.09609432220458984 0.06359033584594727
0 0.6254491806030273 0.5190474510192871 0.10030250549316407 0.08596343994140625
0 0.6651330947875976 0.4276893734931946 0.11913166046142579 0.142295241355896
1 0.6993241310119629 0.5045668601989746 0.08050069808959961 0.10869274139404297
1 0.7488271713256835 0.40626111030578616 0.09777898788452148 0.12828998565673827
2 0.7643759727478028 0.4725315093994141 0.09207706451416016 0.11356086730957031
2 0.8128040075302124 0.39153151512145995 0.08291516304016114 0.1101710319519043
