2 0.11425577402114868 0.5049358367919922 0.0891850471496582 0.08435039520263672
0 0.1598339319229126 0.4264247894287109 0.10396924018859863 0.15126628875732423
1 0.16701092720031738 0.5227531433105469 0.10948281288146973 0.08645572662353515
0 0.28387134075164794 0.4085162281990051 0.19036469459533692 0.19331395626068115
0 0.26044607162475586 0.548780870437622 0.10745811462402344 0.14391965866088868
0 0.353743314743042 0.5492548942565918 0.13989152908325195 0.1751007080078125
0 0.45227985382080077 0.3818357467651367 0.1954014778137207 0.20639629364013673
0 0.4549225926399231 0.5271365165710449 0.13265454769134521 0.15852413177490235
0 0.5597781181335449 0.49411325454711913 0.13512916564941407 0.16027774810791015
0 0.6071647644042969 0.3620401620864868 0.14723701477050782 0.16701359748840333
1 0.6671175956726074 0.4839885711669922 0.10571346282958985 0.11443634033203125
1 0.7036919593811035 0.34731545448303225 0.07959537506103516 0.0883209228515625
2 0.7557252407073974 0.48090438842773436 0.14666223526000977 0.14540958404541016
2 0.7837859153747558 0.43679094314575195 0.15059299468994142 0.08630495071411133
2 0.7775152683258056 0.3242978811264038 0.10535154342651368 0.12688889503479003
2 0.8077547073364257 0.4370242953300476 0.10865325927734375 0.0908437967300415
2 0.8407665252685547 0.40322418212890626 0.1559988021850586 0.08876533508300781
