1 0.12178939580917358 0.48712496757507323 0.1627497434616089 0.23374156951904296
2 0.16693884134292603 0.6023473739624023 0.1427157163619995 0.08303804397583008
0 0.23120227456092834 0.5206128120422363 0.11716889142990113 0.1793924331665039
0 0.2710829973220825 0.607567024230957 0.10121016502380371 0.0660919189453125
0 0.3458550453186035 0.6188636779785156 0.2198171615600586 0.0906707763671875
0 0.37907207012176514 0.4954038619995117 0.22474303245544433 0.26271839141845704
0 0.3918174743652344 0.6277031421661377 0.1246826171875 0.06504278182983399
0 0.5969773292541504 0.6275147438049317 0.2711952209472656 0.11087398529052735
0 0.5845295906066894 0.48203063011169434 0.23818540573120117 0.27625722885131837
0 0.6552540779113769 0.6268893241882324 0.15208930969238282 0.11285247802734374
0 0.7481601715087891 0.49746007919311525 0.12456016540527344 0.15651273727416992
2 0.8340187072753906 0.6049753189086914 0.15769729614257813 0.09501171112060547
1 0.8457571983337402 0.48529396057128904 0.12271060943603515 0.15094280242919922
2 0.9101451873779297 0.5529283046722412 0.1298450469970703 0.10821914672851562
2 0.9265214920043945 0.5496509552001954 0.08932571411132813 0.10435218811035156
2 0.9399553298950195 0.4350040316581726 0.10753288269042968 0.12637522220611572
