2 0.18741374015808104 0.4705940246582031 0.11160659790039062 0.12704715728759766
2 0.2652507245540619 0.570071029663086 0.13220864534378052 0.10314464569091797
0 0.31683576107025146 0.4916071891784668 0.17021031379699708 0.1606273651123047
0 0.3843974590301514 0.5829410552978516 0.12056541442871094 0.09367504119873046
0 0.46019705533981325 0.4950307846069336 0.18205320835113525 0.17686042785644532
0 0.4853940010070801 0.5849152565002441 0.11738758087158203 0.11257858276367187
0 0.5855842590332031 0.5902311325073242 0.12438030242919922 0.10946502685546874
0 0.6084589004516602 0.48860530853271483 0.16690502166748047 0.16980476379394532
0 0.6778403759002686 0.5818681716918945 0.0939560890197754 0.0925948143005371
0 0.7132127761840821 0.48276519775390625 0.10412254333496093 0.1526503562927246
1 0.7508955478668213 0.5679134368896485 0.08684120178222657 0.09013776779174805
2 0.7914379596710205 0.5346780776977539 0.0973402976989746 0.12412891387939454
1 0.800543236732483 0.443007755279541 0.10891604423522949 0.12770328521728516
