2 0.1402900218963623 0.3554539680480957 0.19173903465270997 0.1267998695373535
2 0.15363305807113647 0.4584780693054199 0.17892348766326904 0.14886436462402344
2 0.18376306295394898 0.5570457458496094 0.16008279323577881 0.1292966842651367
1 0.23122546672821045 0.6442751884460449 0.12130260467529297 0.1215597152709961
0 0.33457810878753663 0.678073787689209 0.12411580085754395 0.1272939682006836
0 0.45216645002365113 0.7055115699768066 0.13160879611968995 0.1330028533935547
0 0.5597498416900635 0.688808536529541 0.12620325088500978 0.12380990982055665
0 0.6586686134338379 0.6601095199584961 0.12351112365722657 0.12090301513671875
2 0.7657412528991699 0.5467044830322265 0.1432342529296875 0.09500637054443359
1 0.7416616916656494 0.6124001979827881 0.0875199317932129 0.06776638031005859
2 0.7828539848327637 0.45827908515930177 0.15455207824707032 0.1144789695739746
2 0.814079475402832 0.36542401313781736 0.17587223052978515 0.14061384201049804
2 0.82543466091156 0.24267811179161072 0.15163350105285645 0.14121314287185668
