2 0.17556174993515014 0.6892345428466797 0.10700790882110596 0.12066450119018554
2 0.19869019985198974 0.6074708938598633 0.10807366371154785 0.12142906188964844
2 0.2330566167831421 0.5240371227264404 0.0971489429473877 0.11410560607910156
1 0.2935194730758667 0.4411874294281006 0.0956956386566162 0.08749589920043946
0 0.3555715084075928 0.3835395574569702 0.09560527801513671 0.0701138973236084
0 0.44912253618240355 0.34731473922729494 0.13669373989105224 0.11327629089355469
0 0.6000492572784424 0.3521589756011963 0.13210716247558593 0.11035356521606446
0 0.6945698738098145 0.3912933349609375 0.09541301727294922 0.09775972366333008
1 0.740297508239746 0.46401515007019045 0.10728778839111328 0.0863001823425293
2 0.782567834854126 0.7029995918273926 0.17338361740112304 0.10759906768798828
2 0.7865612506866455 0.6338791847229004 0.16782255172729493 0.12431926727294922
2 0.7777420997619628 0.5514023780822754 0.1484285354614258 0.12117061614990235
