2 0.15464959144592286 0.7359460830688477 0.18149795532226562 0.1263294219970703
2 0.18035863637924193 0.5819035053253174 0.20833609104156495 0.15045385360717772
2 0.181396484375 0.6775506019592286 0.17008190155029296 0.09255847930908204
1 0.2100748300552368 0.5047843933105469 0.1316978931427002 0.1483285903930664
0 0.2945717811584473 0.4112955927848816 0.1810213088989258 0.11312105655670165
0 0.379856014251709 0.30262744426727295 0.22377490997314453 0.16559224128723143
0 0.5943900108337402 0.29845738410949707 0.2208414077758789 0.17238225936889648
0 0.7009552955627442 0.4053353428840637 0.17138519287109374 0.14624593257904053
2 0.7906454086303711 0.5601723670959473 0.20062942504882814 0.14776992797851562
2 0.8063223838806153 0.6475099563598633 0.1785573959350586 0.09441337585449219
2 0.825558090209961 0.7393198013305664 0.18114948272705078 0.1259664535522461
