2 0.14156139194965361 0.41311503648757936 0.08417004942893982 0.07923543453216553
2 0.20688483715057374 0.5214264869689942 0.1301112651824951 0.12578125
1 0.2134571075439453 0.42098637819290163 0.10718297958374023 0.11832215785980224
1 0.26857092380523684 0.5347559452056885 0.1164787769317627 0.1441288948059082
0 0.3042503833770752 0.4207456111907959 0.11186017990112304 0.11392278671264648
0 0.3611061334609985 0.5466829299926758 0.10987858772277832 0.13093624114990235
0 0.45174304246902464 0.5482419967651367 0.10830380916595458 0.08885231018066406
0 0.5820466041564941 0.4500283241271973 0.13122844696044922 0.09746274948120118
0 0.6480626106262207 0.537017822265625 0.11191635131835938 0.1028961181640625
0 0.7022517681121826 0.4390887260437012 0.12492055892944336 0.08760490417480468
1 0.7401272773742675 0.555445671081543 0.10734319686889648 0.13487606048583983
2 0.8180593729019165 0.5606481552124023 0.11064028739929199 0.12185773849487305
2 0.8492894887924194 0.5234852313995362 0.16373143196105958 0.10635738372802735
1 0.8124563455581665 0.4399845123291016 0.08926081657409668 0.09821195602416992
2 0.8766063690185547 0.44106321334838866 0.08986892700195312 0.06784725189208984
