2 0.1757611870765686 0.4601034164428711 0.057041287422180176 0.054139137268066406
2 0.20205769538879395 0.5348486423492431 0.08482842445373535 0.09303503036499024
1 0.2168058931827545 0.4499405980110168 0.07976073026657104 0.1013681173324585
2 0.2378659725189209 0.5664249420166015 0.09447011947631836 0.11880350112915039
0 0.2983738899230957 0.4446583271026611 0.11963133811950684 0.15916862487792968
1 0.29287042617797854 0.5879565715789795 0.0897857666015625 0.12741804122924805
0 0.37027487754821775 0.5915882110595703 0.10430879592895508 0.11696701049804688
0 0.4224649429321289 0.4607663154602051 0.16829137802124022 0.17026863098144532
0 0.46660895347595216 0.588436222076416 0.11699934005737304 0.1312882423400879
0 0.5746126174926758 0.46544294357299804 0.1726175308227539 0.16682758331298828
0 0.5682381629943848 0.5905707359313965 0.12330360412597656 0.1253866195678711
0 0.6657265663146973 0.5863188743591309 0.10960063934326172 0.1165506362915039
0 0.705067491531372 0.44588513374328614 0.12110757827758789 0.16050453186035157
1 0.7406164169311523 0.5833282947540284 0.09293460845947266 0.10834999084472656
1 0.7806281566619873 0.4537714958190918 0.08271856307983398 0.13637008666992187
2 0.793658447265625 0.5678890228271485 0.09198799133300781 0.101715087890625
2 0.819461727142334 0.5356472969055176 0.09372920989990234 0.07818622589111328
2 0.8333104133605957 0.45021820068359375 0.07129898071289062 0.11342916488647461
