2 0.15128061771392823 0.3207680702209473 0.12623987197875977 0.1633382797241211
2 0.20978726744651793 0.4351046562194824 0.17186442613601685 0.15869178771972656
2 0.2567231893539429 0.5331981658935547 0.1463761329650879 0.1516362190246582
1 0.315775728225708 0.6224793910980224 0.10415568351745605 0.10269012451171874
0 0.3932518720626831 0.655944538116455 0.10617976188659668 0.08284759521484375
0 0.48711585998535156 0.6711903572082519 0.1027486801147461 0.07503528594970703
0 0.5797330379486084 0.6663702011108399 0.10643253326416016 0.08604145050048828
0 0.6713702201843261 0.6357773780822754 0.1195185661315918 0.11294670104980468
1 0.7593772888183594 0.5939032554626464 0.11770133972167969 0.12228755950927735
2 0.8164133310317994 0.48680915832519533 0.15502047538757324 0.16459331512451172
2 0.885715389251709 0.3675750732421875 0.17772407531738282 0.16958045959472656
2 0.8958829879760742 0.26979217529296873 0.14079933166503905 0.09396324157714844
