2 0.19383926391601564 0.43161687850952146 0.09497919082641601 0.12890167236328126
1 0.24499539732933046 0.4749432563781738 0.10203076601028442 0.14106502532958984
0 0.3125718116760254 0.5072331905364991 0.0986140251159668 0.12887535095214844
0 0.36841235160827634 0.4083914279937744 0.1702406883239746 0.14881105422973634
0 0.4041282176971436 0.523423719406128 0.11648731231689453 0.14074411392211914
0 0.5239924430847168 0.4074821472167969 0.18413352966308594 0.16855258941650392
0 0.5038892745971679 0.5296097278594971 0.1208221435546875 0.14292497634887696
0 0.6033506393432617 0.5063625335693359 0.11225700378417969 0.13503265380859375
0 0.6632204055786133 0.38496809005737304 0.13810310363769532 0.12268199920654296
1 0.697276496887207 0.4766974449157715 0.11434822082519532 0.16008586883544923
1 0.7755827903747559 0.34391059875488283 0.12673263549804686 0.12576379776000976
2 0.7722443580627442 0.4358078956604004 0.10849552154541016 0.12550477981567382
2 0.8339536666870118 0.37430269718170167 0.09487857818603515 0.09988141059875488
2 0.8783355712890625 0.3171371936798096 0.10249919891357422 0.08441276550292968
