2 0.1465017557144165 0.42516236305236815 0.07104849815368652 0.09611148834228515
2 0.16121938228607177 0.4938300132751465 0.09349846839904785 0.08280830383300782
1 0.19417362213134765 0.43555483818054197 0.08923254013061524 0.10672321319580078
2 0.21838050484657287 0.5157806396484375 0.08583801984786987 0.10524635314941407
0 0.2554608404636383 0.4024375915527344 0.14552992582321167 0.1582932472229004
1 0.2765506267547607 0.5297635555267334 0.09286928176879883 0.12230100631713867
0 0.395365047454834 0.40834860801696776 0.18309860229492186 0.16449346542358398
0 0.3719689607620239 0.5547891616821289 0.13046956062316895 0.15463809967041015
0 0.4648940086364746 0.5987861633300782 0.12201156616210937 0.19017887115478516
0 0.5679179191589355 0.408888053894043 0.1871429443359375 0.17829475402832032
0 0.5652013778686523 0.5609272956848145 0.11938610076904296 0.16966781616210938
0 0.6588604927062989 0.547801399230957 0.11532821655273437 0.16216773986816407
0 0.7175545692443848 0.41248207092285155 0.1449582099914551 0.15120935440063477
1 0.7464375019073486 0.5333938598632812 0.0955465316772461 0.13228397369384765
1 0.7978183269500733 0.4285589694976807 0.0809504508972168 0.11586828231811523
2 0.8025396585464477 0.5123525619506836 0.08967814445495606 0.10309638977050781
2 0.8462428092956543 0.4200422763824463 0.07647342681884765 0.09402666091918946
2 0.8539338111877441 0.49031858444213866 0.09022216796875 0.09227714538574219
2 0.880222225189209 0.42085814476013184 0.06006603240966797 0.0850977897644043
