2 0.11506081819534301 0.6205835342407227 0.16871237754821777 0.11820087432861329
2 0.1561308741569519 0.5568557739257812 0.15910117626190184 0.13745288848876952
2 0.1861006498336792 0.48343939781188966 0.12974047660827637 0.11052980422973632
1 0.222878360748291 0.4173740863800049 0.10344033241271973 0.11269187927246094
0 0.2751339912414551 0.3451210021972656 0.12184286117553711 0.10399503707885742
0 0.3958836793899536 0.3227810859680176 0.14064373970031738 0.08349967002868652
0 0.5330975532531739 0.3162685394287109 0.141091251373291 0.07651281356811523
0 0.6449449539184571 0.337127161026001 0.12201938629150391 0.10105714797973633
1 0.6954256057739258 0.4027542233467102 0.10112838745117188 0.1122384786605835
2 0.7198399543762207 0.4712836265563965 0.1325092315673828 0.12562828063964843
2 0.7375137329101562 0.6344486713409424 0.15117931365966797 0.08735151290893554
2 0.7322909832000732 0.5704676628112793 0.13549165725708007 0.10354490280151367
