2 0.1387892931699753 0.5005133152008057 0.17689152359962462 0.10792226791381836
2 0.1438296318054199 0.4709787368774414 0.1744612693786621 0.10718612670898438
2 0.1581734150648117 0.44636926651000974 0.15541735291481018 0.11735267639160156
2 0.17666399478912354 0.39216768741607666 0.11951637268066406 0.09954066276550293
1 0.20603444576263427 0.35039520263671875 0.0950897216796875 0.10701627731323242
0 0.257948899269104 0.3158913850784302 0.09608306884765624 0.0531005859375
0 0.38085618019104006 0.3213395595550537 0.14899101257324218 0.06012783050537109
1 0.7423466682434082 0.3390655040740967 0.10663394927978516 0.1077341079711914
2 0.7728213310241699 0.3771479368209839 0.1437664031982422 0.11364960670471191
2 0.7970812797546387 0.4092048525810242 0.1814798355102539 0.10976965427398681
2 0.8070357322692872 0.43386363983154297 0.16450328826904298 0.12536039352416992
2 0.8266387701034545 0.4793083190917969 0.18502163887023926 0.12866134643554689
