2 0.07387420535087585 0.35236301422119143 0.1477484107017517 0.23511123657226562
2 0.11499564647674561 0.5119978904724121 0.22999129295349122 0.21409854888916016
2 0.06676695942878723 0.2391243875026703 0.1322132706642151 0.12174922227859497
1 0.2149118661880493 0.6591393947601318 0.20656967163085938 0.18089761734008789
0 0.31712913513183594 0.7204460144042969 0.18267383575439453 0.17314796447753905
0 0.44864745140075685 0.7329475402832031 0.15199756622314453 0.16098079681396485
0 0.577761459350586 0.7287280559539795 0.14875507354736328 0.16146211624145507
0 0.7108740329742431 0.7067401885986329 0.1639328956604004 0.16913700103759766
1 0.8314179420471192 0.6291112899780273 0.17688446044921874 0.17102642059326173
2 0.919184684753418 0.49930706024169924 0.16163063049316406 0.20152482986450196
2 0.9554121971130372 0.33798952102661134 0.08911876678466797 0.25003576278686523
2 0.9850449562072754 0.2214621126651764 0.02991008758544922 0.09653080701828003
