2 0.11102952659130097 0.3876633167266846 0.11670013070106507 0.13701171875
2 0.1805369257926941 0.46512775421142577 0.17095892429351806 0.12030353546142578
2 0.18304418325424193 0.4479860305786133 0.16846024990081787 0.08633098602294922
2 0.17444716691970824 0.3739649772644043 0.09243247509002686 0.1137578010559082
2 0.21133361458778382 0.5032838821411133 0.11710766553878785 0.13259334564208985
1 0.2374197006225586 0.37733604907989504 0.09565520286560059 0.10191111564636231
1 0.2789696455001831 0.5188692092895508 0.10374264717102051 0.14513053894042968
0 0.32010316848754883 0.4137719988822937 0.11693296432495118 0.14971392154693602
0 0.36459622383117674 0.5292168617248535 0.11849508285522461 0.12283668518066407
0 0.4319312572479248 0.43115862607955935 0.164412784576416 0.15400869846343995
0 0.4571371555328369 0.532502269744873 0.10432586669921876 0.10360488891601563
0 0.5718162536621094 0.4388396739959717 0.16400814056396484 0.15214614868164061
0 0.5461740493774414 0.5329458713531494 0.10759181976318359 0.09540843963623047
0 0.6455400466918946 0.5251201629638672 0.12205390930175782 0.09241676330566406
0 0.6922442436218261 0.4238008499145508 0.12260570526123046 0.1525421142578125
1 0.7256702423095703 0.5109486103057861 0.09187812805175781 0.1001138687133789
1 0.778689956665039 0.3843904733657837 0.11036529541015624 0.10149903297424316
2 0.7877332210540772 0.47461090087890623 0.10933732986450195 0.13237762451171875
2 0.8455742120742797 0.45350260734558107 0.10033869743347168 0.08663196563720703
2 0.8483808517456055 0.3857475996017456 0.09217700958251954 0.11814332008361816
2 0.9068103790283203 0.40542155504226685 0.08399734497070313 0.10231359004974365
2 0.8930524826049805 0.3728954315185547 0.05128974914550781 0.08063011169433594
