2 0.0834825575351715 0.44468010663986207 0.08855153322219848 0.11935827732086182
2 0.09678373336791993 0.5247398376464844 0.08360586166381836 0.0880319595336914
1 0.1408616542816162 0.43837509155273435 0.11364104747772216 0.15103445053100586
2 0.13921892642974854 0.5501429080963135 0.10026783943176269 0.12511157989501953
1 0.1949906826019287 0.57156982421875 0.11058502197265625 0.16194896697998046
0 0.23292417526245118 0.44512405395507815 0.1305479049682617 0.15445375442504883
0 0.28825843334198 0.5859460830688477 0.12289237976074219 0.1578470230102539
0 0.35610618591308596 0.4554781436920166 0.16998424530029296 0.17108650207519532
0 0.3950016498565674 0.600794506072998 0.13221378326416017 0.15670251846313477
0 0.5140094757080078 0.5928228378295899 0.13980484008789062 0.16918277740478516
0 0.5378305435180664 0.4506633758544922 0.16138286590576173 0.1673129081726074
0 0.6269585609436035 0.5822697639465332 0.1222757339477539 0.1716012954711914
0 0.6645965576171875 0.44602566957473755 0.14088859558105468 0.15887410640716554
1 0.7226717948913575 0.5692757606506348 0.11279010772705078 0.17764129638671874
1 0.777543306350708 0.43851317167282106 0.1264803886413574 0.14970991611480713
2 0.7986330032348633 0.5412533760070801 0.11289482116699219 0.14168319702148438
2 0.8530483245849609 0.445651638507843 0.10014514923095703 0.10749623775482178
2 0.8683355331420899 0.5141105651855469 0.09995994567871094 0.10756340026855468
2 0.9019552230834961 0.44579315185546875 0.07397804260253907 0.06386356353759766
2 0.9044891357421875 0.459743595123291 0.07169609069824219 0.08754386901855468
