2 0.043952345848083496 0.4481236457824707 0.08414356708526612 0.08833427429199218
2 0.09321751594543456 0.5624827861785888 0.12695927619934083 0.12790164947509766
1 0.10913016498088837 0.44131131172180177 0.1267719328403473 0.13860015869140624
2 0.1663699984550476 0.5850404739379883 0.18205978870391845 0.1261758804321289
0 0.19126838445663452 0.3958492994308472 0.22650535106658937 0.23958878517150878
1 0.2234497308731079 0.6304973602294922 0.13262591361999512 0.10572261810302734
0 0.336793327331543 0.6143848419189453 0.15360040664672853 0.1688333511352539
0 0.4115560531616211 0.4310583591461182 0.27197704315185545 0.2769176483154297
0 0.4695247173309326 0.6228652954101562 0.17239751815795898 0.17759838104248046
0 0.6488058567047119 0.4300417065620422 0.2657841682434082 0.28352582454681396
0 0.616761589050293 0.6065393447875976 0.1780790328979492 0.1628636360168457
0 0.7489596366882324 0.5847629547119141 0.13936882019042968 0.18160343170166016
0 0.8498785018920898 0.4026346206665039 0.20851097106933594 0.2246236801147461
1 0.8801498174667358 0.5515899181365966 0.17305378913879393 0.13564701080322267
