2 0.15211338996887208 0.6023979187011719 0.06061949729919434 0.06965045928955078
2 0.19085192680358887 0.5639034271240234 0.09432082176208496 0.09028186798095703
1 0.2061387300491333 0.5017661094665528 0.10070443153381348 0.09431953430175781
0 0.2773706912994385 0.4223752021789551 0.14080915451049805 0.10117006301879883
0 0.413055944442749 0.3679766893386841 0.20395612716674805 0.09986014366149902
0 0.5978944778442383 0.3680968523025513 0.18391246795654298 0.09232125282287598
0 0.7197796821594238 0.4184605717658997 0.12283096313476563 0.09303834438323974
2 0.7600778102874756 0.5099668502807617 0.12647180557250975 0.10907573699951172
2 0.7794319152832031 0.5722356796264648 0.123089599609375 0.06029567718505859
2 0.8003872156143188 0.6275275707244873 0.1388549327850342 0.09928388595581054
