2 0.08565330505371094 0.7275907039642334 0.11710867881774903 0.09739980697631836
2 0.11476917564868927 0.6214649200439453 0.16703247427940368 0.1413423538208008
2 0.10802509784698486 0.6802206993103027 0.12384300231933594 0.06836357116699218
2 0.1453790545463562 0.508431339263916 0.12097666263580323 0.12097892761230469
1 0.21089888215065003 0.41981844902038573 0.13399676084518433 0.16806983947753906
0 0.320191478729248 0.3324826002120972 0.1434337615966797 0.16166539192199708
0 0.4770617365837097 0.2895087957382202 0.2056968927383423 0.13604750633239746
0 0.6654487609863281 0.30555694103240966 0.19093036651611328 0.14845566749572753
0 0.801122498512268 0.3689443349838257 0.15276408195495605 0.1604379177093506
2 0.8850902557373047 0.5615663051605224 0.18354835510253906 0.11730432510375977
2 0.8843637704849243 0.6513570785522461 0.18066325187683105 0.12844924926757811
1 0.8747655868530273 0.47897661924362184 0.14722118377685547 0.15983870029449462
2 0.9012495040893554 0.7391956329345704 0.183642578125 0.11414413452148438
