2 0.1082948923110962 0.4816521167755127 0.214949369430542 0.2554027557373047
2 0.11306273937225342 0.3317744255065918 0.21679954528808593 0.1487560272216797
1 0.11654103100299835 0.6343092918395996 0.14186190962791442 0.161942195892334
0 0.24758305549621581 0.6623856067657471 0.1819183349609375 0.17173433303833008
0 0.39405369758605957 0.7230817317962647 0.2675326347351074 0.17753229141235352
0 0.6096832275390625 0.6980730533599854 0.2580674171447754 0.17587747573852539
0 0.8008906364440918 0.6310161590576172 0.2122255325317383 0.21411781311035155
2 0.916500186920166 0.2712273597717285 0.16649112701416016 0.1800076961517334
2 0.9411982536315918 0.40650635957717896 0.11719703674316406 0.1706306219100952
1 0.9421837329864502 0.5558795928955078 0.11563253402709961 0.19457502365112306
