2 0.12268013954162597 0.6545686721801758 0.17743968963623047 0.13441314697265624
2 0.12367135286331177 0.727799367904663 0.17207520008087157 0.10004634857177734
2 0.13277045488357545 0.5743388175964356 0.13102853298187256 0.0924764633178711
1 0.1638683557510376 0.5101977348327636 0.11338186264038086 0.12002983093261718
0 0.22354569435119628 0.4247732162475586 0.12820143699645997 0.11137228012084961
0 0.3570432186126709 0.38515987396240237 0.17733325958251953 0.1169194221496582
0 0.5587388038635254 0.4017516016960144 0.17779273986816407 0.1100954294204712
0 0.6966346740722656 0.44901371002197266 0.12174606323242188 0.1080550193786621
1 0.7972242355346679 0.5509765625 0.10532951354980469 0.12592849731445313
2 0.824988842010498 0.6308960437774658 0.09135303497314454 0.08073854446411133
2 0.8588178634643555 0.6877286911010743 0.0893056869506836 0.09780330657958984
2 0.8831653594970703 0.7486581802368164 0.08241710662841797 0.08940925598144531
