2 0.08991466760635376 0.6543278217315673 0.13604280948638917 0.09117145538330078
2 0.0858407735824585 0.7211454391479493 0.12777390480041503 0.07933712005615234
2 0.10155191421508789 0.5849440097808838 0.15011084079742432 0.10604591369628906
2 0.10932097434997559 0.5063155174255372 0.1345149040222168 0.12724580764770507
1 0.1774639368057251 0.40599526166915895 0.15187568664550782 0.15459692478179932
0 0.2626682758331299 0.3042726993560791 0.15359363555908204 0.19958810806274413
0 0.38097515106201174 0.34261422157287597 0.14412202835083007 0.14307136535644532
0 0.5441156387329101 0.31077070236206056 0.21564197540283203 0.16975793838500977
0 0.6924822807312012 0.3492410659790039 0.13840293884277344 0.1582925796508789
1 0.8076497793197632 0.4016734004020691 0.11719517707824707 0.1391348123550415
2 0.8871969223022461 0.5532816886901856 0.1369140625 0.09730920791625977
