2 0.19337975978851318 0.4898838043212891 0.18056640625 0.1270197868347168
1 0.21736538410186768 0.567197036743164 0.1377645969390869 0.0930105209350586
0 0.2844850063323975 0.5912025928497314 0.11998453140258789 0.12106180191040039
0 0.3934055805206299 0.6005903244018554 0.12996625900268555 0.1297006607055664
0 0.504180908203125 0.6094342231750488 0.124853515625 0.12195730209350586
0 0.5872591495513916 0.5927890300750732 0.10983419418334961 0.12495241165161133
1 0.6806311130523681 0.5786889076232911 0.1206517219543457 0.14334697723388673
2 0.7333142280578613 0.5202929496765136 0.18027667999267577 0.14992952346801758
2 0.7979315280914306 0.4336428165435791 0.20602025985717773 0.12909297943115233
2 0.8422712326049805 0.3338191986083984 0.17936229705810547 0.16409740447998047
