2 0.1454128861427307 0.7004169464111328 0.09520325660705567 0.07291641235351562
2 0.15699445009231566 0.7565706253051758 0.11203420162200928 0.1037200927734375
2 0.16301013231277467 0.6311862945556641 0.11341063976287842 0.11007881164550781
1 0.1748034954071045 0.54847412109375 0.10106239318847657 0.08876686096191407
0 0.22298088073730468 0.45157485008239745 0.13886194229125975 0.14275360107421875
0 0.3608356237411499 0.36854248046875 0.1970302104949951 0.13134241104125977
0 0.5462505340576171 0.3532231330871582 0.19674224853515626 0.13092880249023436
0 0.6930019378662109 0.395038366317749 0.15065383911132812 0.1465066909790039
1 0.7713586330413819 0.47745180130004883 0.08754281997680664 0.08338451385498047
2 0.8107701301574707 0.6088221073150635 0.1172515869140625 0.08583211898803711
2 0.7991170883178711 0.5412387847900391 0.08757572174072266 0.07692317962646485
2 0.8225752830505371 0.6774918556213378 0.12341480255126953 0.09988632202148437
2 0.8422600030899048 0.7005879878997803 0.09152560234069824 0.05973367691040039
