2 0.10118099451065063 0.28774826526641845 0.11570608615875244 0.15707311630249024
2 0.139854696393013 0.4255536079406738 0.17147831320762635 0.15808849334716796
2 0.191405725479126 0.5440779685974121 0.15877418518066405 0.1383899688720703
1 0.2310184895992279 0.6382560729980469 0.1382942318916321 0.13315277099609374
0 0.30808653831481936 0.7189297199249267 0.17122926712036132 0.12213430404663086
0 0.41668086051940917 0.758689022064209 0.1472393035888672 0.12707786560058593
0 0.5503123283386231 0.7661228656768799 0.13905658721923828 0.12858037948608397
0 0.6721189498901368 0.7590910911560058 0.14123477935791015 0.12149295806884766
1 0.7318147659301758 0.6868776321411133 0.13190231323242188 0.11366252899169922
2 0.7799476623535156 0.5973040103912354 0.1608633041381836 0.11512241363525391
2 0.8293219566345215 0.49836411476135256 0.17021026611328124 0.15447216033935546
