2 0.1419510841369629 0.5828557014465332 0.19052605628967284 0.11780614852905273
2 0.14521435499191285 0.7240948677062988 0.19157345294952394 0.13013534545898436
2 0.14864819049835204 0.6535748481750489 0.1720113754272461 0.06864051818847657
1 0.15257956683635712 0.4634721755981445 0.16730113625526427 0.14662551879882812
0 0.2181225299835205 0.37041277885437013 0.13899698257446289 0.15894489288330077
0 0.36534848213195803 0.32933645248413085 0.1761028289794922 0.17536611557006837
0 0.5420639991760254 0.31418633460998535 0.1843484878540039 0.1756588935852051
0 0.6638639450073243 0.34484703540802003 0.1414957046508789 0.1516035556793213
1 0.761599349975586 0.4092731475830078 0.15339374542236328 0.14403953552246093
2 0.809279990196228 0.5179436683654786 0.18481221199035644 0.11866989135742187
2 0.8292312860488892 0.5985686302185058 0.12301440238952636 0.08930120468139649
2 0.8707216501235961 0.6508578300476074 0.16574320793151856 0.09124813079833985
2 0.8722505807876587 0.7109652519226074 0.1615039348602295 0.07730903625488281
