2 0.1375412940979004 0.449605655670166 0.06821212768554688 0.0851552963256836
1 0.1967067837715149 0.45148525238037107 0.09579017162322997 0.12536029815673827
2 0.19127546548843383 0.5286553382873536 0.08455045223236084 0.07153053283691406
1 0.25729334354400635 0.5403735160827636 0.10434451103210449 0.1206131935119629
0 0.28706774711608884 0.45605677366256714 0.13146839141845704 0.1276794672012329
0 0.3427173614501953 0.540259838104248 0.10208749771118164 0.12829303741455078
0 0.4309739112854004 0.5520177841186523 0.12604103088378907 0.1366598129272461
0 0.5508484840393066 0.44825377464294436 0.18448657989501954 0.18016881942749025
0 0.5357237815856933 0.5548542022705079 0.12442989349365234 0.11206111907958985
0 0.6644977569580078 0.5531048774719238 0.12745914459228516 0.10167722702026367
0 0.6707682609558105 0.4712483882904053 0.11982841491699218 0.13071928024291993
1 0.7524213314056396 0.5411924362182617 0.10918302536010742 0.08828620910644532
1 0.7585047245025635 0.4831219673156738 0.10286035537719726 0.12666187286376954
2 0.8189130783081054 0.4729580879211426 0.060866355895996094 0.08736515045166016
2 0.8548091888427735 0.4633320808410645 0.05353736877441406 0.06396608352661133
