2 0.11149892807006836 0.4056205749511719 0.19574565887451173 0.20328779220581056
2 0.15043890476226807 0.5302867889404297 0.17542476654052735 0.1495594024658203
2 0.1877613991498947 0.6334688186645507 0.18184271454811096 0.1822223663330078
1 0.25622756481170655 0.7343810081481934 0.17836766242980956 0.15449237823486328
0 0.30159802436828614 0.8082179069519043 0.15835399627685548 0.09285144805908203
0 0.43656436204910276 0.8077377319335938 0.13651578426361083 0.09176521301269532
0 0.5680946826934814 0.8137006521224975 0.1501835823059082 0.08082280158996583
0 0.6749705314636231 0.7910569190979004 0.16952838897705078 0.12149677276611329
1 0.7906510829925537 0.731990909576416 0.16163740158081055 0.14467849731445312
2 0.8610978841781616 0.6217981338500976 0.18008275032043458 0.1675792694091797
2 0.9126408576965332 0.5175290107727051 0.17218875885009766 0.16197032928466798
2 0.9187576770782471 0.37074742317199705 0.16248464584350586 0.2079155921936035
2 0.9175861358642579 0.22161343097686767 0.12314910888671875 0.1464158535003662
