2 0.08231364488601685 0.45988826751708983 0.1009587287902832 0.10878524780273438
2 0.1479670763015747 0.47228231430053713 0.09250779151916504 0.10954980850219727
2 0.17284505367279052 0.5629074096679687 0.08774104118347167 0.12555351257324218
2 0.19850972890853882 0.5744474411010743 0.13405439853668213 0.1374755859375
1 0.21993674635887145 0.4789445877075195 0.12620631456375123 0.1406890869140625
1 0.29097299575805663 0.5928741455078125 0.10215234756469727 0.14302825927734375
0 0.3247953414916992 0.45914651155471803 0.15575103759765624 0.1836930990219116
0 0.3882408142089844 0.5962654113769531 0.13421173095703126 0.17552528381347657
0 0.4450403690338135 0.42440110445022583 0.15409631729125978 0.1790313482284546
0 0.49163308143615725 0.6147310256958007 0.1249842643737793 0.19829235076904297
0 0.5801260471343994 0.42380571365356445 0.18507966995239258 0.18482704162597657
0 0.5915956497192383 0.5980411052703858 0.13299102783203126 0.16580209732055665
0 0.6852802276611328 0.5762544631958008 0.12464990615844726 0.16758251190185547
0 0.7307713508605957 0.419421398639679 0.17025394439697267 0.1427232503890991
1 0.7795871734619141 0.5595768928527832 0.11893653869628906 0.164031982421875
0 0.8394912719726563 0.5128890991210937 0.12717151641845703 0.1418863296508789
1 0.8379055976867675 0.38835573196411133 0.08947715759277344 0.07797536849975586
2 0.9155714035034179 0.4636653780937195 0.10547027587890626 0.1507875680923462
