2 0.11804165840148925 0.6484062194824218 0.21181197166442872 0.11125907897949219
2 0.132867169380188 0.724299144744873 0.18081259727478027 0.1043614387512207
2 0.13845662772655487 0.5621884346008301 0.19135261178016663 0.13319664001464843
1 0.17064307928085326 0.45949201583862304 0.1580226182937622 0.15539674758911132
0 0.26461622714996336 0.39193832874298096 0.13912525177001953 0.12538580894470214
0 0.3843685626983643 0.34968607425689696 0.1705073356628418 0.13672432899475098
0 0.5643693923950195 0.33363463878631594 0.19703197479248047 0.15402913093566895
0 0.6960823059082031 0.380363917350769 0.13037328720092772 0.12810940742492677
1 0.7695136070251465 0.45417180061340334 0.14931087493896483 0.15649166107177734
2 0.8002128839492798 0.5207701206207276 0.18728785514831542 0.15841302871704102
2 0.8270799398422242 0.5969990730285645 0.19285168647766113 0.13634967803955078
2 0.8328522682189942 0.6809226989746093 0.16713294982910157 0.10538616180419921
