2 0.14229566752910613 0.7402219772338867 0.18341050744056703 0.14605178833007812
2 0.14269696474075316 0.8101918220520019 0.14336082935333253 0.07352371215820312
2 0.15624122619628905 0.6347968101501464 0.15426030158996581 0.13917236328125
1 0.20250119566917418 0.4432725429534912 0.14130450487136842 0.1451955795288086
0 0.30603857040405275 0.33623900413513186 0.18327751159667968 0.19278764724731445
0 0.41955128908157346 0.24041643142700195 0.21726720333099364 0.2023477077484131
0 0.6117085456848145 0.2531630039215088 0.21220006942749023 0.1950972557067871
0 0.7206024169921875 0.3484086751937866 0.1846311569213867 0.18161473274230958
2 0.8495834350585938 0.6497051239013671 0.20728740692138672 0.10338478088378907
2 0.8445339202880859 0.7236463069915772 0.19064407348632811 0.09689216613769532
2 0.8658933639526367 0.7790321350097656 0.2149789810180664 0.1339719772338867
1 0.8230567932128906 0.4418599605560303 0.12159538269042969 0.1264115333557129
2 0.8662721872329712 0.8442055702209472 0.17536845207214355 0.057397651672363284
