2 0.18827421665191652 0.628873634338379 0.18002915382385254 0.16217308044433593
2 0.19851353168487548 0.515287971496582 0.1677713394165039 0.15690193176269532
2 0.20800332427024842 0.7411649703979493 0.184327232837677 0.1347135543823242
1 0.21725582480430602 0.4125512957572937 0.12264147996902466 0.14403955936431884
0 0.3909600734710693 0.30527453422546386 0.17147331237792968 0.13877649307250978
0 0.5664127349853516 0.3034810066223145 0.16393756866455078 0.12258739471435547
0 0.6904643058776856 0.3484764575958252 0.11441574096679688 0.11274614334106445
1 0.7635810852050782 0.4338748097419739 0.12151603698730469 0.14665429592132567
2 0.8071578979492188 0.5265070915222168 0.15431289672851561 0.16091785430908204
2 0.8418248891830444 0.6147456169128418 0.15519070625305176 0.13041439056396484
2 0.8570276260375976 0.7005045890808106 0.17141151428222656 0.14523715972900392
