2 0.14038357734680176 0.49642038345336914 0.07455401420593262 0.0741800308227539
2 0.17181695699691774 0.6176627159118653 0.11412246227264404 0.08881969451904297
2 0.19135870933532714 0.6172389030456543 0.15063838958740233 0.09552249908447266
1 0.20021185874938965 0.4803739547729492 0.09113798141479493 0.1035196304321289
2 0.2113591432571411 0.636477279663086 0.08860416412353515 0.10420017242431641
0 0.2699730634689331 0.4423651218414307 0.11388683319091797 0.1488043785095215
1 0.2747503280639648 0.6337347030639648 0.09860792160034179 0.09445257186889648
0 0.361053991317749 0.6150311470031739 0.10981740951538085 0.10981178283691406
0 0.3889019012451172 0.41022534370422364 0.16274337768554686 0.158188533782959
0 0.45738525390625 0.6075527667999268 0.11386756896972657 0.11624908447265625
0 0.5432376861572266 0.4095290184020996 0.16208457946777344 0.1572403907775879
0 0.5576333045959473 0.6087007999420166 0.11692962646484376 0.1229766845703125
0 0.6535552501678467 0.6062520980834961 0.10933389663696289 0.12930641174316407
0 0.6757354736328125 0.4285579204559326 0.12900810241699218 0.1408170700073242
1 0.753797197341919 0.6217755317687989 0.11281309127807618 0.10559749603271484
1 0.7652604103088378 0.455444860458374 0.09019985198974609 0.11037187576293946
2 0.8052866935729981 0.609022569656372 0.08915901184082031 0.09702043533325196
2 0.833973503112793 0.5706042289733887 0.12753753662109374 0.1058192253112793
2 0.8180057525634765 0.6141480445861817 0.06524124145507812 0.08242149353027343
2 0.831503963470459 0.45765109062194825 0.08006572723388672 0.10874729156494141
