2 0.11268975734710693 0.46689529418945314 0.07208905220031739 0.06814556121826172
2 0.14003983736038209 0.5234061241149902 0.0743257761001587 0.07837505340576172
1 0.16885740756988527 0.4832273483276367 0.07680397033691407 0.11074066162109375
2 0.18632040023803711 0.5654916763305664 0.07962236404418946 0.09202537536621094
0 0.24399704933166505 0.4698823928833008 0.12394576072692871 0.16100502014160156
1 0.2531320333480835 0.5709071636199952 0.09707303047180176 0.10025177001953126
0 0.37175300121307375 0.4557493686676025 0.18145947456359862 0.18695907592773436
0 0.33964834213256834 0.5658881664276123 0.11580877304077149 0.11381158828735352
0 0.4380330562591553 0.5633376598358154 0.12381162643432617 0.1304943084716797
0 0.53897066116333 0.4688727378845215 0.1779935836791992 0.18583106994628906
0 0.5410496711730957 0.5835817337036133 0.12551660537719728 0.10109710693359375
0 0.6360431671142578 0.5745410919189453 0.10846118927001953 0.13305110931396485
0 0.6808807373046875 0.4928755760192871 0.137945556640625 0.1531820297241211
1 0.7387279033660888 0.5905582904815674 0.12252016067504883 0.11196060180664062
1 0.7790948390960694 0.5028880119323731 0.10212430953979493 0.1024740219116211
2 0.8025045394897461 0.5665801048278809 0.06471061706542969 0.09105358123779297
2 0.8511529922485351 0.4963822841644287 0.08717765808105468 0.11167736053466797
2 0.8531084060668945 0.5512821197509765 0.08549365997314454 0.07084941864013672
