2 0.13586364984512328 0.708006763458252 0.18879096508026122 0.13332710266113282
2 0.15670154094696045 0.5600295066833496 0.18770546913146974 0.09266300201416015
2 0.19071562290191652 0.5062387466430665 0.1719883441925049 0.0786865234375
1 0.19732346534729003 0.4257437825202942 0.1606372833251953 0.14011456966400146
0 0.32721643447875975 0.36460325717926023 0.1495595932006836 0.13852219581604003
0 0.5005807042121887 0.33665904998779295 0.20805757045745848 0.14270830154418945
0 0.6869869232177734 0.33980545997619627 0.19113235473632811 0.1320063591003418
0 0.8330303192138672 0.37622880935668945 0.11889019012451171 0.10903987884521485
2 0.8784881591796875 0.5204275131225586 0.1825712203979492 0.10643224716186524
2 0.8884099721908569 0.6443988800048828 0.20235486030578614 0.11794624328613282
1 0.8708757400512696 0.45211286544799806 0.15174217224121095 0.08117332458496093
2 0.892184829711914 0.5891297340393067 0.1612163543701172 0.08206501007080078
