2 0.12111143171787261 0.7283093929290771 0.16419393420219422 0.1166372299194336
2 0.12049486935138702 0.6264901161193848 0.13430508971214294 0.11401481628417968
2 0.1376167744398117 0.5276030540466309 0.11652522683143615 0.09422626495361328
1 0.172647225856781 0.4357270121574402 0.12307612895965576 0.14130136966705323
0 0.23678443431854249 0.3112539768218994 0.1513453960418701 0.1540658950805664
0 0.3779414892196655 0.2538677453994751 0.19122042655944824 0.16047000885009766
0 0.5677380561828613 0.26567273736000063 0.19269790649414062 0.17115744352340698
0 0.7199556350708007 0.3275019407272339 0.16138553619384766 0.15983366966247559
1 0.8033420324325562 0.4645316004753113 0.1270969867706299 0.14708902835845947
2 0.8368868827819824 0.5723637104034424 0.14750537872314454 0.11304254531860351
2 0.8630140542984008 0.665878438949585 0.13863368034362794 0.10753440856933594
2 0.8708691596984863 0.7623810291290283 0.15350379943847656 0.11944379806518554
