2 0.09629478454589843 0.3004834413528442 0.16759588718414306 0.1413121700286865
2 0.12494549751281739 0.4111767649650574 0.20248498916625976 0.15478270053863524
2 0.13402631282806396 0.5167352199554444 0.16717133522033692 0.13254165649414062
2 0.1746817111968994 0.6190327644348145 0.14768381118774415 0.11504859924316406
1 0.22734150290489197 0.7018075942993164 0.10428782701492309 0.07745437622070313
0 0.31588134765625 0.7630824089050293 0.13391056060791015 0.09440097808837891
0 0.429290246963501 0.7966324806213378 0.132460880279541 0.09007587432861328
0 0.553511667251587 0.7989327430725097 0.13111772537231445 0.09625492095947266
0 0.667167329788208 0.7694381713867188 0.1304924964904785 0.10973567962646484
1 0.7663389205932617 0.7354404926300049 0.15323848724365235 0.11550779342651367
2 0.7902478218078614 0.6363506317138672 0.155853271484375 0.12640838623046874
2 0.8340358972549439 0.5372497081756592 0.1860206127166748 0.15591707229614257
2 0.8509944915771485 0.41971817016601565 0.20562591552734374 0.1602484703063965
2 0.8844812393188477 0.2975493907928467 0.1711362838745117 0.16911401748657226
