2 0.14403073787689208 0.5196088790893555 0.07351891994476319 0.09504871368408203
1 0.17408351898193358 0.424842631816864 0.12342281341552734 0.14571726322174072
0 0.24650464057922364 0.30821540355682375 0.15567369461059571 0.16048593521118165
0 0.40366164445877073 0.2551381587982178 0.19558064937591552 0.15676445960998536
0 0.6060071468353272 0.26958134174346926 0.19218263626098633 0.1561225414276123
0 0.7685752391815186 0.34523653984069824 0.1570134162902832 0.15656213760375975
1 0.8460686683654786 0.4669698715209961 0.12007675170898438 0.12701358795166015
2 0.8643112182617188 0.5668479442596436 0.11054611206054688 0.10486001968383789
2 0.8879059791564942 0.744204330444336 0.106719970703125 0.10923385620117188
2 0.8852869987487793 0.6602346420288085 0.09652843475341796 0.10599365234375
