2 0.17588679790496825 0.4066182017326355 0.08059706687927246 0.09707376956939698
1 0.2133498251438141 0.38547067642211913 0.05855635404586792 0.08558092117309571
1 0.24340853691101075 0.5261942863464355 0.08179821968078613 0.07550811767578125
0 0.27722921371459963 0.39656665325164797 0.11644420623779297 0.16228060722351073
0 0.3285008430480957 0.5277945518493652 0.12400169372558593 0.12534942626953124
0 0.40865001678466795 0.381905722618103 0.19013576507568358 0.16657509803771972
0 0.4348124623298645 0.5142162799835205 0.12956998348236085 0.1412569046020508
0 0.5495870590209961 0.5196715831756592 0.14012184143066406 0.15001611709594725
0 0.5808918952941895 0.3825235843658447 0.19646167755126953 0.17667608261108397
0 0.6625145435333252 0.5282454013824462 0.1354541778564453 0.12882232666015625
0 0.7246525764465332 0.3935744047164917 0.12889862060546875 0.1687197208404541
1 0.7616488456726074 0.5224218845367432 0.105352783203125 0.09094600677490235
1 0.8161726951599121 0.3979128360748291 0.10103569030761719 0.09684772491455078
2 0.8360079050064086 0.4954483985900879 0.10809741020202637 0.061828994750976564
2 0.8932902336120605 0.39585318565368655 0.0852020263671875 0.08291816711425781
2 0.9436820983886719 0.4008284568786621 0.07189788818359374 0.05668296813964844
