2 0.1710370421409607 0.43958444595336915 0.08786861896514893 0.07499427795410156
1 0.2111741602420807 0.496580171585083 0.08218430280685425 0.1178971290588379
0 0.27659194469451903 0.49443421363830564 0.10070700645446777 0.14287862777709961
0 0.3823505401611328 0.5038233280181885 0.15206851959228515 0.14350662231445313
0 0.38728296756744385 0.4754271626472473 0.15606951713562012 0.19773099422454835
0 0.5133991241455078 0.5060978412628174 0.14952220916748046 0.1328110694885254
0 0.5407146453857422 0.4195232391357422 0.1778158187866211 0.11244688034057618
0 0.6323201179504394 0.4856684684753418 0.12881126403808593 0.14060564041137696
0 0.683655834197998 0.3910996437072754 0.12406158447265625 0.11793746948242187
1 0.7316360473632812 0.4755681037902832 0.11995563507080079 0.14623985290527344
1 0.791450309753418 0.39780564308166505 0.13285541534423828 0.12542524337768554
2 0.8016218185424805 0.47304744720458985 0.09417476654052734 0.0922384262084961
2 0.8629034996032715 0.4094392776489258 0.07908000946044921 0.10020875930786133
