2 0.15421421825885773 0.31648502349853513 0.15816072821617128 0.11712102890014649
2 0.16931811571121216 0.4143641948699951 0.18257081508636475 0.12632293701171876
2 0.1654704302549362 0.49893941879272463 0.15302749276161193 0.103515625
2 0.19765517711639405 0.5761817932128906 0.1314450740814209 0.09676752090454102
0 0.30028705596923827 0.6658377647399902 0.10945587158203125 0.07048168182373046
0 0.40056697130203245 0.6925332546234131 0.12253758907318116 0.06132793426513672
0 0.5140476226806641 0.6981830596923828 0.1256711959838867 0.06365318298339843
0 0.624363374710083 0.6836278915405274 0.12121286392211914 0.07709217071533203
1 0.7310219287872315 0.667146873474121 0.11519718170166016 0.07833404541015625
2 0.7574531078338623 0.6101271152496338 0.1535494804382324 0.11048650741577148
2 0.8115469932556152 0.5348822116851807 0.1651836395263672 0.13387250900268555
2 0.8344719886779786 0.44608219861984255 0.19068756103515624 0.14104082584381103
2 0.8765407562255859 0.34477906227111815 0.1635599136352539 0.1457798957824707
