2 0.11001293659210205 0.7499747753143311 0.16791794300079346 0.10689783096313477
2 0.12324097454547882 0.6661834716796875 0.19405335783958436 0.1266575813293457
2 0.13701627254486085 0.5860172271728515 0.17988390922546388 0.10915670394897461
2 0.16577403545379638 0.49637413024902344 0.2012023448944092 0.1364452362060547
1 0.18711320161819459 0.3922924518585205 0.1496410608291626 0.10769815444946289
0 0.255388879776001 0.31595065593719485 0.1483592987060547 0.10131206512451171
0 0.35264129638671876 0.26861355304718015 0.17514801025390625 0.09702744483947753
0 0.5220333099365234 0.2736063957214355 0.18348026275634766 0.10273866653442383
0 0.6546194076538085 0.31464395523071287 0.13719024658203124 0.09327707290649415
1 0.7429824829101562 0.3847061634063721 0.13750362396240234 0.11148004531860352
2 0.8031476736068726 0.48554506301879885 0.16376805305480957 0.1258819580078125
2 0.8556087493896485 0.5708243370056152 0.17060890197753906 0.11187105178833008
2 0.8857855796813965 0.6531017303466797 0.18959598541259765 0.11302623748779297
2 0.8933942794799805 0.7512701511383056 0.14825515747070311 0.10525732040405274
