2 0.21932783722877502 0.49478683471679685 0.15975531339645385 0.1786478042602539
2 0.1893194079399109 0.35228064060211184 0.092262864112854 0.10072388648986816
1 0.26720519065856935 0.563682746887207 0.11512079238891601 0.1374073028564453
0 0.36484780311584475 0.6005061149597168 0.11458559036254883 0.11122722625732422
0 0.45684356689453126 0.6250004291534423 0.10734834671020507 0.10054941177368164
0 0.5516208648681641 0.6007384777069091 0.125970458984375 0.14293079376220702
0 0.6555049896240235 0.5979619503021241 0.11293888092041016 0.10460214614868164
1 0.7411905288696289 0.5524792671203613 0.12099037170410157 0.12623767852783202
2 0.7779351711273194 0.4875077724456787 0.1358881950378418 0.11861486434936523
2 0.8079598426818848 0.41996111869812014 0.12221698760986328 0.08967599868774415
2 0.8119812965393066 0.39906654357910154 0.12605857849121094 0.13074789047241211
2 0.9758699417114258 0.5808259963989257 0.04818115234375 0.22670354843139648
