2 0.1202631026506424 0.4063916325569153 0.09401549696922303 0.12387406826019287
2 0.1501677393913269 0.4911203861236572 0.09725804328918457 0.10026788711547852
1 0.19971561431884766 0.3991398334503174 0.12141895294189453 0.1425318717956543
2 0.2021218717098236 0.5055490493774414 0.11314898729324341 0.11900367736816406
1 0.2735446453094482 0.5132423877716065 0.11069211959838868 0.12039060592651367
0 0.30659501552581786 0.4128133773803711 0.12776994705200195 0.13376283645629883
0 0.35765776634216306 0.5220120906829834 0.1027073860168457 0.12632398605346679
0 0.4178637981414795 0.4550801396369934 0.15629949569702148 0.1579505681991577
0 0.4488288402557373 0.5473433494567871 0.1102574348449707 0.11632461547851562
0 0.5477978706359863 0.46883153915405273 0.13665695190429689 0.16525640487670898
0 0.5404476165771485 0.5637435913085938 0.11219005584716797 0.12777767181396485
0 0.6291411876678467 0.5727311134338379 0.1064188003540039 0.1381063461303711
0 0.6542727947235107 0.49053473472595216 0.13201446533203126 0.13197269439697265
1 0.705798864364624 0.5980158805847168 0.09553594589233398 0.1327371597290039
1 0.756192970275879 0.5230476379394531 0.12810783386230468 0.13605861663818358
2 0.7676906108856201 0.6287537097930909 0.0671126365661621 0.10282773971557617
2 0.81992666721344 0.562434196472168 0.11539950370788574 0.1182098388671875
2 0.818021583557129 0.6514607906341553 0.08432121276855468 0.10865697860717774
2 0.8643305778503418 0.5866330623626709 0.09466381072998047 0.09878644943237305
