2 0.1593415766954422 0.32627301216125487 0.19734968543052672 0.20632543563842773
2 0.1920886754989624 0.4731924057006836 0.18115501403808593 0.16749868392944336
2 0.2274925470352173 0.5974395751953125 0.16348209381103515 0.1610884666442871
1 0.27671778202056885 0.7021024703979493 0.12927184104919434 0.11664371490478516
0 0.3524924755096436 0.732146167755127 0.08507018089294434 0.08233451843261719
0 0.4304211139678955 0.7492218017578125 0.12279062271118164 0.10304317474365235
0 0.5397552490234375 0.7503708839416504 0.12508277893066405 0.09241046905517578
1 0.7209403038024902 0.6793522834777832 0.11523160934448243 0.10908756256103516
2 0.7691553115844727 0.5906537055969239 0.1314748764038086 0.11445827484130859
2 0.8241249084472656 0.47289347648620605 0.18660659790039064 0.192885684967041
2 0.8726540565490722 0.31275429725646975 0.18789119720458985 0.19941816329956055
