2 0.10509867668151855 0.23067622184753417 0.1590345859527588 0.1755518913269043
2 0.13534095287322997 0.39366540908813474 0.21783108711242677 0.20894594192504884
2 0.1974179059267044 0.5447437286376953 0.1976599633693695 0.20705528259277345
1 0.2588908910751343 0.6698981285095215 0.16724686622619628 0.17376394271850587
0 0.3780843734741211 0.7007168292999267 0.1403982162475586 0.14380598068237305
0 0.4975146293640137 0.7214044094085693 0.15522403717041017 0.1341838836669922
0 0.6177866935729981 0.6823729515075684 0.136527156829834 0.13252792358398438
1 0.7611283302307129 0.6054099559783935 0.1557310104370117 0.17713747024536133
2 0.8006809473037719 0.48534092903137205 0.18639979362487794 0.19605779647827148
2 0.8239256858825683 0.3220581293106079 0.21103267669677733 0.20401997566223146
2 0.8157410621643066 0.17785863876342772 0.17084770202636718 0.15537600517272948
