1 0.09974015951156616 0.4341463565826416 0.12407903671264649 0.12035903930664063
2 0.1264045000076294 0.530037260055542 0.10164139270782471 0.1393674850463867
0 0.20973384380340576 0.4232200622558594 0.15295534133911132 0.14836549758911133
1 0.1996457815170288 0.5571508407592773 0.11903386116027832 0.16859188079833984
0 0.30821707248687746 0.5655842304229737 0.15367426872253417 0.18511838912963868
0 0.3694873809814453 0.41710424423217773 0.2189573287963867 0.18388757705688477
0 0.4338590145111084 0.5693078517913819 0.14237232208251954 0.19725046157836915
0 0.566132926940918 0.41623620986938475 0.2218984603881836 0.18701820373535155
0 0.5527045249938964 0.5748439788818359 0.1492465019226074 0.20548534393310547
0 0.6780264377593994 0.5671010971069336 0.15448284149169922 0.21118907928466796
0 0.7249975204467773 0.4139589786529541 0.15163021087646483 0.16285839080810546
1 0.7888082504272461 0.5548369407653808 0.117205810546875 0.18277454376220703
1 0.8314410209655761 0.4293666362762451 0.11657962799072266 0.14682540893554688
2 0.8645994186401367 0.5292012214660644 0.10431079864501953 0.12864913940429687
2 0.8895502090454102 0.4332064151763916 0.08101005554199218 0.1271240234375
2 0.9006706237792969 0.5189247608184815 0.05721549987792969 0.09785985946655273
2 0.9259325981140136 0.44101715087890625 0.08116474151611328 0.11864643096923828
