2 0.10251814126968384 0.5035817146301269 0.09401438236236573 0.10561532974243164
2 0.14637736976146698 0.5499226570129394 0.11255093216896057 0.14447288513183593
1 0.1578211307525635 0.44836201667785647 0.10939521789550781 0.10441761016845703
1 0.20515938401222228 0.5735576629638672 0.09978550672531128 0.15216598510742188
0 0.2356751501560211 0.47491884231567383 0.11708916425704956 0.11299724578857422
0 0.2949394226074219 0.5694561958312988 0.12994871139526368 0.15315494537353516
0 0.33860201835632325 0.4662522792816162 0.13931589126586913 0.08096628189086914
0 0.3806997060775757 0.5539704322814941 0.07683167457580567 0.1080230712890625
0 0.4594696879386902 0.5733320236206054 0.13784468173980713 0.1625499725341797
0 0.46324920654296875 0.46316003799438477 0.12929821014404297 0.09612960815429687
0 0.5904219627380372 0.44146908521652223 0.17193517684936524 0.11986429691314697
0 0.575232982635498 0.5563325881958008 0.12750606536865233 0.16807327270507813
1 0.6644789218902588 0.5792201042175293 0.11559524536132812 0.16084842681884765
2 0.739168119430542 0.5482730388641357 0.13056592941284179 0.1499044418334961
2 0.8157503366470337 0.5139422416687012 0.08870158195495606 0.06780757904052734
2 0.827097487449646 0.4568552851676941 0.10980801582336426 0.1368145227432251
2 0.8992114067077637 0.43377665281295774 0.08083438873291016 0.08980448246002197
