2 0.11452075242996215 0.4538626194000244 0.05062706470489502 0.06132431030273437
2 0.15946590900421143 0.4544262409210205 0.07812743186950684 0.09617786407470703
2 0.16287705898284913 0.5216917037963867 0.08046541213989258 0.09145698547363282
2 0.22417264580726623 0.5299892902374268 0.10649155378341675 0.10680303573608399
1 0.23302573561668397 0.450405216217041 0.11510325670242309 0.1374964714050293
1 0.3054006576538086 0.5385399341583252 0.12314481735229492 0.1534646987915039
0 0.3283726692199707 0.4379275798797607 0.1262190818786621 0.11770315170288086
0 0.39976930618286133 0.5425807952880859 0.10850229263305664 0.13912267684936525
0 0.4548095703125 0.4485957145690918 0.17772235870361328 0.11659364700317383
0 0.49718337059020995 0.5467740058898926 0.12190961837768555 0.15018138885498047
0 0.6145187377929687 0.4421438694000244 0.17758846282958984 0.12042007446289063
0 0.6003083229064942 0.5507918357849121 0.1285954475402832 0.15048274993896485
0 0.6961786270141601 0.5408391952514648 0.11185626983642578 0.1555558204650879
0 0.7441248893737793 0.43248648643493653 0.1257223129272461 0.1161123275756836
1 0.7838711738586426 0.534833574295044 0.10748634338378907 0.15851774215698242
1 0.8334966897964478 0.4408431053161621 0.09514307975769043 0.11571722030639649
2 0.8575874328613281 0.524835205078125 0.08570175170898438 0.130450439453125
2 0.9085633277893066 0.4419590950012207 0.09195079803466796 0.09868860244750977
2 0.8946035385131836 0.5063985824584961 0.06393547058105468 0.09272441864013672
