2 0.17798776626586915 0.5307557106018066 0.06785492897033692 0.12960081100463866
1 0.21701364517211913 0.4919285774230957 0.08621349334716796 0.15830421447753906
2 0.20937629342079161 0.6141407489776611 0.06635016202926636 0.04444704055786133
1 0.2582263946533203 0.5962573528289795 0.05976924896240234 0.06432008743286133
0 0.2844339609146118 0.4798606872558594 0.11034350395202637 0.14781417846679687
0 0.3216029167175293 0.5845284461975098 0.09453849792480469 0.0705862045288086
0 0.39282124042510985 0.474457311630249 0.1543896198272705 0.1850834846496582
0 0.40156097412109376 0.5812515258789063 0.09893341064453125 0.06753273010253906
0 0.48552675247192384 0.5785609245300293 0.109075927734375 0.07356081008911133
0 0.5328442573547363 0.4728980541229248 0.15877342224121094 0.18360652923583984
0 0.5749714851379395 0.5812678337097168 0.10629825592041016 0.0727294921875
0 0.6582324504852295 0.4765617370605469 0.13396501541137695 0.14755373001098632
1 0.6648453712463379 0.5871481895446777 0.09482498168945312 0.07217159271240234
1 0.7551932334899902 0.499816370010376 0.11054668426513672 0.1626382827758789
2 0.7444095134735107 0.6100573062896728 0.0860905647277832 0.05075778961181641
2 0.8322177648544311 0.5288949966430664 0.10410428047180176 0.13837738037109376
