2 0.10762614011764526 0.41078680753707886 0.204970383644104 0.1313852548599243
2 0.11611487865447997 0.5143207550048828 0.1846919536590576 0.13782787322998047
2 0.13138823211193085 0.6240092277526855 0.1627735197544098 0.11901893615722656
1 0.18831067085266112 0.7191747188568115 0.16822571754455568 0.11084709167480469
0 0.25823631286621096 0.7999550819396972 0.16997175216674804 0.1437469482421875
0 0.3938328266143799 0.8123927116394043 0.1508620262145996 0.16349925994873046
0 0.5278337478637696 0.7930378913879395 0.15639572143554686 0.1826162338256836
0 0.6650482177734375 0.742045783996582 0.1766876220703125 0.16615581512451172
1 0.7558692932128906 0.6462512016296387 0.12138652801513672 0.1175013542175293
2 0.82095947265625 0.5371906757354736 0.14117507934570311 0.12947463989257812
2 0.8503297567367554 0.4419191837310791 0.16713299751281738 0.1158371925354004
2 0.8847938537597656 0.2682507514953613 0.1770223617553711 0.1985039234161377
