2 0.2504801034927368 0.4075024604797363 0.15288205146789552 0.1557469367980957
2 0.26449587345123293 0.5156976699829101 0.13456439971923828 0.10746402740478515
2 0.2946526527404785 0.6012655735015869 0.11849603652954102 0.10839805603027344
1 0.3311437129974365 0.6693241119384765 0.07925729751586914 0.061707496643066406
0 0.3843320369720459 0.7044110298156738 0.06934804916381836 0.05281620025634766
0 0.4621434211730957 0.7106634140014648 0.1024256706237793 0.07153167724609374
0 0.5594320297241211 0.7076927185058594 0.1100301742553711 0.07934732437133789
0 0.6454443454742431 0.6956980705261231 0.07448415756225586 0.06787109375
2 0.7943752765655517 0.565920352935791 0.12210111618041992 0.09468574523925781
2 0.8391832113265991 0.4775139331817627 0.1478355884552002 0.10702943801879883
