2 0.05643996596336365 0.2788135051727295 0.11117707490921021 0.18657369613647462
2 0.08040817379951477 0.398297381401062 0.14401177167892457 0.12039723396301269
2 0.12661058604717254 0.49902935028076173 0.17842193245887755 0.13440074920654296
1 0.18835752010345458 0.5712368011474609 0.14623441696166992 0.10966644287109376
0 0.24604243636131287 0.6221676826477051 0.1515231251716614 0.10576229095458985
0 0.3357573986053467 0.6562917709350586 0.11663522720336914 0.09021968841552734
0 0.3880959749221802 0.20263993740081787 0.20369410514831543 0.07441768646240235
0 0.5374104022979737 0.6386537551879883 0.15304040908813477 0.11245365142822265
1 0.6277783393859864 0.5865331649780273 0.13417911529541016 0.1300874710083008
2 0.6968955039978028 0.5096586227416993 0.16650009155273438 0.15027942657470703
2 0.7514414310455322 0.4077599048614502 0.14210081100463867 0.13672094345092772
2 0.8258518218994141 0.2851930379867554 0.15688858032226563 0.1799161434173584
2 0.86724853515625 0.20985145568847657 0.18474807739257812 0.06991991996765137
