1 0.1474265456199646 0.4376493453979492 0.1640704870223999 0.1083500862121582
2 0.18044378757476806 0.49576797485351565 0.1220980167388916 0.1036829948425293
0 0.23727840781211854 0.39854409694671633 0.1839476704597473 0.1389915943145752
1 0.26165046691894533 0.5139010429382325 0.12422895431518555 0.15685005187988282
0 0.3682235240936279 0.5752617835998535 0.1724095344543457 0.17213382720947265
0 0.4377872347831726 0.4056449055671692 0.2701843500137329 0.2775031805038452
0 0.5234873771667481 0.5788844108581543 0.17696542739868165 0.19697723388671876
0 0.6767807483673096 0.4126889228820801 0.24953413009643555 0.2628635406494141
0 0.677071475982666 0.5886116027832031 0.16434078216552733 0.16949024200439453
0 0.8155124664306641 0.5770522117614746 0.16444778442382812 0.1850067138671875
0 0.8632114410400391 0.42338970899581907 0.16699047088623048 0.17464983463287354
1 0.8719427108764648 0.5469114303588867 0.07988395690917968 0.13301048278808594
1 0.9348374366760254 0.4572515606880188 0.1016458511352539 0.14079644680023193
