2 0.08091900944709778 0.6530536651611328 0.16080256700515747 0.15160541534423827
2 0.09359413385391235 0.5370087623596191 0.17039978504180908 0.13729572296142578
1 0.11320302188396454 0.4289254188537598 0.09553313851356507 0.09524688720703126
0 0.24854746460914612 0.3239844083786011 0.14553974866867064 0.11761670112609864
0 0.39135022163391114 0.24892091751098633 0.20828542709350586 0.127482271194458
0 0.5935290336608887 0.2719656705856323 0.19056167602539062 0.12853026390075684
0 0.736395263671875 0.3810657262802124 0.11540279388427735 0.11291260719299316
2 0.8167592048645019 0.6952083587646485 0.20614051818847656 0.1435680389404297
2 0.8051280736923218 0.5830257415771485 0.1718822956085205 0.13913459777832032
1 0.7966154098510743 0.47060384750366213 0.12308273315429688 0.10126152038574218
2 0.8335860252380372 0.7934802055358887 0.15738887786865235 0.09254913330078125
