2 0.1330132842063904 0.3859591245651245 0.06520240306854248 0.05366272926330566
2 0.18900890350341798 0.46213626861572266 0.10508980751037597 0.09768905639648437
1 0.1948498249053955 0.410241973400116 0.0962611198425293 0.09897520542144775
1 0.26645097732543943 0.5042324542999268 0.10656967163085937 0.1009404182434082
0 0.2922865152359009 0.42351895570755005 0.14977707862854003 0.14500291347503663
0 0.3643718481063843 0.5233021736145019 0.12110819816589355 0.12692527770996093
0 0.4337810516357422 0.4264827609062195 0.18587522506713866 0.17260229587554932
0 0.467624568939209 0.5338489532470703 0.12178726196289062 0.11918525695800782
0 0.5957167625427247 0.42498027086257933 0.17913684844970704 0.1713916540145874
0 0.5700249671936035 0.5411389827728271 0.12410221099853516 0.1214818000793457
0 0.6704171180725098 0.5214843273162841 0.11344470977783203 0.1299592971801758
0 0.7369276523590088 0.4274011135101318 0.1409205436706543 0.14167537689208984
1 0.7654090404510498 0.5250148296356201 0.11288480758666992 0.13725204467773439
1 0.8290996551513672 0.41087946891784666 0.08901481628417969 0.10161876678466797
2 0.8277618408203125 0.4793250560760498 0.07561244964599609 0.10063638687133789
2 0.8800205230712891 0.40221490859985354 0.05484771728515625 0.05149383544921875
