2 0.12706111669540404 0.7529022216796875 0.21319048404693602 0.08481197357177735
2 0.14002097845077516 0.6798824310302735 0.1984569787979126 0.16123180389404296
2 0.1595523625612259 0.594879150390625 0.15875973105430602 0.12428703308105468
1 0.17184849977493286 0.5067636489868164 0.13627297878265382 0.15192699432373047
0 0.23429038524627685 0.3835697889328003 0.15094518661499023 0.1401522159576416
0 0.38022403717041015 0.32352871894836427 0.20010108947753907 0.1487030029296875
0 0.5729289054870605 0.30826191902160643 0.1952291488647461 0.13783397674560546
0 0.7260668754577637 0.3604689598083496 0.1700735092163086 0.11112518310546875
2 0.8129898071289062 0.5776748657226562 0.18284244537353517 0.14875469207763672
1 0.7995652675628662 0.4793116688728333 0.152748966217041 0.16785523891448975
2 0.8511360168457032 0.6652907371520996 0.1892822265625 0.1705164909362793
