2 0.10756932497024536 0.36072821617126466 0.21513864994049073 0.14017314910888673
2 0.12827742397785186 0.448034393787384 0.19225334525108337 0.16168439388275146
2 0.15221693515777587 0.5632528305053711 0.12843337059020996 0.16815433502197266
1 0.23228251934051514 0.6014083385467529 0.14006242752075196 0.16848831176757811
0 0.43110817670822144 0.6366673469543457 0.16698992252349854 0.1431821823120117
0 0.4238280415534973 0.3096421957015991 0.13958184719085692 0.04811239242553711
0 0.5715909957885742 0.6307867050170899 0.1561798095703125 0.15381574630737305
2 0.7774648666381836 0.5592945575714111 0.12792205810546875 0.16554737091064453
2 0.856485652923584 0.42905373573303224 0.18808383941650392 0.1722177505493164
2 0.8415858268737793 0.5416667938232422 0.11555461883544922 0.13989791870117188
