2 0.11380508244037628 0.46749000549316405 0.07314462065696717 0.07567825317382812
2 0.15273420810699462 0.5378379821777344 0.09354567527770996 0.11870269775390625
2 0.14847995042800904 0.529345703125 0.08421618938446045 0.09207096099853515
1 0.18566607236862182 0.4478849291801453 0.135648512840271 0.1241497278213501
1 0.21026279926300048 0.5364097595214844 0.10595831871032715 0.1360767364501953
0 0.2946325302124023 0.5710408210754394 0.10368137359619141 0.10318374633789062
0 0.3829949378967285 0.414660370349884 0.18916559219360352 0.1853635549545288
0 0.38084533214569094 0.5589943408966065 0.12074799537658691 0.14323148727416993
0 0.48836584091186525 0.558610486984253 0.12760276794433595 0.1522150993347168
0 0.5673210144042968 0.4204897403717041 0.18295154571533204 0.160294246673584
0 0.6012692451477051 0.5696988582611084 0.1255819320678711 0.1261898994445801
1 0.6886641025543213 0.5412548542022705 0.1124765396118164 0.15337533950805665
0 0.6984274864196778 0.425587797164917 0.12350082397460938 0.1343766212463379
2 0.7600824356079101 0.545619010925293 0.10392284393310547 0.11362361907958984
1 0.7792247772216797 0.4619000434875488 0.09337348937988281 0.13311195373535156
2 0.8187814712524414 0.5467319965362549 0.09352283477783203 0.08156805038452149
2 0.8343785285949707 0.4734962940216064 0.08061161041259765 0.09650087356567383
