2 0.13013429939746857 0.5677720069885254 0.13553280234336854 0.08140535354614258
2 0.11555887460708618 0.5725083827972413 0.10078659057617187 0.07494440078735351
2 0.12105457782745362 0.5042002677917481 0.0923088550567627 0.08065681457519532
2 0.14861137568950653 0.5850965499877929 0.09734264016151428 0.06963434219360351
2 0.1805753231048584 0.5936875343322754 0.08927531242370605 0.06684703826904297
1 0.18854998350143432 0.4968873977661133 0.09064853191375732 0.10585126876831055
1 0.2535799503326416 0.5896541595458984 0.09327774047851563 0.06547718048095703
0 0.2804573535919189 0.4988199234008789 0.13280897140502929 0.1257626533508301
0 0.3426216602325439 0.5777627944946289 0.11615991592407227 0.06799812316894531
0 0.4191783905029297 0.5053650856018066 0.18589839935302735 0.14666271209716797
0 0.45173379182815554 0.5781979560852051 0.12305924892425538 0.059903526306152345
0 0.5779971599578857 0.5051050186157227 0.16934528350830078 0.13399667739868165
0 0.5575965881347656 0.5775511741638184 0.11100082397460938 0.058666229248046875
0 0.6502446174621582 0.5802259922027588 0.10257015228271485 0.06640758514404296
0 0.6971536636352539 0.49716386795043943 0.10261020660400391 0.11591453552246093
1 0.7203893661499023 0.5919131278991699 0.06244716644287109 0.07518463134765625
1 0.7637332916259766 0.49529218673706055 0.07827720642089844 0.1011514663696289
2 0.7641852855682373 0.5904992103576661 0.07481241226196289 0.08956050872802734
2 0.7951443672180176 0.574542236328125 0.07562808990478516 0.0849447250366211
2 0.7961862564086915 0.5050236701965332 0.06909313201904296 0.08614139556884766
