2 0.14249305725097655 0.48917675018310547 0.08451237678527831 0.09427566528320312
1 0.21254346370697022 0.503138542175293 0.10697569847106933 0.12644176483154296
0 0.26671111583709717 0.4436513066291809 0.13785510063171386 0.16317365169525147
0 0.32182297706604 0.5519431114196778 0.15192098617553712 0.14292469024658203
0 0.4154499053955078 0.4173411846160889 0.2157665252685547 0.18004541397094725
0 0.4384711742401123 0.5941749572753906 0.14503307342529298 0.20502834320068358
0 0.5626932621002197 0.6160835266113281 0.1455784797668457 0.19359540939331055
0 0.6204174995422364 0.4459759831428528 0.20357189178466797 0.18203427791595458
0 0.6831939697265625 0.5996097564697266 0.13112907409667968 0.13831100463867188
0 0.7649406909942627 0.4973457813262939 0.10965585708618164 0.1266098976135254
1 0.7836030960083008 0.5711698055267334 0.12264289855957031 0.13354110717773438
2 0.8515838623046875 0.5041555404663086 0.09879341125488281 0.11055355072021485
2 0.8555158615112305 0.5905871391296387 0.07339248657226563 0.08736343383789062
