2 0.09700897336006165 0.3476064920425415 0.17242366075515747 0.13817877769470216
2 0.10665404796600342 0.44772849082946775 0.16119909286499023 0.1361546516418457
2 0.1505243808031082 0.5358028411865234 0.16585096716880798 0.1539052963256836
1 0.2014845907688141 0.5866057395935058 0.1303824305534363 0.14845695495605468
0 0.2855821132659912 0.6270438194274902 0.1370091438293457 0.09866847991943359
0 0.5180351257324218 0.6599283695220948 0.13100128173828124 0.07644987106323242
0 0.6252264976501465 0.6367939472198486 0.14901123046875 0.1263432502746582
1 0.741230583190918 0.6029774188995362 0.13988609313964845 0.1729724884033203
2 0.8205114603042603 0.5801608085632324 0.13131976127624512 0.16576671600341797
2 0.8465544700622558 0.46373825073242186 0.15361995697021485 0.15470485687255858
2 0.8810491561889648 0.3704367637634277 0.15355339050292968 0.14232425689697265
