0 0.1046885222196579 0.4639259338378906 0.18103395104408265 0.22218027114868164
2 0.11570309400558472 0.5905898094177247 0.20153768062591554 0.11199111938476562
2 0.15716655254364015 0.6723204612731933 0.19003071784973144 0.12206344604492188
0 0.25277090072631836 0.40905156135559084 0.19759464263916016 0.22430238723754883
0 0.4502668857574463 0.40947009325027467 0.21231794357299805 0.2237708806991577
0 0.6296942710876465 0.43457751274108886 0.1600118637084961 0.17601938247680665
1 0.7617161750793457 0.4981867790222168 0.15668678283691406 0.2078908920288086
2 0.806201171875 0.5829887866973877 0.21152496337890625 0.16710367202758789
2 0.8399357080459595 0.666518259048462 0.17356715202331544 0.08424253463745117
2 0.8709369897842407 0.7159455776214599 0.2242988109588623 0.08281564712524414
