2 0.15045537650585175 0.6636887550354004 0.18621698021888733 0.0835646629333496
2 0.15491325557231903 0.647150182723999 0.17724314332008362 0.09728574752807617
2 0.15748368501663207 0.612092924118042 0.17656114101409912 0.1524428367614746
2 0.1607297420501709 0.5771033287048339 0.17362847328186035 0.0802621841430664
2 0.1742355704307556 0.5416691303253174 0.14007694721221925 0.1315394401550293
1 0.1914328694343567 0.46152477264404296 0.11401512622833251 0.12749004364013672
0 0.2340730607509613 0.39017338752746583 0.09153977632522584 0.09733829498291016
0 0.3585693836212158 0.3173056125640869 0.15431079864501954 0.1103147029876709
0 0.5187631607055664 0.3134335517883301 0.16793365478515626 0.09081802368164063
0 0.6487299919128418 0.3377331972122192 0.1210214614868164 0.08789229393005371
1 0.7251698493957519 0.42035470008850095 0.14097890853881836 0.161513614654541
2 0.7689165115356446 0.49759697914123535 0.15209083557128905 0.11193523406982422
2 0.7574238777160645 0.562752628326416 0.12472763061523437 0.06939315795898438
2 0.8059449195861816 0.5584963321685791 0.22064628601074218 0.08076820373535157
2 0.8100796699523926 0.5849530220031738 0.21849288940429687 0.1287200927734375
2 0.8268742561340332 0.6012335300445557 0.18779277801513672 0.16943273544311524
2 0.8973651885986328 0.6612248897552491 0.17510299682617186 0.14005050659179688
2 0.9027266502380371 0.6869170188903808 0.1746927261352539 0.0959747314453125
2 0.9081357955932617 0.6502764701843262 0.14762382507324218 0.11568870544433593