2 0.1000719428062439 0.4949175834655762 0.11188328266143799 0.09743328094482422
1 0.18206063508987427 0.4772296905517578 0.11815054416656494 0.12068119049072265
1 0.17837556600570678 0.5535717964172363 0.10532104969024658 0.09918251037597656
0 0.2765581846237183 0.45812684297561646 0.17393207550048828 0.1694103002548218
0 0.27807667255401614 0.5526013851165772 0.14866137504577637 0.10673418045043945
0 0.4600235939025879 0.46892900466918946 0.2386646270751953 0.2071841239929199
0 0.48368282318115235 0.5848476409912109 0.1539216995239258 0.12684879302978516
0 0.6084104537963867 0.577187967300415 0.1306852340698242 0.10989084243774414
0 0.6751016139984131 0.4694425106048584 0.22723016738891602 0.21022119522094726
1 0.7871013641357422 0.5462258338928223 0.12469539642333985 0.09580001831054688
0 0.8512119293212891 0.4526651382446289 0.15686702728271484 0.15108308792114258
1 0.9205915451049804 0.4763392448425293 0.11713180541992188 0.13152141571044923
