2 0.09404507875442505 0.4283818244934082 0.06823916435241699 0.09235715866088867
1 0.1355854392051697 0.42587876319885254 0.09700891971588135 0.14042987823486328
2 0.13058435916900635 0.5255233764648437 0.08389310836791992 0.11430511474609376
1 0.17522196769714354 0.5411309719085693 0.08640632629394532 0.1239293098449707
0 0.21024110317230224 0.4473740577697754 0.11137080192565918 0.1514677047729492
0 0.23939867019653321 0.5658783912658691 0.08983845710754394 0.13007678985595703
0 0.32352423667907715 0.4558559417724609 0.1666661262512207 0.1842644691467285
0 0.3229694366455078 0.5750619888305664 0.12078657150268554 0.13155460357666016
0 0.4245628356933594 0.591347074508667 0.12389354705810547 0.12755002975463867
0 0.46617287397384644 0.46912823915481566 0.1738811731338501 0.18848855495452882
0 0.5316390991210938 0.5702374458312989 0.13381099700927734 0.12864189147949218
0 0.6081515789031983 0.466778039932251 0.15247116088867188 0.15597362518310548
1 0.6410952568054199 0.5558324337005616 0.13053970336914061 0.11823692321777343
2 0.7140859603881836 0.5130260944366455 0.1118377685546875 0.10720033645629883
1 0.7316157817840576 0.4240469455718994 0.142044734954834 0.13205375671386718
2 0.8340339660644531 0.4163949012756348 0.11503162384033203 0.11171960830688477
2 0.9164135932922364 0.39164257049560547 0.10484523773193359 0.10923643112182617
