2 0.11113808155059815 0.4112213134765625 0.2222761631011963 0.20548858642578124
2 0.08443870544433593 0.22397561073303224 0.16820869445800782 0.21735677719116211
2 0.15351029634475707 0.6092395782470703 0.21288607120513917 0.26397361755371096
1 0.22130143642425537 0.7442960262298584 0.16322593688964843 0.2166306495666504
0 0.316926908493042 0.7983619213104248 0.1629023551940918 0.1658257484436035
0 0.41548910140991213 0.7303902626037597 0.18910293579101561 0.1392578125
0 0.5379709243774414 0.8026241302490235 0.1829160690307617 0.1665346145629883
0 0.6894330978393555 0.7904887676239014 0.15723075866699218 0.16000757217407227
1 0.7852690696716309 0.768891716003418 0.15689239501953126 0.19274501800537108
2 0.8356076240539551 0.6028820991516113 0.21069908142089844 0.24822864532470704
2 0.8768925666809082 0.4096286654472351 0.2188047409057617 0.18480589389801025
