2 0.154331710934639 0.6211875915527344 0.1694868505001068 0.12199649810791016
2 0.15761574506759643 0.6954172134399415 0.15980703830718995 0.1092977523803711
2 0.17504000961780547 0.544291877746582 0.17680196166038514 0.10689010620117187
1 0.1870244026184082 0.4697532653808594 0.12729005813598632 0.13468666076660157
0 0.2507331132888794 0.38926923274993896 0.1346163272857666 0.12800383567810059
0 0.39658560752868655 0.3526906967163086 0.1745269775390625 0.14202747344970704
0 0.5618496417999268 0.35872597694396974 0.17350997924804687 0.147418212890625
0 0.7089605331420898 0.4020963668823242 0.1398235321044922 0.1365830421447754
1 0.7995669364929199 0.4785007476806641 0.11816635131835937 0.14042491912841798
2 0.8378421783447265 0.5486749649047852 0.1523822784423828 0.13030033111572265
2 0.8625546455383301 0.6245525360107422 0.17106342315673828 0.13111629486083984
2 0.8695327758789062 0.7003729820251465 0.14700546264648437 0.09240303039550782
