2 0.15384938716888427 0.44147353172302245 0.08151545524597167 0.0642024040222168
2 0.15710848569869995 0.460113525390625 0.0844853401184082 0.10183773040771485
2 0.16055402755737305 0.4870753288269043 0.08228397369384766 0.07127342224121094
1 0.22410299777984619 0.48236594200134275 0.10271072387695312 0.1214447021484375
2 0.24205513000488282 0.5554344654083252 0.09937777519226074 0.09730281829833984
0 0.3069621086120605 0.4559639453887939 0.13547401428222655 0.15592689514160157
1 0.30985097885131835 0.5645660877227783 0.09113559722900391 0.13439559936523438
0 0.4243046760559082 0.4188703536987305 0.20952911376953126 0.16778364181518554
0 0.3993957042694092 0.5397283554077148 0.13987503051757813 0.15158214569091796
0 0.5068395137786865 0.5340012550354004 0.11487207412719727 0.1507425308227539
0 0.6117020606994629 0.4168076038360596 0.2125720977783203 0.17529067993164063
0 0.6118475437164307 0.5432870388031006 0.13836231231689453 0.18295602798461913
0 0.7046689033508301 0.5140315055847168 0.08264904022216797 0.10652828216552734
0 0.7411781787872315 0.4292943120002747 0.13161783218383788 0.1646348714828491
1 0.7844876289367676 0.5163025856018066 0.11508731842041016 0.12345123291015625
1 0.8392513036727905 0.43121066093444826 0.10902142524719238 0.14090414047241212
2 0.8749890327453613 0.5496397972106933 0.09860458374023437 0.09851665496826172
2 0.9214071273803711 0.46934871673583983 0.1215057373046875 0.1138427734375
2 0.9114349365234375 0.4252593517303467 0.08334426879882813 0.12296686172485352
