2 0.09244341850280761 0.49339680671691893 0.18488683700561523 0.19346294403076172
2 0.05858950018882751 0.34052448272705077 0.1168901801109314 0.20825519561767578
2 0.119979527592659 0.6245957374572754 0.16654414534568787 0.16308488845825195
1 0.17860581874847412 0.7168371200561523 0.15081992149353027 0.08859176635742187
0 0.2900410175323486 0.7702238082885742 0.16663236618041993 0.09293842315673828
0 0.4151602745056152 0.7865215301513672 0.1144791603088379 0.08055686950683594
0 0.5041447162628174 0.7669907569885254 0.1096649169921875 0.09356212615966797
1 0.7050649642944335 0.671347188949585 0.13093833923339843 0.08601713180541992
2 0.7449736595153809 0.5779927253723145 0.15839176177978515 0.14879188537597657
2 0.7559774398803711 0.4865897178649902 0.1431833267211914 0.085052490234375
2 0.7867609977722168 0.3142433166503906 0.18556079864501954 0.21511564254760743
2 0.7692073822021485 0.4312704563140869 0.14130783081054688 0.0726801872253418
2 0.7982174396514893 0.15103602707386016 0.11130781173706054 0.15607237219810485