2 0.14429302513599396 0.3295795202255249 0.19271363615989684 0.1927793025970459
2 0.17791980504989624 0.46782760620117186 0.17425878047943116 0.13448562622070312
2 0.2221897602081299 0.5746618270874023 0.16349325180053711 0.14409112930297852
1 0.2960099220275879 0.6696766376495361 0.1459723949432373 0.10875864028930664
0 0.38270490169525145 0.698801326751709 0.13462576866149903 0.10344200134277344
0 0.48651466369628904 0.7103214263916016 0.1146127700805664 0.09776020050048828
0 0.589194917678833 0.7020749092102051 0.11038036346435547 0.10117588043212891
0 0.6768535137176513 0.6723464965820313 0.11970882415771485 0.09092559814453124
1 0.7365694522857666 0.6196975708007812 0.13037919998168945 0.08749351501464844
2 0.7798382759094238 0.5292340755462647 0.14714469909667968 0.13543119430541992
2 0.7916221141815185 0.41753292083740234 0.15419607162475585 0.1296078681945801
2 0.7950894832611084 0.28874619007110597 0.1543604850769043 0.17244515419006348
