2 0.1718558192253113 0.537474536895752 0.0769364595413208 0.07684345245361328
2 0.22286686897277833 0.5330703735351563 0.09336094856262207 0.09383563995361328
1 0.22487637996673585 0.42508686780929567 0.07870473861694335 0.12396299839019775
0 0.2915210247039795 0.4019052505493164 0.11480445861816406 0.14659852981567384
1 0.28522448539733886 0.5193204402923584 0.09770946502685547 0.10809812545776368
0 0.353577995300293 0.5379936218261718 0.12401714324951171 0.13804054260253906
0 0.4296895980834961 0.4135557174682617 0.199822998046875 0.18506231307983398
0 0.4592504620552063 0.5504478454589844 0.13714139461517333 0.14753952026367187
0 0.5697066783905029 0.5713001251220703 0.1305769920349121 0.15706338882446289
0 0.6108430862426758 0.4384331703186035 0.208209228515625 0.17424001693725585
0 0.6754343986511231 0.566619873046875 0.12628459930419922 0.1371929168701172
0 0.7596804618835449 0.4622469902038574 0.13824424743652344 0.1485311508178711
1 0.761258316040039 0.576749038696289 0.09618644714355469 0.12185077667236328
2 0.8312304496765137 0.5980180740356446 0.09756507873535156 0.09002532958984374
1 0.8303708076477051 0.5060461521148681 0.08660144805908203 0.09893665313720704
