2 0.1448603630065918 0.3166175365447998 0.15801429748535156 0.1461562156677246
2 0.18110287189483643 0.41058529615402223 0.1276714324951172 0.0837505578994751
2 0.2093866288661957 0.47782258987426757 0.113282310962677 0.09455146789550781
1 0.2706234216690063 0.5141584396362304 0.09987778663635254 0.11111736297607422
0 0.34201803207397463 0.5475561618804932 0.1165151596069336 0.09813947677612304
0 0.44641571044921874 0.5561608791351318 0.11019935607910156 0.08753585815429688
0 0.5472949981689453 0.5574735641479492 0.11678180694580079 0.08841552734375
0 0.6564061164855957 0.549907112121582 0.11743030548095704 0.08695735931396484
1 0.7354531764984131 0.513424301147461 0.11039113998413086 0.08078880310058593
2 0.7931988716125489 0.4694820404052734 0.11512737274169922 0.07528018951416016
2 0.8289912939071655 0.413974392414093 0.14155735969543456 0.08236291408538818
2 0.8580373764038086 0.332502555847168 0.13070926666259766 0.10692672729492188
