2 0.19094369411468506 0.3019075870513916 0.13286118507385253 0.10706901550292969
2 0.1947068452835083 0.3923430681228638 0.13830418586730958 0.1194678783416748
2 0.23824949264526368 0.4856418609619141 0.1399141311645508 0.10953235626220703
1 0.274582052230835 0.5670955657958985 0.09570379257202148 0.08922796249389649
0 0.3663681983947754 0.573576831817627 0.13197126388549804 0.12910070419311523
0 0.4347485423088074 0.621854591369629 0.12442076206207275 0.10439529418945312
0 0.5467726707458496 0.6175384521484375 0.12614889144897462 0.11454353332519532
0 0.6107651233673096 0.5711559772491455 0.13543310165405273 0.13096170425415038
2 0.7365015983581543 0.49713754653930664 0.15699310302734376 0.11187458038330078
1 0.7141514778137207 0.5702368259429932 0.11225948333740235 0.12189350128173829
2 0.7705162048339844 0.4158851146697998 0.18176498413085937 0.1471923828125
2 0.7895462036132812 0.31189670562744143 0.1564352035522461 0.12584218978881836
