2 0.05940350294113159 0.6227385044097901 0.11880700588226319 0.12876224517822266
0 0.08410832285881042 0.42879815101623536 0.16821664571762085 0.15712909698486327
1 0.05796244740486145 0.5218325614929199 0.1159248948097229 0.14193801879882811
2 0.06294732093811035 0.7855710029602051 0.12588748931884766 0.12386093139648438
2 0.046019059419631955 0.7075284481048584 0.0919748067855835 0.081402587890625
0 0.20457057356834413 0.3435389995574951 0.22197028398513793 0.16953649520874023
0 0.4210019588470459 0.3220111131668091 0.22481126785278321 0.16759333610534669
0 0.6015398979187012 0.34414689540863036 0.15414829254150392 0.16545395851135253
1 0.7094027519226074 0.420485782623291 0.15665245056152344 0.12083721160888672
2 0.7616584300994873 0.5998970031738281 0.24071321487426758 0.1406015396118164
2 0.7722818374633789 0.5501268386840821 0.21137046813964844 0.12209548950195312
2 0.8389819145202637 0.6742932319641113 0.16303234100341796 0.12474822998046875
