2 0.12899002730846404 0.703223466873169 0.1856734812259674 0.06857891082763672
2 0.1354340523481369 0.6518048286437989 0.19503069519996644 0.1008575439453125
2 0.16838750541210173 0.5562355995178223 0.18747444748878478 0.15025815963745118
2 0.20582361817359923 0.4694488525390625 0.1513179659843445 0.12772808074951172
1 0.244697904586792 0.37397940158843995 0.13763837814331054 0.1271374225616455
0 0.33215012550354006 0.3227063179016113 0.08297233581542969 0.09984798431396484
0 0.4661073684692383 0.275975775718689 0.16399068832397462 0.11734485626220703
0 0.6222692489624023 0.3197901487350464 0.1556333541870117 0.11278119087219238
0 0.7543726921081543 0.37409675121307373 0.09279041290283203 0.09986529350280762
1 0.822543740272522 0.439487087726593 0.1283656597137451 0.1255054235458374
2 0.8531218528747558 0.6199505805969239 0.17860832214355468 0.14136676788330077
2 0.8371343612670898 0.5248713493347168 0.14316215515136718 0.10237274169921876
2 0.855374813079834 0.7562407493591309 0.1774435043334961 0.06342048645019531
2 0.863471508026123 0.7056963443756104 0.19342308044433593 0.09913473129272461
