2 0.08796185255050659 0.2600742280483246 0.17308533191680908 0.13369122743606568
2 0.10463025271892548 0.39193971157073976 0.19993577599525453 0.16674370765686036
2 0.13028237819671631 0.5187424659729004 0.17104201316833495 0.1497415542602539
1 0.15077990293502808 0.616889762878418 0.1202617883682251 0.13927154541015624
0 0.25220091342926027 0.6317059516906738 0.13351163864135743 0.09552135467529296
0 0.3462560176849365 0.6575577735900879 0.1209939956665039 0.0665628433227539
0 0.4640309810638428 0.6593684196472168 0.1317915916442871 0.06990518569946289
0 0.5791644096374512 0.6416582584381103 0.13822174072265625 0.10248470306396484
1 0.6883496284484864 0.6375315189361572 0.12573375701904296 0.1293004035949707
2 0.7583266735076905 0.572394609451294 0.16613588333129883 0.22115449905395507
2 0.8196429252624512 0.4246255993843079 0.1999593734741211 0.19185426235198974
2 0.8573884010314942 0.30130155086517335 0.1346649169921875 0.09828948974609375
