2 0.14712679386138916 0.496859073638916 0.08087658882141113 0.07588996887207031
2 0.17826492786407472 0.5483071327209472 0.07346196174621582 0.08791971206665039
1 0.2023256540298462 0.44477858543396 0.09642434120178223 0.11637773513793945
1 0.23124237060546876 0.5509703159332275 0.09309172630310059 0.1376193046569824
0 0.28571691513061526 0.42270689010620116 0.1436920166015625 0.16550016403198242
0 0.3103839635848999 0.5769511222839355 0.13566174507141113 0.18579139709472656
0 0.4429191708564758 0.4235531687736511 0.21987340450286866 0.22430365085601806
0 0.42391176223754884 0.5942355632781983 0.14527549743652343 0.2064225196838379
0 0.5450218200683594 0.5941961288452149 0.1420743942260742 0.20053510665893554
0 0.6207219123840332 0.41652493476867675 0.1989063262939453 0.2204758644104004
0 0.6502991676330566 0.5613224983215332 0.11182918548583984 0.1543325424194336
0 0.7397901535034179 0.42764897346496583 0.11415081024169922 0.15907831192016603
1 0.7274203300476074 0.572019100189209 0.08741893768310546 0.15414676666259766
2 0.7810115814208984 0.5502719879150391 0.07335777282714843 0.09524974822998047
2 0.8013685464859008 0.4494130611419678 0.09864192008972168 0.10237751007080079
