2 0.16107959747314454 0.34436089992523194 0.1774573802947998 0.19020648002624513
2 0.16449306011199952 0.21354146003723146 0.16515212059020995 0.11342473030090332
2 0.20628883838653564 0.43746882677078247 0.15069522857666015 0.13452813625335694
2 0.24219067096710206 0.5290868759155274 0.16601767539978027 0.15574378967285157
1 0.2948641777038574 0.6044272422790528 0.12224884033203125 0.13889169692993164
0 0.3721450328826904 0.6472023963928223 0.1313908576965332 0.132208251953125
0 0.48020210266113283 0.6614718437194824 0.12184257507324218 0.1323324203491211
0 0.587688684463501 0.657807445526123 0.12307214736938477 0.12603321075439453
0 0.6742707252502441 0.635646915435791 0.128395938873291 0.12295494079589844
1 0.7409253597259522 0.5856918334960938 0.11618871688842773 0.13871288299560547
2 0.7871679306030274 0.5392500877380371 0.14661521911621095 0.15715312957763672
2 0.8310695648193359 0.4071367383003235 0.14267730712890625 0.16672704219818116
