1 0.21359018683433534 0.48110599517822267 0.08211709260940551 0.13274154663085938
2 0.2308500051498413 0.5739295482635498 0.05248494148254394 0.07818450927734374
0 0.2759393692016602 0.4694777488708496 0.09078149795532227 0.1385481834411621
2 0.263885498046875 0.5737319469451905 0.053600215911865236 0.09048328399658204
1 0.30382480621337893 0.5728318214416503 0.06316137313842773 0.09782772064208985
0 0.37179739475250245 0.45802927017211914 0.16184897422790528 0.17686357498168945
0 0.36272315979003905 0.5863488197326661 0.08560171127319335 0.11044902801513672
0 0.4392212390899658 0.580566692352295 0.10527772903442383 0.12361469268798828
0 0.5151782989501953 0.45167323350906374 0.17571029663085938 0.17950093746185303
0 0.5244412422180176 0.5767720222473145 0.10603771209716797 0.10950145721435547
0 0.6102092266082764 0.5751961708068848 0.09970207214355468 0.10876302719116211
0 0.6392998695373535 0.4632521152496338 0.11836776733398438 0.15356664657592772
1 0.6827825546264649 0.5666845321655274 0.07771110534667969 0.10227031707763672
1 0.7239455223083496 0.47470388412475584 0.08416976928710937 0.14556503295898438
2 0.7425028800964355 0.5698474884033203 0.07559947967529297 0.08133869171142578
2 0.7741256713867187 0.47792415618896483 0.055179405212402347 0.10668258666992188
2 0.7823935508728027 0.5621685981750488 0.06374378204345703 0.07745475769042968
2 0.8055410385131836 0.47824974060058595 0.052730369567871097 0.09510936737060546
2 0.8202533721923828 0.5483049392700196 0.0686300277709961 0.07876777648925781
