2 0.11156665980815887 0.4388272285461426 0.07152333855628967 0.09085731506347657
2 0.13815704584121705 0.42465915679931643 0.08938095569610596 0.12388925552368164
2 0.21307740807533265 0.5290004730224609 0.1592422366142273 0.10263137817382813
2 0.199435031414032 0.5382010459899902 0.12897703647613526 0.08948316574096679
1 0.19147119522094727 0.4108940601348877 0.09615645408630372 0.152569580078125
2 0.2425549566745758 0.580111312866211 0.08993958234786988 0.10993232727050781
0 0.2771280765533447 0.4099825739860535 0.12369737625122071 0.15507833957672118
1 0.2977112293243408 0.5883570194244385 0.08294105529785156 0.14945735931396484
0 0.36809568405151366 0.595836067199707 0.11458473205566407 0.1557445526123047
0 0.4032094955444336 0.4125335216522217 0.17482690811157225 0.1665182113647461
0 0.4603725433349609 0.5930174350738525 0.11235189437866211 0.1623833656311035
0 0.5629283428192139 0.41296987533569335 0.1742534637451172 0.1712580680847168
0 0.5546703815460206 0.5904912948608398 0.11278238296508789 0.15823917388916015
0 0.6556196689605713 0.5874093532562256 0.11782865524291992 0.15366344451904296
0 0.6986784934997559 0.406627357006073 0.13333187103271485 0.15982344150543212
1 0.7403872966766357 0.5783369541168213 0.10192461013793945 0.14930057525634766
1 0.7950656890869141 0.4143986225128174 0.10227432250976562 0.14951963424682618
2 0.817914605140686 0.5456229686737061 0.11896014213562012 0.09616632461547851
2 0.8082842826843262 0.5614368438720703 0.09795551300048828 0.119384765625
2 0.8465224266052246 0.534308910369873 0.08817100524902344 0.08405799865722656
2 0.867306137084961 0.509065818786621 0.11058692932128907 0.08193492889404297
2 0.8715610504150391 0.41588625907897947 0.10063209533691406 0.13144798278808595
