2 0.19158370196819305 0.7311367511749267 0.18406453728675842 0.1252197265625
2 0.20388782024383545 0.7745915412902832 0.15603013038635255 0.07080097198486328
1 0.19731481075286866 0.46860532760620116 0.13692421913146974 0.17934627532958985
2 0.2120807647705078 0.6553112983703613 0.156756591796875 0.07410964965820313
0 0.26883854269981383 0.31080217361450196 0.13904210329055786 0.13895912170410157
0 0.29438052177429197 0.3976693630218506 0.13029613494873046 0.0760878562927246
0 0.41269655227661134 0.3111107587814331 0.18737030029296875 0.17042622566223145
0 0.6103345870971679 0.32690365314483644 0.1929880142211914 0.1672903537750244
0 0.7548494338989258 0.3762549161911011 0.11649818420410156 0.12583622932434083
2 0.8024598121643066 0.7683196067810059 0.19210548400878907 0.10889778137207032
1 0.816641902923584 0.4543337345123291 0.12281970977783203 0.1435389518737793
2 0.8318093299865723 0.6789619445800781 0.14600028991699218 0.13146705627441407
2 0.8288893699645996 0.7660343647003174 0.13751468658447266 0.10429506301879883
2 0.8333676338195801 0.57306809425354 0.14486961364746093 0.13911714553833007
