2 0.17137645483016967 0.3880040645599365 0.15323526859283448 0.09811277389526367
2 0.12952383756637573 0.3176523208618164 0.06444387435913086 0.06865940093994141
2 0.20050588250160217 0.4610557556152344 0.16996105909347534 0.13658542633056642
2 0.2533663272857666 0.541059923171997 0.1435079574584961 0.135367488861084
1 0.2963968276977539 0.5888512134552002 0.09944734573364258 0.12584896087646485
0 0.36183600425720214 0.6214924812316894 0.11150150299072266 0.1210479736328125
0 0.46064281463623047 0.6252105712890625 0.1126749038696289 0.1199148178100586
0 0.5670505046844483 0.6177019119262696 0.11547584533691406 0.11325969696044921
0 0.6657843112945556 0.5826126098632812 0.1246908187866211 0.0953679084777832
1 0.7405704021453857 0.5382754802703857 0.1020634651184082 0.09538288116455078
2 0.7957257270812989 0.49224271774291994 0.1399179458618164 0.10660762786865234
2 0.82169668674469 0.43433046340942383 0.13052477836608886 0.08491134643554688
2 0.8385154724121093 0.38877182006835936 0.1317270278930664 0.06568450927734375
2 0.8439739227294922 0.3392605781555176 0.12070884704589843 0.09164228439331054
