2 0.18333912193775176 0.5903853416442871 0.1856895864009857 0.12160749435424804
2 0.1956242799758911 0.6951559066772461 0.18907341957092286 0.152001953125
2 0.2095468521118164 0.8117687463760376 0.1761551856994629 0.12056956291198731
2 0.22117061018943787 0.5004384994506836 0.17873326539993287 0.16044464111328124
1 0.26141674518585206 0.37691502571105956 0.10441079139709472 0.14825363159179689
0 0.33507375717163085 0.2932900905609131 0.13819847106933594 0.15089836120605468
0 0.4591433048248291 0.25580344796180726 0.1685624122619629 0.17224816083908082
0 0.6281403541564942 0.26587481498718263 0.17149925231933594 0.15526585578918456
0 0.7313131332397461 0.3398406982421875 0.13470306396484374 0.153182315826416
1 0.7873764991760254 0.44757671356201173 0.1390329360961914 0.1518986701965332
2 0.8215103149414062 0.578087854385376 0.17459793090820314 0.13827505111694335
2 0.8521798133850098 0.775850772857666 0.1865520477294922 0.12044010162353516
2 0.8497538566589355 0.8030961990356446 0.18151607513427734 0.10634632110595703
2 0.8470447540283204 0.8205700874328613 0.17255668640136718 0.07087955474853516
2 0.8504792213439941 0.6830279350280761 0.17724838256835937 0.10510025024414063
