1 0.2261967420578003 0.5223523139953613 0.09771513938903809 0.11371135711669922
2 0.2410398006439209 0.582615852355957 0.07317819595336914 0.06106986999511719
0 0.29614217281341554 0.5107124328613282 0.11027069091796875 0.1227792739868164
1 0.29014177322387696 0.59061279296875 0.07928934097290039 0.0800262451171875
0 0.36658782958984376 0.5916964530944824 0.10266132354736328 0.09539222717285156
0 0.42491968870162966 0.5058767318725585 0.19642469882965088 0.13360843658447266
0 0.45961837768554686 0.6003087520599365 0.11879091262817383 0.11602926254272461
0 0.5663439273834229 0.6054787635803223 0.13958454132080078 0.13219337463378905
0 0.6046292781829834 0.5142799377441406 0.20249567031860352 0.12328224182128907
0 0.6741373062133789 0.6146374225616456 0.12570571899414062 0.11866130828857421
0 0.7404478073120118 0.5270012855529785 0.12233943939208984 0.11839828491210938
1 0.7457526683807373 0.6109591484069824 0.10632944107055664 0.09379997253417968
2 0.8161425590515137 0.6009895324707031 0.07453670501708984 0.0758296012878418
1 0.8304203987121582 0.5242260456085205 0.10129871368408203 0.09529647827148438
2 0.8776473045349121 0.6158598899841309 0.07808780670166016 0.06565628051757813
2 0.8984889984130859 0.5402111053466797 0.09761695861816407 0.09153900146484376
