2 0.14926743507385254 0.7198125839233398 0.19875288009643555 0.13875837326049806
2 0.1789188027381897 0.6288453102111816 0.18804352283477782 0.11243476867675781
2 0.20531041622161866 0.5292265892028809 0.1789766311645508 0.14155569076538085
0 0.3322998046875 0.3659170389175415 0.15192680358886718 0.14968400001525878
0 0.4615056037902832 0.31946325302124023 0.1741257667541504 0.16271305084228516
0 0.6252534866333008 0.3325171947479248 0.17760772705078126 0.15925445556640624
0 0.7407369613647461 0.389780330657959 0.1493288040161133 0.14450368881225586
2 0.8286276817321777 0.569373607635498 0.18888187408447266 0.15562667846679687
1 0.8013904571533204 0.48331480026245116 0.1205453872680664 0.13789691925048828
2 0.8522299766540528 0.6825584411621094 0.17652816772460939 0.12823123931884767
2 0.8552638769149781 0.7284028053283691 0.15795254707336426 0.07191390991210937
