2 0.16240122318267822 0.3547493934631348 0.13024163246154785 0.1337718963623047
2 0.21365193724632264 0.49955406188964846 0.1275335431098938 0.1448293685913086
1 0.2629194736480713 0.5426121711730957 0.10114879608154297 0.13023204803466798
0 0.33475594520568847 0.5722879886627197 0.1088409423828125 0.10483798980712891
0 0.4283737063407898 0.5873350143432617 0.10645124912261963 0.10613107681274414
0 0.5300847053527832 0.5966663360595703 0.10748367309570313 0.1033090591430664
0 0.6194297790527343 0.588310432434082 0.09061527252197266 0.09663753509521485
1 0.6847078323364257 0.5734999656677247 0.09126758575439453 0.12470474243164062
2 0.7450587272644043 0.5460616111755371 0.10913925170898438 0.13927507400512695
2 0.8216801643371582 0.3723708391189575 0.13608951568603517 0.12472348213195801
