2 0.12988483905792236 0.6466773986816406 0.1731886863708496 0.10301284790039063
2 0.12643153965473175 0.7078303337097168 0.15082029700279237 0.09257888793945312
2 0.14951102435588837 0.5855722427368164 0.14976540207862854 0.08937282562255859
2 0.19160013198852538 0.5214029312133789 0.16918706893920898 0.10208415985107422
1 0.22581512928009034 0.44787122011184693 0.12169122695922852 0.10394437313079834
0 0.3029974937438965 0.39269137382507324 0.12265043258666992 0.11651010513305664
0 0.42686023712158205 0.37033393383026125 0.15937118530273436 0.11236386299133301
0 0.5736772537231445 0.38250753879547117 0.16250743865966796 0.11324763298034668
0 0.6993804931640625 0.42232980728149416 0.12140979766845703 0.11528005599975585
1 0.7735936164855957 0.4935748100280762 0.12638435363769532 0.10655555725097657
2 0.8204162836074829 0.5674164295196533 0.13503031730651854 0.09700078964233398
2 0.8553842544555664 0.6351069927215576 0.11141929626464844 0.07390775680541992
2 0.8814740180969238 0.6937933921813965 0.10251655578613281 0.08866710662841797
2 0.8858684539794922 0.7461134910583496 0.09695625305175781 0.09792919158935547
