2 0.12109642028808594 0.40636110305786133 0.16402502059936525 0.16506633758544922
2 0.16787524223327638 0.5123532295227051 0.1711136817932129 0.1350078582763672
2 0.22452264428138732 0.5916899681091309 0.15635279417037964 0.13053760528564454
1 0.29338874816894533 0.6706522941589356 0.14741201400756837 0.11316337585449218
0 0.4019032001495361 0.6777818679809571 0.13739919662475586 0.12223033905029297
0 0.500425148010254 0.6974031448364257 0.1328634262084961 0.09477148056030274
0 0.6004539489746094 0.6724354743957519 0.13180618286132811 0.09975109100341797
0 0.6861587524414062 0.6281468391418457 0.132720947265625 0.09487247467041016
1 0.7602205276489258 0.5441041946411133 0.13507862091064454 0.07358856201171875
2 0.798444128036499 0.33409173488616944 0.19756269454956055 0.1825406551361084
2 0.7867621898651123 0.4639470100402832 0.16977014541625976 0.13227548599243164
2 0.7932762145996094 0.2277881383895874 0.12450504302978516 0.06229133605957031
