2 0.09619961977005005 0.3124093532562256 0.1263336181640625 0.21376771926879884
2 0.11092037856578826 0.4378326892852783 0.10615349411964417 0.09215507507324219
2 0.1507304787635803 0.543669605255127 0.1738050699234009 0.1689128875732422
1 0.19316734075546266 0.6285788536071777 0.1490565538406372 0.1625539779663086
0 0.2744356691837311 0.7090272903442383 0.16210297346115113 0.14623804092407228
0 0.39188332557678224 0.7380919456481934 0.14956893920898437 0.1486948013305664
0 0.5277853965759277 0.7259200096130372 0.14803581237792968 0.14673309326171874
0 0.6276626586914062 0.684468936920166 0.16000614166259766 0.14313240051269532
1 0.701972484588623 0.6162672996520996 0.15550155639648439 0.1391674041748047
2 0.7498025894165039 0.5091286659240722 0.1563425064086914 0.15059757232666016
2 0.7748641967773438 0.3843019247055054 0.17231578826904298 0.14052376747131348
2 0.7908374786376953 0.25402863025665284 0.13562297821044922 0.16657423973083496
