2 0.1828027993440628 0.4949636459350586 0.17516011595726014 0.10808601379394531
2 0.1575425386428833 0.48899054527282715 0.10887036323547364 0.10540742874145508
2 0.16726329326629638 0.6038639545440674 0.12452430725097656 0.08238248825073242
2 0.1937814474105835 0.5113033294677735 0.1451246738433838 0.06969223022460938
1 0.23903343677520753 0.4508078575134277 0.17473955154418946 0.10791292190551757
1 0.20475645661354064 0.4496640682220459 0.10168198347091675 0.10410509109497071
2 0.23257553577423096 0.626994276046753 0.08491320610046386 0.056022357940673825
1 0.2723094463348389 0.46945905685424805 0.10972900390625 0.0723459243774414
1 0.30022263526916504 0.6265145778656006 0.08568115234375 0.060590934753417966
0 0.34979777336120604 0.4298959732055664 0.11959619522094726 0.11167097091674805
0 0.38903369903564455 0.6154346466064453 0.11316242218017578 0.08817939758300782
0 0.4752345085144043 0.4248195171356201 0.1590500831604004 0.12001123428344726
0 0.48336181640625 0.6142038345336914 0.10979995727539063 0.102545166015625
0 0.5771803855895996 0.6118955135345459 0.10226001739501953 0.09337396621704101
0 0.6247251510620118 0.43320717811584475 0.1541534423828125 0.12028656005859376
0 0.6662919998168946 0.6088039398193359 0.10044631958007813 0.07000923156738281
0 0.7381727218627929 0.450163471698761 0.10033760070800782 0.11131131649017334
1 0.7456086158752442 0.6280117988586426 0.05496435165405274 0.03681392669677734
2 0.7717254638671875 0.6292426586151123 0.09846973419189453 0.04293003082275391
1 0.7888608932495117 0.4785581588745117 0.07366504669189453 0.10919017791748047
2 0.8076727867126465 0.6197246551513672 0.0984964370727539 0.057895469665527347
2 0.8131292581558227 0.6090187072753906 0.10921130180358887 0.0726633071899414
2 0.838283634185791 0.5241763114929199 0.10521965026855469 0.07616147994995118
2 0.8388168334960937 0.48590974807739257 0.07731704711914063 0.10621986389160157
2 0.847625732421875 0.5147644519805908 0.088800048828125 0.0741037368774414
