2 0.1638033628463745 0.6944183349609375 0.16169934272766112 0.11121997833251954
2 0.16598728001117707 0.6036959648132324 0.16373557448387147 0.14099225997924805
2 0.18006954193115235 0.5136923789978027 0.15942392349243165 0.14280052185058595
1 0.20853967666625978 0.4236635208129883 0.13748693466186523 0.1360677719116211
0 0.27074007987976073 0.3471019744873047 0.11451587677001954 0.11940393447875977
0 0.40125237703323363 0.30824711322784426 0.18551099300384521 0.1169891357421875
0 0.6041755199432373 0.3108368873596191 0.191542911529541 0.11272134780883789
0 0.7378111839294433 0.36435067653656006 0.12153263092041015 0.12611489295959472
1 0.8246382713317871 0.4531998157501221 0.1424640655517578 0.15944042205810546
2 0.8474202156066895 0.5576187133789062 0.15295696258544922 0.10702800750732422
2 0.870700740814209 0.767236328125 0.16908397674560546 0.08954830169677734
2 0.8773132562637329 0.6566934585571289 0.18153796195983887 0.1510568618774414
2 0.8756496429443359 0.7343676090240479 0.16321678161621095 0.08815956115722656
