2 0.14833014011383056 0.24703664779663087 0.1296228885650635 0.11194114685058594
2 0.1729170113801956 0.35249407291412355 0.15529803633689881 0.14562268257141114
2 0.20308706760406495 0.4773123741149902 0.16419153213500975 0.17568836212158204
1 0.22671870589256288 0.5898406982421875 0.1443074345588684 0.1532072067260742
0 0.2887929916381836 0.6464333534240723 0.10309820175170899 0.10264053344726562
0 0.3955862522125244 0.6805042266845703 0.14054861068725585 0.1313680648803711
0 0.5263293266296387 0.7074111461639404 0.1479217529296875 0.10578536987304688
0 0.646237850189209 0.6810781478881835 0.1462503433227539 0.0991455078125
1 0.7150230407714844 0.6136321067810059 0.1509765625 0.13315773010253906
2 0.7683171272277832 0.5316037178039551 0.16598987579345703 0.13717517852783204
2 0.7995506763458252 0.45003929138183596 0.1587143898010254 0.06604766845703125
2 0.8408182382583618 0.3881989002227783 0.13268122673034669 0.10306816101074219
2 0.8832275390625 0.2971311092376709 0.081719970703125 0.10320062637329101
