2 0.19216697216033934 0.5645101070404053 0.1468135356903076 0.10017518997192383
2 0.1999308228492737 0.626770305633545 0.14427664279937744 0.08600330352783203
2 0.23023625016212462 0.5024273872375489 0.17157381772994995 0.11903171539306641
1 0.2463889539241791 0.43139933347702025 0.0975678563117981 0.11685564517974853
0 0.3255475044250488 0.42521052360534667 0.10437307357788086 0.11554489135742188
0 0.4304601788520813 0.4036233901977539 0.1423551321029663 0.10375242233276367
0 0.5641984939575195 0.4125227451324463 0.14469709396362304 0.10116453170776367
0 0.6757071495056153 0.4351463794708252 0.10207319259643555 0.11206254959106446
1 0.7458652496337891 0.48297643661499023 0.10226097106933593 0.11773624420166015
2 0.7713703155517578 0.5473468780517579 0.15117568969726564 0.13150424957275392
2 0.7989754199981689 0.6061208724975586 0.14308748245239258 0.10444889068603516
2 0.796505355834961 0.6617607116699219 0.13800640106201173 0.08907089233398438
