2 0.21959445476531983 0.6250943183898926 0.14973511695861816 0.131304931640625
2 0.24249532222747802 0.5384164810180664 0.13713860511779785 0.12927913665771484
1 0.2689220905303955 0.47432889938354494 0.10253257751464843 0.107049560546875
0 0.31438393592834474 0.4168083071708679 0.10781307220458984 0.09886324405670166
0 0.4149353504180908 0.39934358596801756 0.14144430160522461 0.0925872802734375
0 0.5505754470825195 0.4009561657905579 0.15383319854736327 0.08854577541351319
0 0.6747693061828614 0.43143301010131835 0.12401275634765625 0.10048875808715821
1 0.7496679306030274 0.4924634456634521 0.09773092269897461 0.11997613906860352
2 0.7872424125671387 0.5641359806060791 0.13071956634521484 0.13471803665161133
2 0.8194014549255371 0.6588449478149414 0.12248058319091797 0.11626739501953125
