2 0.14218206703662872 0.7641558647155762 0.17828697562217713 0.08132514953613282
2 0.1398227572441101 0.7518656253814697 0.17251217365264893 0.06949043273925781
2 0.1575588434934616 0.7022602081298828 0.19506927132606505 0.1494415283203125
2 0.16558942794799805 0.5831376075744629 0.16588683128356935 0.13743972778320312
1 0.17900829315185546 0.4743492126464844 0.1418613910675049 0.14983758926391602
0 0.23201093673706055 0.38361871242523193 0.1372837543487549 0.14301962852478028
0 0.3700384616851807 0.3473593950271606 0.207839298248291 0.147277307510376
0 0.5826592445373535 0.3421181201934814 0.22121524810791016 0.14303464889526368
0 0.7263875007629395 0.3925023078918457 0.1371816635131836 0.15195341110229493
1 0.7974680900573731 0.4720303535461426 0.13410015106201173 0.13472137451171876
2 0.8377887725830078 0.5825795650482177 0.1775226593017578 0.16534271240234374
2 0.8561128377914429 0.7007344245910645 0.18689923286437987 0.11789102554321289
