2 0.175672447681427 0.6816492080688477 0.18441989421844482 0.12061128616333008
2 0.18323307037353515 0.5707910537719727 0.1648578643798828 0.11566762924194336
1 0.19265737533569335 0.5095638751983642 0.12195110321044922 0.13167619705200195
0 0.2421497583389282 0.4392850875854492 0.10496211051940918 0.12114953994750977
0 0.3623248338699341 0.3839369058609009 0.17101168632507324 0.12659792900085448
0 0.5306013107299805 0.37801873683929443 0.18804931640625 0.11713471412658691
0 0.6639115810394287 0.4319708704948425 0.11275920867919922 0.11132795810699463
1 0.7596934318542481 0.4881153106689453 0.12254180908203124 0.1371469497680664
2 0.8014636754989624 0.540415620803833 0.15502362251281737 0.14897422790527343
2 0.8466484069824218 0.6204804420471192 0.18360729217529298 0.13348789215087892
2 0.8752566337585449 0.6967439174652099 0.1375642776489258 0.10910463333129883
