2 0.2298489987850189 0.5326746940612793 0.16438161134719848 0.09128265380859375
1 0.23382120132446288 0.4494143009185791 0.1642167568206787 0.13931198120117189
2 0.23413596749305726 0.5975594997406006 0.15587376356124877 0.08345317840576172
2 0.25655640959739684 0.6612071990966797 0.17173234224319459 0.11254615783691406
2 0.26680217385292054 0.7374938011169434 0.14037808179855346 0.0917886734008789
0 0.279539155960083 0.38484160900115966 0.12880373001098633 0.11507630348205566
0 0.3611793041229248 0.3213770866394043 0.1642742156982422 0.12942929267883302
0 0.5275927066802979 0.3194117069244385 0.1789250373840332 0.12713565826416015
0 0.6644819259643555 0.355652904510498 0.12338848114013672 0.1182821273803711
1 0.7415740966796875 0.41668816804885866 0.12948322296142578 0.13694989681243896
2 0.7789559841156006 0.4892753601074219 0.14951066970825194 0.12200031280517579
2 0.8157291173934936 0.6355305671691894 0.160453462600708 0.11515188217163086
2 0.8084867238998413 0.5581665992736816 0.1403679370880127 0.10575637817382813
2 0.8262859344482422 0.7092320442199707 0.13591861724853516 0.097100830078125
