2 0.13133877515792847 0.2904379844665527 0.18415262699127197 0.19834938049316406
2 0.1421610802412033 0.4551904559135437 0.17100120186805726 0.18311731815338134
1 0.1900881290435791 0.597114372253418 0.17367210388183593 0.17412948608398438
0 0.28579187393188477 0.6742381095886231 0.12985987663269044 0.14607715606689453
0 0.4098205089569092 0.7181509017944336 0.1718851089477539 0.15703792572021485
0 0.5631533622741699 0.7326560974121094 0.16661033630371094 0.16612606048583983
0 0.6962906837463378 0.7408923149108887 0.1296314239501953 0.13945426940917968
1 0.7879866123199463 0.6992320060729981 0.14609270095825194 0.16278495788574218
2 0.8492502450942994 0.5913078308105468 0.17599902153015137 0.2250150680541992
2 0.8770006418228149 0.4434317469596863 0.15514750480651857 0.18215830326080323
