2 0.08670905828475953 0.4068899631500244 0.16850874423980713 0.19464826583862305
2 0.13741265535354613 0.5660346984863281 0.18172919750213623 0.2117136001586914
1 0.2009638726711273 0.6847151756286621 0.1706961750984192 0.17665138244628906
0 0.2841238498687744 0.7308856010437011 0.13304638862609863 0.14170475006103517
0 0.389679479598999 0.7503655433654786 0.13010902404785157 0.13010845184326172
0 0.5101400852203369 0.7490687370300293 0.14231157302856445 0.13812999725341796
0 0.6243088245391846 0.728615665435791 0.13735322952270507 0.1459981918334961
1 0.7079270362854004 0.6797715187072754 0.16467113494873048 0.18268928527832032
2 0.7759681701660156 0.5680379867553711 0.18660144805908202 0.21031761169433594
2 0.8151121139526367 0.40131798982620237 0.182330322265625 0.202811598777771
