2 0.18070266246795655 0.646409273147583 0.19753727912902833 0.18147859573364258
2 0.17542764842510222 0.7411849498748779 0.1703759253025055 0.09514799118041992
2 0.20183992981910706 0.536588716506958 0.1867583155632019 0.16591997146606446
1 0.22680267691612244 0.4335645198822021 0.15110036134719848 0.1460193634033203
0 0.29690089225769045 0.34053215980529783 0.12403907775878906 0.11841311454772949
0 0.42721651792526244 0.27944793701171877 0.1695030450820923 0.10598602294921874
0 0.6006963729858399 0.2777372360229492 0.13744049072265624 0.08870325088500977
0 0.7233694076538086 0.330796480178833 0.12463035583496093 0.10194520950317383
1 0.7967541694641114 0.4113056182861328 0.13945083618164061 0.11019153594970703
2 0.8230941772460938 0.5168572425842285 0.18257217407226561 0.17404823303222655
2 0.8493480443954468 0.615513801574707 0.19868931770324708 0.1820688247680664
2 0.8574349403381347 0.7351589679718018 0.17245521545410156 0.11859960556030273
