2 0.12204521000385285 0.457886791229248 0.14768099188804626 0.197869873046875
2 0.11001143455505372 0.29759023189544676 0.0848850965499878 0.1561922550201416
2 0.184721839427948 0.6046195983886719 0.19568283557891847 0.23141126632690429
1 0.22727575302124023 0.7114086627960206 0.14965286254882812 0.19368619918823243
0 0.3208033800125122 0.7311978340148926 0.12651572227478028 0.13879814147949218
0 0.4472650051116943 0.7219161033630371 0.166062068939209 0.13601970672607422
0 0.5862425804138184 0.7046253204345703 0.1605295181274414 0.11892242431640625
1 0.7198595523834228 0.6548352718353272 0.15186042785644532 0.1414809226989746
2 0.7820693016052246 0.5444635391235352 0.1825174331665039 0.18399124145507811
2 0.8360080718994141 0.41880288124084475 0.20085582733154297 0.2213221549987793
2 0.8487848520278931 0.25193471312522886 0.19825663566589355 0.1828116536140442
