2 0.19172526597976686 0.48758621215820314 0.0562577486038208 0.06369991302490234
1 0.23964477181434632 0.488022518157959 0.09427145719528199 0.11688613891601562
2 0.2416395664215088 0.5473801612854003 0.07533807754516601 0.050594425201416014
1 0.31496739387512207 0.5700618743896484 0.11322498321533203 0.07347326278686524
0 0.32265243530273435 0.5145858764648438 0.11790485382080078 0.12533397674560548
0 0.4553067088127136 0.4831835746765137 0.21119482517242433 0.15299491882324218
0 0.402434253692627 0.571341609954834 0.09133272171020508 0.10027141571044922
0 0.49793052673339844 0.584353256225586 0.1325364112854004 0.11256551742553711
0 0.6437615394592285 0.5051551818847656 0.20414409637451172 0.12016563415527344
0 0.6132726669311523 0.5936961650848389 0.13061656951904296 0.12716207504272461
0 0.7095589637756348 0.583568000793457 0.09725532531738282 0.1250089645385742
0 0.7626227378845215 0.5381772518157959 0.11990604400634766 0.11612968444824219
1 0.7902068614959716 0.5975958347320557 0.09697866439819336 0.10643320083618164
1 0.8516426086425781 0.5360286712646485 0.10468921661376954 0.10264530181884765
2 0.8505548477172852 0.5963116645812988 0.07283363342285157 0.07241897583007813
2 0.8784595489501953 0.5665579795837402 0.08795700073242188 0.05869712829589844
2 0.8825132369995117 0.5806667327880859 0.08189468383789063 0.08569927215576172
2 0.9123194694519043 0.531542158126831 0.08217506408691407 0.05447072982788086
