2 0.14972399473190307 0.687961483001709 0.14056923389434814 0.1272359848022461
2 0.15568671226501465 0.5899580001831055 0.15159931182861328 0.13954219818115235
2 0.17642552852630616 0.4894965648651123 0.1484668254852295 0.11859588623046875
1 0.20990521907806398 0.4130332827568054 0.11538004875183105 0.07416880130767822
0 0.2876259803771973 0.3557875156402588 0.10885605812072754 0.08541169166564941
0 0.407244598865509 0.321714973449707 0.19001824855804444 0.0946089744567871
0 0.5969693183898925 0.3334481716156006 0.20325345993041993 0.09620914459228516
1 0.812354302406311 0.44247117042541506 0.10868945121765136 0.09968109130859375
2 0.841306471824646 0.5353219985961915 0.13833050727844237 0.12595729827880858
2 0.8716641426086426 0.6330427646636962 0.1456552505493164 0.11329469680786133
2 0.8969242095947265 0.7515141487121582 0.10922813415527344 0.11198253631591797
