2 0.1233810156583786 0.44338064193725585 0.05808387398719787 0.07237892150878907
2 0.17273454666137694 0.44891719818115233 0.08210844993591308 0.10749988555908203
2 0.17585638761520386 0.51203293800354 0.0753187894821167 0.0838857650756836
1 0.2340059757232666 0.5266587257385253 0.0961235523223877 0.09388141632080078
1 0.24545276165008545 0.46257882118225097 0.10783619880676269 0.13782691955566406
0 0.3177443027496338 0.5353285789489746 0.1144561767578125 0.09359302520751953
0 0.339342737197876 0.46464109420776367 0.12361307144165039 0.139532470703125
0 0.4156133532524109 0.542020845413208 0.11457064151763915 0.09254159927368164
0 0.4645126223564148 0.4632262706756592 0.1740185022354126 0.17169456481933593
0 0.5050691127777099 0.5424386978149414 0.09729833602905273 0.0664937973022461
0 0.6086955070495605 0.4649402737617493 0.15877895355224608 0.1663215398788452
0 0.5970162391662598 0.5429167747497559 0.11266765594482422 0.05861339569091797
0 0.6859270572662354 0.5244140148162841 0.07450542449951172 0.09535579681396485
0 0.720961332321167 0.4532860279083252 0.10130462646484376 0.13119878768920898
1 0.7457095146179199 0.5107283115386962 0.07862968444824218 0.08509340286254882
1 0.7938139915466309 0.45624570846557616 0.08329563140869141 0.09453544616699219
2 0.8006972312927246 0.5055237770080566 0.0908132553100586 0.084466552734375
2 0.8145620346069335 0.49617252349853513 0.07175045013427735 0.06568698883056641
2 0.8480732917785645 0.4279344081878662 0.07067222595214843 0.098828125
