2 0.17593601942062378 0.349375319480896 0.1391967535018921 0.11608805656433105
2 0.20942330360412598 0.43960334062576295 0.1749673843383789 0.15351979732513427
2 0.23009877204895018 0.5207559585571289 0.13637952804565429 0.10930700302124023
2 0.2569732189178467 0.5894780635833741 0.1233302116394043 0.1290760040283203
1 0.3087449550628662 0.6436125755310058 0.13908033370971679 0.12787437438964844
0 0.3590590476989746 0.6892961978912353 0.11178226470947265 0.11269922256469726
0 0.4389303684234619 0.7123325347900391 0.10558576583862304 0.10043201446533204
0 0.5332542896270752 0.7087700843811036 0.10403099060058593 0.09210453033447266
0 0.621970272064209 0.674776029586792 0.10511932373046876 0.09925909042358398
1 0.678896141052246 0.6266276836395264 0.11649837493896484 0.1143789291381836
2 0.7342782974243164 0.571841049194336 0.11969165802001953 0.1155745506286621
2 0.7656126976013183 0.5079760074615478 0.12812423706054688 0.11537389755249024
2 0.7923160552978515 0.417542564868927 0.16711673736572266 0.15629346370697023
2 0.8058335304260253 0.3160236120223999 0.1272043228149414 0.11912131309509277
