2 0.11830258369445801 0.4633806228637695 0.0977363109588623 0.05972747802734375
2 0.12448112666606903 0.5296830177307129 0.10309343934059143 0.08573837280273437
2 0.18472036123275756 0.5362109661102294 0.10550992488861084 0.09190654754638672
1 0.206300950050354 0.4500716209411621 0.12638206481933595 0.11706008911132812
1 0.26591763496398924 0.5322741985321044 0.11371145248413086 0.12838964462280272
0 0.36344308853149415 0.544090461730957 0.1329662322998047 0.14983711242675782
0 0.446731424331665 0.3784360408782959 0.1942289352416992 0.14286813735961915
0 0.4682775974273682 0.5291350364685059 0.12946605682373047 0.15699806213378906
0 0.5695644378662109 0.5304749488830567 0.1283447265625 0.1620616912841797
0 0.6106776237487793 0.40380120277404785 0.17815818786621093 0.141351318359375
0 0.6658872604370117 0.5162868499755859 0.11445159912109375 0.1306732177734375
1 0.7425736904144287 0.4939612865447998 0.08936014175415039 0.11542329788208008
2 0.7936769485473633 0.4991620540618896 0.07594738006591797 0.09631128311157226
1 0.812250804901123 0.4103374481201172 0.09388847351074218 0.10759983062744141
2 0.8386270523071289 0.49892940521240237 0.07668495178222656 0.08808631896972656
2 0.8536205291748047 0.42418084144592283 0.06438236236572266 0.05971813201904297
