2 0.17494014501571656 0.30756049156188964 0.19349777698516846 0.15189580917358397
2 0.1800914764404297 0.43263044357299807 0.1822032928466797 0.15608577728271483
2 0.21000656485557556 0.5365044116973877 0.16600924730300903 0.14980030059814453
1 0.2510625422000885 0.6093581199645997 0.13190048933029175 0.11963329315185547
0 0.3167881011962891 0.6662691116333008 0.1109318733215332 0.09008102416992188
0 0.420855188369751 0.6885177612304687 0.11889572143554687 0.11501483917236328
0 0.5270668029785156 0.6995503902435303 0.1195749282836914 0.13318185806274413
0 0.6384116172790527 0.687535285949707 0.12154102325439453 0.11262197494506836
1 0.7256707191467285 0.6445306777954102 0.13512649536132812 0.12619438171386718
2 0.7893396377563476 0.5771106719970703 0.15744609832763673 0.1563364028930664
2 0.8454713821411133 0.4805406093597412 0.16612472534179687 0.17495737075805665
2 0.8998085498809815 0.3534395694732666 0.20038290023803712 0.13822546005249023
