2 0.13971937894821168 0.5098045349121094 0.07346086502075196 0.10674877166748047
2 0.15639193058013917 0.5736926078796387 0.07152953147888183 0.05809736251831055
1 0.1926285982131958 0.5020668029785156 0.09841561317443848 0.1396113395690918
2 0.20973610281944274 0.5813633441925049 0.07077018022537232 0.06983451843261719
0 0.26418313980102537 0.48822736740112305 0.12444863319396973 0.15408859252929688
0 0.2872004508972168 0.5826384544372558 0.10643119812011718 0.09960060119628907
0 0.38821365833282473 0.44495497941970824 0.24144349098205567 0.20189168453216552
0 0.3778240203857422 0.5772213935852051 0.1199833869934082 0.13460884094238282
0 0.48434901237487793 0.5864392280578613 0.13858070373535156 0.15469951629638673
0 0.6148659706115722 0.4405250549316406 0.2421743392944336 0.18540496826171876
0 0.6084212779998779 0.5899991989135742 0.14268102645874023 0.13849449157714844
1 0.7303215026855469 0.583552885055542 0.12810230255126953 0.13715724945068358
0 0.7604372024536132 0.46591715812683104 0.13231029510498046 0.1562641143798828
2 0.8180428504943847 0.5702119827270508 0.09931449890136719 0.10064811706542968
1 0.8482397317886352 0.47893490791320803 0.11117358207702636 0.15751352310180664
2 0.8809808731079102 0.549258041381836 0.09364833831787109 0.08582000732421875
2 0.899564552307129 0.4891538619995117 0.08067684173583985 0.11613578796386718
