2 0.22209635376930237 0.5892179489135743 0.08843392133712769 0.09253501892089844
2 0.26579623222351073 0.4932055950164795 0.08231477737426758 0.09454584121704102
2 0.26467337608337405 0.5870051860809327 0.0697556495666504 0.08648033142089843
2 0.30478472709655763 0.5795490264892578 0.07376432418823242 0.08641300201416016
1 0.30842716693878175 0.47861194610595703 0.06183981895446777 0.09910011291503906
1 0.35165550708770754 0.5711700916290283 0.0686563491821289 0.08390579223632813
0 0.3672918796539307 0.47189812660217284 0.09299325942993164 0.12718992233276366
0 0.42134846448898317 0.5682332038879394 0.09915907382965088 0.09204216003417968
0 0.46842976808547976 0.4594718933105469 0.1461618185043335 0.1546039581298828
0 0.5030352115631104 0.5617661476135254 0.09804210662841797 0.10091800689697265
0 0.5976789951324463 0.4544012188911438 0.14847679138183595 0.15312135219573975
0 0.5873807907104492 0.5603129386901855 0.09958572387695312 0.08937969207763671
0 0.6616205215454102 0.5530681610107422 0.08646869659423828 0.07823963165283203
0 0.6965822696685791 0.4648280620574951 0.08466272354125977 0.12517948150634767
1 0.7131526947021485 0.551201581954956 0.06338825225830078 0.07621994018554687
1 0.7622849464416503 0.4609977245330811 0.0727630615234375 0.09947032928466797
2 0.7572159767150879 0.5632152557373047 0.05346488952636719 0.04921092987060547
1 0.7950681686401367 0.49432945251464844 0.08128414154052735 0.101910400390625
2 0.8194961547851562 0.5569718360900879 0.11252193450927735 0.06879386901855469
2 0.8349342346191406 0.5041052818298339 0.06731986999511719 0.07238969802856446
