2 0.13913363218307495 0.5642461776733398 0.20256493091583253 0.13147964477539062
2 0.13030290305614473 0.6882367134094238 0.17078147530555726 0.1300786018371582
2 0.12344199419021606 0.7584183692932129 0.14170916080474855 0.09266510009765624
1 0.16796073615550994 0.4946131229400635 0.14258561730384828 0.15275650024414061
0 0.23495126366615296 0.39824638366699217 0.1412296175956726 0.157745361328125
0 0.3924883842468262 0.3537069082260132 0.20887107849121095 0.17611260414123536
0 0.5856155395507813 0.3558745145797729 0.20108747482299805 0.19519238471984862
0 0.7161579132080078 0.4321852684020996 0.11710786819458008 0.16765890121459961
2 0.7721367835998535 0.6082098007202148 0.15796222686767578 0.12237529754638672
2 0.7733306884765625 0.5648922920227051 0.15221481323242186 0.18889389038085938
1 0.7630373954772949 0.5555157661437988 0.1256814956665039 0.17428855895996093
2 0.7886583805084229 0.7406061172485352 0.16963281631469726 0.09377593994140625
2 0.7886883735656738 0.6851044654846191 0.151800537109375 0.10034122467041015
