2 0.15106916427612305 0.26309762001037595 0.1497950553894043 0.2024209976196289
2 0.15957317352294922 0.3854822158813477 0.1466421127319336 0.0861882209777832
2 0.16209013760089874 0.46340169906616213 0.15129985213279723 0.12280988693237305
2 0.1895357847213745 0.5494088649749755 0.13010287284851074 0.10068092346191407
1 0.231247478723526 0.6121299743652344 0.1471985697746277 0.10577154159545898
0 0.34441847801208497 0.6507373809814453 0.13471050262451173 0.09302959442138672
0 0.4676377296447754 0.673653507232666 0.12593765258789064 0.11387004852294921
0 0.5832844734191894 0.6695966243743896 0.13548545837402343 0.11962518692016602
0 0.6945986747741699 0.6217658996582032 0.14433689117431642 0.15438995361328126
1 0.784414529800415 0.5747268676757813 0.10744695663452149 0.08784294128417969
2 0.8217395782470703 0.42858258485794065 0.16830978393554688 0.1581592321395874
2 0.8511465072631836 0.30657765865325926 0.14749679565429688 0.18473191261291505
