2 0.14734156131744386 0.46529378890991213 0.08767914772033691 0.07791690826416016
2 0.1955830931663513 0.5287866592407227 0.08822915554046631 0.08292808532714843
1 0.21407623291015626 0.4807239055633545 0.08559412956237793 0.09112052917480469
1 0.2643793821334839 0.5331727504730225 0.1026491641998291 0.08835525512695312
0 0.30565629005432127 0.4916882038116455 0.1255788803100586 0.0954258918762207
0 0.3490790367126465 0.5246286869049073 0.10119380950927734 0.10900316238403321
0 0.43908737897872924 0.5178763389587402 0.11582720279693604 0.1177215576171875
0 0.5346964836120606 0.5178018569946289 0.11968002319335938 0.11726398468017578
0 0.6212347030639649 0.5139880657196045 0.09502029418945312 0.11490516662597657
0 0.7205171108245849 0.5035253524780273 0.1342329978942871 0.11595821380615234
1 0.8026209831237793 0.5459866523742676 0.0825897216796875 0.07114791870117188
1 0.809722900390625 0.4969500541687012 0.08812637329101562 0.08802375793457032
