2 0.1405220866203308 0.7093638420104981 0.1844248056411743 0.14632339477539064
2 0.1241130143404007 0.754540491104126 0.14853844046592712 0.057105731964111325
2 0.14596803188323976 0.6896306037902832 0.1814108371734619 0.10560817718505859
2 0.19989438056945802 0.6107222557067871 0.16598730087280272 0.1402437210083008
1 0.22405805587768554 0.5228800773620605 0.13123512268066406 0.1288827896118164
0 0.3131800889968872 0.4252885341644287 0.13475532531738282 0.10782098770141602
0 0.463864803314209 0.3771357536315918 0.1820322036743164 0.13062639236450196
0 0.6382384777069092 0.3663666248321533 0.1647642135620117 0.12597360610961914
0 0.7484017848968506 0.4074134826660156 0.12236394882202148 0.10136384963989258
2 0.7713973999023438 0.6913827896118164 0.13186073303222656 0.09392948150634765
2 0.7982148170471192 0.5703782558441162 0.1656402587890625 0.10903396606445312
1 0.8041597366333008 0.4894986152648926 0.13801822662353516 0.12815456390380858
