2 0.2626639842987061 0.4260563850402832 0.1617733955383301 0.16639833450317382
2 0.25413672924041747 0.29984545707702637 0.13360943794250488 0.13530778884887695
1 0.33546760082244875 0.5199553489685058 0.1490173816680908 0.16186046600341797
0 0.40809063911437987 0.564521598815918 0.1155898094177246 0.12842998504638672
0 0.49602680206298827 0.5951202392578125 0.10904865264892578 0.10898303985595703
0 0.5939640045166016 0.6015698432922363 0.111090087890625 0.10397567749023437
0 0.6947453498840332 0.5829184055328369 0.1144230842590332 0.13086585998535155
1 0.7802763938903808 0.537141227722168 0.1373617172241211 0.15190477371215821
2 0.8517436027526856 0.4498271822929382 0.16597633361816405 0.14595186710357666
2 0.8661397695541382 0.3331821203231812 0.14363980293273926 0.15111069679260253
