2 0.17192125022411348 0.41170487403869627 0.16451674103736877 0.14155950546264648
2 0.2241530954837799 0.5085550308227539 0.169514262676239 0.13400821685791015
1 0.26133902072906495 0.5817834854125976 0.1099358081817627 0.11972923278808593
0 0.3614206075668335 0.6023640632629395 0.1290266513824463 0.1588909149169922
0 0.47890892028808596 0.6102141857147216 0.14837188720703126 0.16749706268310546
0 0.6052617073059082 0.5936100006103515 0.1473308563232422 0.17080535888671874
0 0.6948084831237793 0.6589387893676758 0.12777938842773437 0.1569284439086914
1 0.7931661605834961 0.6374037742614747 0.10626068115234374 0.1480405807495117
2 0.8225946664810181 0.5687469482421875 0.16391596794128419 0.13503646850585938
2 0.8538932561874389 0.47003984451293945 0.16109318733215333 0.1091073989868164
