2 0.12553384006023408 0.4488046646118164 0.06789107918739319 0.09555187225341796
2 0.16743686199188232 0.5629881858825684 0.11939387321472168 0.10468044281005859
2 0.16653599739074706 0.5433010578155517 0.1166269302368164 0.1209486961364746
1 0.16941432952880858 0.4382941246032715 0.08904886245727539 0.11783227920532227
1 0.20675739645957947 0.5665177345275879 0.06855260133743286 0.07892169952392578
0 0.24633662700653075 0.41108360290527346 0.13373236656188964 0.1376051902770996
1 0.25484957695007326 0.5884429931640625 0.08166780471801757 0.12929792404174806
0 0.3230599403381348 0.5978000640869141 0.10815610885620117 0.13518218994140624
0 0.3448326826095581 0.5389740943908692 0.09937615394592285 0.09791278839111328
0 0.38793172836303713 0.42989388704299925 0.17406759262084961 0.17283437252044678
0 0.432088041305542 0.573557186126709 0.11864023208618164 0.15572357177734375
0 0.5525949478149415 0.42301254272460936 0.17964706420898438 0.17551059722900392
0 0.538075065612793 0.5818936824798584 0.11801624298095703 0.18771514892578126
0 0.6417251586914062 0.5604503154754639 0.11712913513183594 0.15994482040405272
0 0.7017889022827148 0.40502490997314455 0.1389293670654297 0.13712406158447266
1 0.7443123817443847 0.5682979583740234 0.12099552154541016 0.1392131805419922
1 0.7706710815429687 0.4338658809661865 0.08134517669677735 0.10559415817260742
2 0.8123609542846679 0.44474353790283205 0.07931842803955078 0.09397354125976562
2 0.8325520515441894 0.5404373168945312 0.09597034454345703 0.07545852661132812
2 0.8471899032592773 0.521306324005127 0.11213207244873047 0.09224405288696289
2 0.8546387672424316 0.509332275390625 0.10828590393066406 0.0700347900390625
2 0.9016336441040039 0.4672562122344971 0.1615987777709961 0.14899263381958008
