2 0.1322301894426346 0.41342835426330565 0.12756399512290956 0.133437442779541
2 0.09773626923561096 0.31829631328582764 0.0496522068977356 0.08508963584899902
2 0.17462072372436524 0.5144624710083008 0.15311045646667482 0.10202980041503906
1 0.2171156406402588 0.5859161853790283 0.12036566734313965 0.12519483566284179
0 0.3138679027557373 0.623738956451416 0.11742954254150391 0.11308612823486328
0 0.41231627464294435 0.642326021194458 0.12682781219482422 0.13260364532470703
0 0.5298483848571778 0.6333076477050781 0.13220653533935547 0.1443164825439453
0 0.6411105155944824 0.6145881652832031 0.11798934936523438 0.13411407470703124
1 0.7299811363220214 0.5506339550018311 0.13779010772705078 0.14717493057250977
2 0.762368631362915 0.4695873260498047 0.15447626113891602 0.13275985717773436
2 0.7794542789459229 0.3760369062423706 0.15250673294067382 0.13195376396179198
2 0.7965250015258789 0.29169931411743166 0.11864604949951171 0.09670376777648926
