2 0.12470712661743164 0.5343395233154297 0.1581883907318115 0.18102264404296875
2 0.11979185342788697 0.38953580856323244 0.10695178508758545 0.09629812240600585
1 0.22950272560119628 0.5403362274169922 0.1456753730773926 0.20587148666381835
0 0.23816018104553222 0.37672224044799807 0.1547914981842041 0.13361825942993164
0 0.3380169153213501 0.5083998680114746 0.1530911922454834 0.1825183868408203
0 0.3950589656829834 0.3794945478439331 0.22403335571289062 0.15868163108825684
0 0.46557902097702025 0.5097554683685303 0.16527025699615477 0.20492906570434571
0 0.5924491882324219 0.358271861076355 0.22597332000732423 0.18556199073791504
0 0.590943431854248 0.4999564170837402 0.1596994400024414 0.18026552200317383
0 0.6867135047912598 0.46300230026245115 0.08954639434814453 0.13174476623535156
0 0.7446996688842773 0.32691335678100586 0.15512561798095703 0.1767972946166992
1 0.7754068374633789 0.4595195293426514 0.1266651153564453 0.13804445266723633
1 0.8765152215957641 0.29828705787658694 0.1588611125946045 0.14771089553833008
2 0.879989218711853 0.4033216595649719 0.16199345588684083 0.1298299551010132
1 0.9796989440917969 0.49442505836486816 0.04003715515136719 0.1329789161682129
