2 0.11375891268253327 0.3550640821456909 0.13158747553825378 0.12539172172546387
2 0.1549324244260788 0.4524420738220215 0.14877524971961975 0.0998189926147461
2 0.17940360307693481 0.5418999671936036 0.1478959321975708 0.11110973358154297
1 0.26941800117492676 0.6100521087646484 0.10661849975585938 0.14527854919433594
0 0.3403787136077881 0.6609749794006348 0.10033321380615234 0.1242091178894043
0 0.4442246437072754 0.6814920425415039 0.12781400680541993 0.11629762649536132
0 0.5535249710083008 0.6831050872802734 0.12397193908691406 0.12591609954833985
0 0.6529267311096192 0.6552829742431641 0.1101369857788086 0.10864849090576172
1 0.6982777118682861 0.6067608833312989 0.12258586883544922 0.1270925521850586
2 0.7355715274810791 0.45950156450271606 0.1579136848449707 0.1587583303451538
2 0.7508458137512207 0.35354065895080566 0.14097328186035157 0.12264442443847656
