2 0.13849411010742188 0.4608949661254883 0.07518811225891113 0.09496593475341797
2 0.20118332505226136 0.5390002250671386 0.10338724851608276 0.09958820343017578
1 0.2126126766204834 0.4582578778266907 0.1155210018157959 0.13665788173675536
1 0.27349033355712893 0.5472454071044922 0.1285543441772461 0.15381851196289062
0 0.3737813949584961 0.5614999771118164 0.09132318496704102 0.10544052124023437
0 0.4342778086662292 0.47408270835876465 0.19107401371002197 0.17949199676513672
0 0.46631650924682616 0.5855438232421875 0.12578907012939453 0.12789440155029297
0 0.5837075233459472 0.5788887023925782 0.134027099609375 0.17244367599487304
1 0.6893076419830322 0.5686156749725342 0.1105844497680664 0.15406160354614257
1 0.7564903259277344 0.5754940986633301 0.08415441513061524 0.1338799476623535
2 0.819919204711914 0.520016098022461 0.10440826416015625 0.12185840606689453
2 0.807806420326233 0.5812456130981445 0.07222895622253418 0.08177471160888672
