2 0.12240979969501495 0.43943034410476683 0.09413551688194274 0.08345963954925537
2 0.1817042350769043 0.5073271274566651 0.1081629753112793 0.10319347381591797
1 0.2219407081604004 0.40595370531082153 0.16656255722045898 0.1464130163192749
1 0.2837224006652832 0.5012094020843506 0.14692335128784179 0.16683664321899414
0 0.36707942485809325 0.3957038879394531 0.15935521125793456 0.153153133392334
0 0.400432825088501 0.5092392921447754 0.1285839080810547 0.15121784210205078
0 0.5127722263336182 0.4055150508880615 0.16939172744750977 0.16972436904907226
0 0.49739999771118165 0.51522216796875 0.11718549728393554 0.11623344421386719
0 0.5994402885437011 0.4953476428985596 0.1241647720336914 0.13873939514160155
0 0.6754267692565918 0.38876283168792725 0.1448518753051758 0.15255818367004395
1 0.6957764625549316 0.4817944526672363 0.10679435729980469 0.11168575286865234
2 0.7718404769897461 0.4558528423309326 0.10572757720947265 0.11142940521240234
1 0.771385383605957 0.3658733367919922 0.09643630981445313 0.11875982284545898
2 0.8281815528869629 0.39056034088134767 0.08820075988769531 0.1232224464416504
