2 0.16812175512313843 0.4573348045349121 0.09520485401153564 0.10826644897460938
2 0.22842636108398437 0.5200375080108642 0.11515369415283203 0.07655200958251954
1 0.24460558891296386 0.45666184425354006 0.11170282363891601 0.11756744384765624
1 0.30209994316101074 0.5167098045349121 0.0914238452911377 0.08838157653808594
0 0.33692078590393065 0.4397158145904541 0.1288290023803711 0.14874353408813476
0 0.38152804374694826 0.5591254234313965 0.11927261352539062 0.12223243713378906
0 0.47061461210250854 0.45920896530151367 0.195809006690979 0.21799516677856445
0 0.4942119598388672 0.5771016597747802 0.11624603271484375 0.0980116844177246
0 0.5929427146911621 0.5783164501190186 0.1097137451171875 0.10157594680786133
0 0.6397842407226563 0.46018614768981936 0.1929014205932617 0.22041006088256837
0 0.6977447509765625 0.5811566352844239 0.11577701568603516 0.09480953216552734
0 0.7690939903259277 0.4656048655509949 0.11770706176757813 0.1551525354385376
1 0.8552383422851563 0.4811735153198242 0.10413608551025391 0.09809722900390624
