2 0.12565278708934785 0.5740851402282715 0.17005663514137268 0.15060825347900392
2 0.14661574363708496 0.6711314201354981 0.20402960777282714 0.14069461822509766
2 0.155411958694458 0.7567346096038818 0.18529062271118163 0.10547094345092774
1 0.15861177444458008 0.472788143157959 0.15587272644042968 0.16670122146606445
0 0.24045396447181702 0.41425356864929197 0.10732172727584839 0.12834491729736328
0 0.37387468814849856 0.35970454216003417 0.20619473457336426 0.1475442886352539
0 0.5807759284973144 0.42242859601974486 0.1987833023071289 0.12864954471588136
0 0.7339556694030762 0.42811213731765746 0.11547040939331055 0.10398461818695068
2 0.8499476432800293 0.5776265144348145 0.1986011505126953 0.1511587142944336
1 0.8331335067749024 0.48898906707763673 0.15271759033203125 0.1580028533935547
2 0.8522200584411621 0.6492780685424805 0.17977504730224608 0.05648174285888672
2 0.8258842468261719 0.6498684883117676 0.12545433044433593 0.057622528076171874
2 0.8640068054199219 0.7068344116210937 0.1927774429321289 0.13630619049072265
2 0.8717305898666382 0.7693065643310547 0.14549603462219238 0.06559009552001953
