2 0.155228853225708 0.5652719497680664 0.07623705863952637 0.11909561157226563
1 0.2087797164916992 0.5598487854003906 0.08612189292907715 0.1433614730834961
1 0.23866395950317382 0.6265997409820556 0.07586288452148438 0.05883798599243164
0 0.2710119247436523 0.5465451717376709 0.10487651824951172 0.1494126319885254
0 0.2921698570251465 0.6217740535736084 0.06624584197998047 0.06320075988769532
0 0.3659495830535889 0.5000082969665527 0.17237892150878906 0.1924348831176758
0 0.35322093963623047 0.6129916191101075 0.09847822189331054 0.0821493148803711
0 0.44046244621276853 0.6041206359863281 0.11550359725952149 0.08552541732788085
0 0.5107476234436035 0.507647705078125 0.15844364166259767 0.15095882415771483
0 0.5420488834381103 0.5920903205871582 0.10805959701538086 0.09421749114990234
0 0.6404367446899414 0.47284364700317383 0.1519521713256836 0.15146102905273437
0 0.6384086608886719 0.5833473205566406 0.11521549224853515 0.10420103073120117
1 0.7151526927947998 0.5789206981658935 0.083404541015625 0.10545587539672852
1 0.7487435340881348 0.4849766731262207 0.10685710906982422 0.16262550354003907
2 0.7816277503967285 0.581600284576416 0.08789691925048829 0.07909202575683594
2 0.8301414728164673 0.49147510528564453 0.09500651359558106 0.14398269653320311
2 0.8356127738952637 0.5769928932189942 0.07248649597167969 0.058852005004882815
2 0.8804798126220703 0.5144759178161621 0.0555633544921875 0.08807811737060547
