2 0.1622050791978836 0.4178724765777588 0.17962159514427184 0.1153864860534668
2 0.15419180691242218 0.2981518030166626 0.1554290235042572 0.20003952980041503
2 0.18322112560272216 0.514305591583252 0.15955510139465331 0.14418487548828124
1 0.23663499355316162 0.6164390087127686 0.1413884162902832 0.1321944236755371
0 0.34653093814849856 0.6478953838348389 0.13012804985046386 0.15185832977294922
0 0.45777369737625123 0.6735992431640625 0.14269540309906006 0.143048095703125
0 0.5885274887084961 0.7076486587524414 0.18598670959472657 0.12846879959106444
0 0.732094144821167 0.6787718772888184 0.13096199035644532 0.1251911163330078
1 0.7945951461791992 0.6146435737609863 0.13301677703857423 0.11351613998413086
2 0.8286808967590332 0.5298923969268798 0.16788978576660157 0.146102237701416
2 0.8508197784423828 0.4081740379333496 0.17673568725585936 0.15384235382080078
2 0.8580299377441406 0.28851847648620604 0.15858078002929688 0.13731613159179687
