2 0.13703658878803254 0.3415389537811279 0.17913359999656678 0.10315704345703125
2 0.14765928089618682 0.45491585731506345 0.19703487753868104 0.1707606315612793
2 0.18831324577331543 0.5779967308044434 0.17007737159729003 0.17320995330810546
1 0.2669015884399414 0.6000275611877441 0.11835136413574218 0.13228931427001953
0 0.36492671966552737 0.5926919460296631 0.12803936004638672 0.12028894424438477
0 0.48824272155761717 0.5983720302581788 0.14194221496582032 0.1006749153137207
0 0.6159695148468017 0.5844810485839844 0.1343708038330078 0.10338840484619141
0 0.673045301437378 0.5499842166900635 0.11127233505249023 0.12868242263793944
1 0.7681838989257812 0.5601652145385743 0.11423110961914062 0.11195592880249024
2 0.8073081016540528 0.5282395839691162 0.19065685272216798 0.12604551315307616
2 0.8260119438171387 0.4166706085205078 0.19308624267578126 0.1536306381225586
2 0.8444044113159179 0.3445600509643555 0.17421417236328124 0.09258975982666015
