2 0.19127774238586426 0.40190925598144533 0.0739020824432373 0.09387292861938476
1 0.25131025314331057 0.4020731449127197 0.09974994659423828 0.10831842422485352
1 0.30265209674835203 0.47251200675964355 0.10993871688842774 0.10685863494873046
0 0.34697952270507815 0.40435047149658204 0.12844619750976563 0.09475975036621094
0 0.37756547927856443 0.5050694465637207 0.09629907608032226 0.14364585876464844
0 0.3782820701599121 0.48873395919799806 0.0888087272644043 0.10894908905029296
0 0.4838724970817566 0.45911397933959963 0.18055098056793212 0.14706687927246093
0 0.4818448066711426 0.529074764251709 0.1141061782836914 0.07980709075927735
0 0.5804412841796875 0.5350322723388672 0.1123077392578125 0.09249763488769532
0 0.6440283775329589 0.486391544342041 0.16577568054199218 0.12016487121582031
0 0.6795220851898194 0.5370197296142578 0.09894790649414062 0.09871644973754883
1 0.7409370422363282 0.5340278625488282 0.07764148712158203 0.09780340194702149
1 0.8089656829833984 0.504391098022461 0.1018768310546875 0.0865488052368164
