1 0.22170124650001527 0.42838521003723146 0.11153277158737182 0.09491357803344727
2 0.2260063648223877 0.48312063217163087 0.10065855979919433 0.1078873634338379
1 0.3026955366134644 0.4914968013763428 0.10425734519958496 0.11073493957519531
0 0.324497127532959 0.4395732045173645 0.12719478607177734 0.10678708553314209
0 0.3869110107421875 0.5196077346801757 0.09855270385742188 0.11838607788085938
0 0.4527105808258057 0.45009384155273435 0.17064428329467773 0.13516416549682617
0 0.4818100452423096 0.5331791400909424 0.10971260070800781 0.0946502685546875
0 0.6077548027038574 0.44518342018127444 0.1773061752319336 0.13276290893554688
0 0.5771069526672363 0.5293980598449707 0.11366729736328125 0.09500064849853515
0 0.679451847076416 0.5144854545593261 0.11336269378662109 0.11731338500976562
0 0.7428809642791748 0.43765649795532224 0.13689298629760743 0.13608283996582032
1 0.7814223289489746 0.5000990867614746 0.12460098266601563 0.14135971069335937
1 0.8562047719955445 0.42837258577346804 0.12458310127258301 0.11895272731781006
2 0.8656961441040039 0.49382896423339845 0.12344741821289062 0.11074581146240234
