2 0.17765576839447023 0.5109639644622803 0.10931906700134278 0.08442621231079102
1 0.21808266639709473 0.4170479655265808 0.13029661178588867 0.0873668909072876
2 0.22781620025634766 0.526817512512207 0.106605863571167 0.09378471374511718
1 0.2949134349822998 0.5302268028259277 0.10495290756225586 0.10683422088623047
0 0.37663543224334717 0.40036200284957885 0.18871426582336426 0.12975828647613524
0 0.3842166423797607 0.523725938796997 0.11091699600219726 0.12138166427612304
0 0.48189535140991213 0.5107433319091796 0.1352980613708496 0.12625045776367189
0 0.579716157913208 0.40484143495559693 0.18648872375488282 0.14500348567962645
0 0.58314528465271 0.5064166069030762 0.10997323989868164 0.11103973388671876
0 0.6673391342163086 0.5477258682250976 0.10805320739746094 0.12821121215820314
0 0.7076701641082763 0.4066054344177246 0.11450023651123047 0.10728616714477539
1 0.7447239875793457 0.5516151905059814 0.09105615615844727 0.12283926010131836
1 0.7745485782623291 0.4167879581451416 0.0922348976135254 0.09756231307983398
2 0.7948063850402832 0.5458456039428711 0.09281902313232422 0.10789899826049805
2 0.8317070960998535 0.5275962829589844 0.0948709487915039 0.08827075958251954
2 0.8210864782333374 0.4391959190368652 0.06729397773742676 0.06848945617675781
