2 0.18964864015579225 0.7002330303192139 0.20094678401947022 0.17617158889770507
2 0.18089215457439423 0.7744115829467774 0.18151736855506898 0.04788398742675781
1 0.2022404670715332 0.5591695785522461 0.1686777114868164 0.19628257751464845
0 0.29492034912109377 0.4827103137969971 0.14960870742797852 0.1640852928161621
0 0.4295960545539856 0.4280964732170105 0.17578542232513428 0.15699121952056885
0 0.6007904529571533 0.4114656329154968 0.18797216415405274 0.15744898319244385
0 0.7525992393493652 0.4639274120330811 0.16742401123046874 0.17561960220336914
1 0.8636649131774903 0.5382230758666993 0.1654743194580078 0.2068849563598633
2 0.9136669158935546 0.706661605834961 0.15952301025390625 0.10497722625732422
2 0.9221782684326172 0.7725587844848633 0.1366718292236328 0.059716415405273435
