2 0.09238711595535279 0.6118191242218017 0.1798247814178467 0.12574167251586915
2 0.1007588654756546 0.5471789360046386 0.16148447394371032 0.10819845199584961
2 0.124123215675354 0.4786787986755371 0.17193889617919922 0.12366409301757812
1 0.17836759090423585 0.41797752380371095 0.09202256202697753 0.08728466033935547
0 0.25886714458465576 0.3659215450286865 0.11316275596618652 0.11782913208007813
0 0.38687663078308104 0.3525806665420532 0.15836849212646484 0.1298001766204834
0 0.5427061080932617 0.36710009574890134 0.1615346908569336 0.12559213638305664
0 0.6675034046173096 0.3986666679382324 0.12109136581420898 0.11785221099853516
1 0.76634521484375 0.46748647689819334 0.12431545257568359 0.12547645568847657
2 0.813843059539795 0.5488236427307129 0.1731954574584961 0.12030754089355469
2 0.8564666509628296 0.613731861114502 0.1475658893585205 0.09348478317260742
2 0.86331205368042 0.6806517124176026 0.15915393829345703 0.10564899444580078
2 0.8660793304443359 0.7253562927246093 0.12926101684570312 0.046624279022216795
