2 0.19937376976013182 0.4167183399200439 0.1883391857147217 0.17978153228759766
2 0.23784890174865722 0.5576621055603027 0.10070962905883789 0.09792394638061523
1 0.2813227653503418 0.6186832427978516 0.10438947677612305 0.1271261215209961
0 0.33812973499298093 0.6684763908386231 0.10461964607238769 0.10359821319580079
0 0.36263246536254884 0.5868983268737793 0.11482133865356445 0.1129568099975586
0 0.4418539047241211 0.6405056953430176 0.11443166732788086 0.12964515686035155
0 0.5439465045928955 0.6525858402252197 0.1145064353942871 0.15878515243530272
0 0.6395422935485839 0.6277377605438232 0.11208114624023438 0.15003595352172852
1 0.7336811542510986 0.6218366622924805 0.11590023040771484 0.1363218307495117
2 0.7690142154693603 0.5747737884521484 0.11148614883422851 0.1053685188293457
2 0.8383356094360351 0.35286674499511717 0.18946189880371095 0.16625900268554689
2 0.8071780920028686 0.5103569984436035 0.12437252998352051 0.07530422210693359
2 0.8239786148071289 0.4534889221191406 0.1506715774536133 0.07287139892578125
