2 0.13888518512248993 0.39663896560668943 0.17544808983802795 0.14756221771240235
2 0.15268135368824004 0.4958611011505127 0.13113674521446228 0.09890880584716796
2 0.18361629247665406 0.5679130554199219 0.12145354747772216 0.09779014587402343
1 0.22853294014930725 0.6585927963256836 0.11672123670578002 0.09710617065429687
0 0.3039100170135498 0.7200510978698731 0.11166849136352539 0.08834915161132813
0 0.3793137311935425 0.731980562210083 0.10106406211853028 0.10210123062133789
0 0.46945714950561523 0.741492748260498 0.0985036849975586 0.11059551239013672
0 0.5576258182525635 0.7312061309814453 0.10773029327392578 0.10197715759277344
1 0.657673692703247 0.6990786075592041 0.13115854263305665 0.09356412887573243
2 0.7368331909179687 0.6227334976196289 0.1284027099609375 0.10325031280517578
2 0.795018196105957 0.5529479026794434 0.1323263168334961 0.10086402893066407
2 0.8349116325378418 0.45753365755081177 0.1635000228881836 0.14112279415130616
