2 0.12463312149047852 0.5036666870117188 0.05741539001464844 0.06939134597778321
2 0.17718976736068726 0.48804330825805664 0.11132442951202393 0.10145950317382812
2 0.22458181977272035 0.5347788810729981 0.08386152982711792 0.04753799438476562
1 0.2569175481796265 0.4870582103729248 0.0807586669921875 0.06552972793579101
1 0.3004324913024902 0.5331306457519531 0.08977251052856446 0.07796077728271485
0 0.34307231903076174 0.47657146453857424 0.10789461135864258 0.1188882827758789
0 0.39761440753936766 0.5454625129699707 0.09004902839660645 0.07640914916992188
0 0.4489396572113037 0.48224430084228515 0.13744916915893554 0.1277315139770508
0 0.47511630058288573 0.5543558120727539 0.07862634658813476 0.06559772491455078
0 0.5460570812225342 0.5643127918243408 0.0824544906616211 0.07056293487548829
0 0.5759688377380371 0.4934547424316406 0.1373617172241211 0.12709341049194336
0 0.6170360088348389 0.5689727783203125 0.08050765991210937 0.07481727600097657
0 0.6723983764648438 0.5020823955535889 0.10418415069580078 0.1189229965209961
0 0.6942769050598144 0.5748255729675293 0.08231220245361329 0.07875423431396485
1 0.7518202304840088 0.5283741474151611 0.08955936431884766 0.0935744285583496
1 0.7528082847595214 0.589600658416748 0.058593463897705075 0.05832195281982422
2 0.8076231956481934 0.5509073257446289 0.0872182846069336 0.1029653549194336
2 0.8504798889160157 0.5613094329833984 0.057236862182617185 0.07063255310058594
