2 0.194020414352417 0.5599416732788086 0.1746291160583496 0.12885780334472657
2 0.19645566940307618 0.6470596790313721 0.15126190185546876 0.08129987716674805
2 0.19569025039672852 0.6793885231018066 0.14251961708068847 0.049520683288574216
1 0.23932216167449952 0.47040348052978515 0.09877948760986328 0.13997554779052734
0 0.33225722312927247 0.4032414436340332 0.14345169067382812 0.1512364387512207
0 0.4794356465339661 0.39045071601867676 0.17424314022064208 0.11586027145385742
0 0.5967287063598633 0.4045292019844055 0.1230844497680664 0.11313550472259522
2 0.6984086036682129 0.529176902770996 0.15555648803710936 0.08892936706542968
2 0.7060240268707275 0.4924356460571289 0.1622756004333496 0.16447010040283203
1 0.687955665588379 0.4217179298400879 0.12475547790527344 0.0774886131286621
2 0.7085570335388184 0.4690534591674805 0.16048250198364258 0.11408624649047852
2 0.7614586353302002 0.5688188552856446 0.16812486648559571 0.1428898811340332
