2 0.1604651004076004 0.635019588470459 0.1527687966823578 0.08805294036865234
2 0.17390935719013215 0.6959939956665039 0.15857743620872497 0.10229206085205078
2 0.18135445117950438 0.7109704494476319 0.15993356704711914 0.08206548690795898
2 0.19056148529052735 0.7484621524810791 0.1599100112915039 0.09035654067993164
1 0.18569014072418213 0.5725988388061524 0.09669713973999024 0.14510726928710938
0 0.2753753185272217 0.5155096054077148 0.136795711517334 0.14870834350585938
0 0.3695808410644531 0.44845104217529297 0.17516050338745118 0.15231866836547853
0 0.5128515243530274 0.46677206754684447 0.16834545135498047 0.16673014163970948
0 0.650202751159668 0.4347724914550781 0.1522191047668457 0.10854377746582031
1 0.753682804107666 0.48053250312805174 0.1006988525390625 0.1291738510131836
2 0.7928005218505859 0.536445426940918 0.15395259857177734 0.12080821990966797
2 0.8195438385009766 0.5982746601104736 0.17434768676757811 0.12600984573364257
2 0.8166941642761231 0.6789532661437988 0.15668506622314454 0.09765090942382812
