2 0.13948196172714233 0.600881290435791 0.19619839191436766 0.12401847839355469
2 0.14489588737487794 0.5335146903991699 0.15936126708984374 0.09734516143798828
1 0.1607917070388794 0.4810169219970703 0.11583409309387208 0.12363986968994141
0 0.22422871589660645 0.4323683619499207 0.11022071838378907 0.10943453311920166
0 0.3620476722717285 0.4550724983215332 0.17541179656982422 0.08352909088134766
0 0.3739518404006958 0.3753554582595825 0.14617981910705566 0.11780819892883301
0 0.5614633560180664 0.4029656410217285 0.1597911834716797 0.14676437377929688
0 0.6790372371673584 0.3712941646575928 0.10958824157714844 0.11066732406616211
2 0.7891921043395996 0.5067809104919434 0.18603458404541015 0.09471168518066406
2 0.7756942749023438 0.44959607124328616 0.14462661743164062 0.11615228652954102
1 0.7590773582458497 0.4034764766693115 0.10072002410888672 0.12667036056518555
