2 0.13914585411548613 0.6833088874816895 0.12228063941001892 0.10513324737548828
2 0.14716267883777617 0.6033004283905029 0.12218813300132751 0.10798120498657227
2 0.1629739761352539 0.5291804313659668 0.10778636932373047 0.08724117279052734
1 0.19659061431884767 0.4415629506111145 0.1070516586303711 0.09503457546234131
0 0.2677798271179199 0.37047505378723145 0.09755420684814453 0.10778827667236328
0 0.3905782222747803 0.34136643409729006 0.16857757568359374 0.10957527160644531
0 0.5498174667358399 0.3308749198913574 0.17168750762939453 0.10109167098999024
0 0.6871359348297119 0.3668676376342773 0.1199233055114746 0.10487957000732422
1 0.7637519836425781 0.4519007682800293 0.11880607604980468 0.11399250030517578
2 0.805034065246582 0.5139430522918701 0.12460498809814453 0.09398260116577148
2 0.8184071540832519 0.5775794982910156 0.0995138168334961 0.0758437156677246
2 0.8444035530090332 0.648436450958252 0.1195566177368164 0.108038330078125
