2 0.16853630542755127 0.5355754852294922 0.08154911994934082 0.10586128234863282
1 0.2239046573638916 0.552094841003418 0.10058603286743165 0.10521373748779297
0 0.3164191246032715 0.46535358428955076 0.11960525512695312 0.14358339309692383
1 0.3146418333053589 0.5626142501831055 0.10485105514526367 0.1101536750793457
0 0.3999370336532593 0.5695965766906739 0.09515748023986817 0.09816055297851563
0 0.4409632682800293 0.47337292432785033 0.17377948760986328 0.17082655429840088
0 0.5962867736816406 0.47984628677368163 0.1798084259033203 0.16988716125488282
0 0.7192891120910645 0.47786197662353513 0.11390228271484375 0.14478282928466796
1 0.8033460378646851 0.46504640579223633 0.09296536445617676 0.10254793167114258
2 0.8310966253280639 0.5720956802368165 0.1007988452911377 0.11735877990722657
2 0.8728183746337891 0.5553651809692383 0.08209419250488281 0.09102134704589844
