2 0.13093610107898712 0.46068377494812013 0.10496100783348083 0.11272878646850586
2 0.13640771210193633 0.3894073724746704 0.08948253989219665 0.12679266929626465
2 0.1416521281003952 0.4484888553619385 0.0939486563205719 0.08055343627929687
2 0.18535577058792113 0.4867705345153809 0.11972987651824951 0.1401693344116211
1 0.19810869693756103 0.39103107452392577 0.09812579154968262 0.1158534049987793
1 0.2570457935333252 0.5095404624938965 0.12692818641662598 0.14923019409179689
0 0.2863004684448242 0.4110611081123352 0.12729578018188475 0.15610501766204835
0 0.3547261953353882 0.5256989479064942 0.10454497337341309 0.1168020248413086
0 0.40502181053161623 0.42742282152175903 0.1671299934387207 0.16672704219818116
0 0.44033021926879884 0.5358445167541503 0.10308284759521484 0.10771236419677735
0 0.5477255821228028 0.4243349552154541 0.16858501434326173 0.16938962936401367
0 0.5311007499694824 0.5335916042327881 0.11383686065673829 0.11104784011840821
0 0.6193831443786622 0.5145148277282715 0.10027790069580078 0.1122293472290039
0 0.6714360237121582 0.40443897247314453 0.11986122131347657 0.15121192932128907
1 0.7040419101715087 0.4895750045776367 0.1063838005065918 0.15204734802246095
1 0.7534740447998047 0.3757319450378418 0.10135917663574219 0.13009872436523437
2 0.770305061340332 0.4630016326904297 0.1026113510131836 0.14358119964599608
2 0.8199052572250366 0.3580812931060791 0.09083523750305175 0.11937141418457031
2 0.8241662740707397 0.4289127826690674 0.08859143257141114 0.09306936264038086
