2 0.17545317411422728 0.564976167678833 0.17235825061798096 0.08020219802856446
2 0.1615883380174637 0.6227498054504395 0.14053263068199157 0.07505626678466797
2 0.20632343292236327 0.5105623722076416 0.1747429847717285 0.10475034713745117
1 0.23140170574188232 0.44250826835632323 0.08629212379455567 0.07336244583129883
0 0.31603198051452636 0.4072716236114502 0.1182931900024414 0.07977781295776368
0 0.4502580165863037 0.38219614028930665 0.18007316589355468 0.08901090621948242
0 0.6223297595977784 0.3848378896713257 0.17683258056640624 0.09254937171936035
0 0.7528091430664062 0.4129612922668457 0.12025299072265624 0.0927469253540039
2 0.8440133094787597 0.5143342971801758 0.12593040466308594 0.0876694679260254
1 0.8307111978530883 0.46068754196166994 0.09301600456237794 0.07795677185058594
2 0.8642166137695313 0.5636002063751221 0.15381832122802735 0.0856095314025879
2 0.884305763244629 0.6271565437316895 0.16388015747070311 0.1014129638671875
