2 0.10914292335510253 0.6849363327026368 0.17750236988067628 0.1341337203979492
2 0.11073441505432129 0.5859307289123535 0.16754591464996338 0.1381986618041992
2 0.12249834835529327 0.4795234680175781 0.17135290503501893 0.12700233459472657
1 0.18937175273895263 0.38916888236999514 0.14225187301635742 0.1412302017211914
0 0.27228493690490724 0.3210588455200195 0.11907973289489746 0.14025707244873048
0 0.410688591003418 0.2855660915374756 0.1509016990661621 0.13220081329345704
0 0.5731268882751465 0.28628177642822267 0.15920238494873046 0.14093475341796874
0 0.7127561569213867 0.31537542343139646 0.1206777572631836 0.12394733428955078
1 0.8009449243545532 0.3926780939102173 0.13768954277038575 0.13821654319763182
2 0.8475509643554687 0.4974505424499512 0.17573833465576172 0.1362916946411133
2 0.8683877944946289 0.5856850624084473 0.16176414489746094 0.10876407623291015
2 0.8878838539123535 0.650065803527832 0.17803897857666015 0.11158008575439453
2 0.9014934539794922 0.7193805694580078 0.14735183715820313 0.07190570831298829
