2 0.15461838245391846 0.3085526466369629 0.14170570373535157 0.09098358154296875
2 0.14837726354598998 0.3758284330368042 0.12493011951446534 0.0885460376739502
2 0.18858177661895753 0.458452033996582 0.13269009590148925 0.11054573059082032
1 0.23673005104064943 0.536813497543335 0.11376276016235351 0.09297695159912109
0 0.321531081199646 0.5827395439147949 0.1379321575164795 0.09091262817382813
0 0.4460303783416748 0.5920763969421386 0.13529024124145508 0.09790992736816406
0 0.5716507911682129 0.5874541282653809 0.1322183609008789 0.10623683929443359
0 0.6945492267608643 0.5758914470672607 0.13905611038208007 0.10338411331176758
1 0.7781623363494873 0.5215409278869629 0.08908166885375976 0.08047542572021485
2 0.8081522941589355 0.45427699089050294 0.1319286346435547 0.11189088821411133
2 0.8488590240478515 0.40800037384033205 0.1267871856689453 0.07620611190795898
2 0.8582286834716797 0.354329776763916 0.14403228759765624 0.10344181060791016
