2 0.07653351426124573 0.49112615585327146 0.13538488149642944 0.16177711486816407
1 0.15699682235717774 0.5486702919006348 0.11861495971679688 0.17664146423339844
0 0.17413413524627686 0.41817320585250856 0.14821381568908693 0.1319437265396118
0 0.2489267349243164 0.5614827156066895 0.1182166576385498 0.1508397102355957
0 0.32519216537475587 0.44083428382873535 0.20101528167724608 0.1749967575073242
0 0.3584589004516602 0.5676706790924072 0.150909423828125 0.15122594833374023
0 0.42460880279541013 0.45357694625854494 0.05192222595214844 0.10530853271484375
0 0.4842852592468262 0.5702516555786132 0.1498845100402832 0.1568368911743164
0 0.5278376579284668 0.4456166744232178 0.2045429229736328 0.17956390380859374
0 0.6144783020019531 0.5772163391113281 0.1559537887573242 0.16299610137939452
0 0.6983731746673584 0.41667814254760743 0.16522798538208008 0.15545520782470704
1 0.7339379787445068 0.5489351272583007 0.12978296279907225 0.17464084625244142
2 0.8364615440368652 0.5078470706939697 0.1453998565673828 0.16395559310913085
1 0.8198229789733886 0.3932966232299805 0.11115894317626954 0.10300893783569336
2 0.8911594390869141 0.4309431552886963 0.11204795837402344 0.12352218627929687
