2 0.14456167221069335 0.348095703125 0.18485770225524903 0.17023859024047852
2 0.14514572620391847 0.4806356430053711 0.16813693046569825 0.156158447265625
2 0.18935067653656007 0.5595624923706055 0.17022557258605958 0.13822402954101562
1 0.22587568759918214 0.6320549488067627 0.14172863960266113 0.10494804382324219
0 0.3391705513000488 0.6579617977142334 0.1249359130859375 0.12075815200805665
0 0.4446671366691589 0.6816539287567138 0.12632811069488525 0.1150599479675293
0 0.5677362442016601 0.6831239223480224 0.14153022766113282 0.11196393966674804
0 0.6773274421691895 0.6625816345214843 0.1317441940307617 0.11257953643798828
1 0.7754188537597656 0.6128046989440918 0.11203575134277344 0.10797462463378907
2 0.8342231750488281 0.5392893791198731 0.15034217834472657 0.12133769989013672
2 0.8872352600097656 0.4501472473144531 0.12478370666503906 0.10561666488647461
2 0.9059352874755859 0.33638834953308105 0.1441822052001953 0.15313272476196288
