2 0.16114674806594848 0.4832923889160156 0.07304050922393798 0.06139812469482422
2 0.17145709991455077 0.4417126655578613 0.0585482120513916 0.08860721588134765
1 0.2288598597049713 0.4579744338989258 0.09359129667282104 0.11212348937988281
0 0.31436867713928224 0.46441068649291994 0.1230992317199707 0.11984148025512695
1 0.3032094955444336 0.5283077716827392 0.09644713401794433 0.08474721908569335
0 0.392638111114502 0.5288347244262696 0.10837001800537109 0.11732730865478516
0 0.47304733991622927 0.4645236015319824 0.16519434452056886 0.1227579116821289
0 0.49969482421875 0.5432338237762451 0.12908992767333985 0.13976640701293946
0 0.6140687942504883 0.5309300422668457 0.13350534439086914 0.1430765151977539
0 0.7317444801330566 0.5358373641967773 0.10226173400878906 0.11893329620361329
0 0.7868592739105225 0.45752243995666503 0.12914743423461914 0.12500934600830077
1 0.804899787902832 0.5224750518798829 0.08997573852539062 0.0745462417602539
1 0.8736429214477539 0.4518534779548645 0.09119529724121093 0.11952970027923585
2 0.8741289138793945 0.5141253471374512 0.08221187591552734 0.07297515869140625
2 0.9277299880981446 0.43788743019104004 0.05084209442138672 0.08088607788085937
