2 0.16562013626098632 0.4261282801628113 0.08689022064208984 0.13224623203277588
2 0.1666240930557251 0.5275452613830567 0.08103632926940918 0.08734149932861328
2 0.19488720893859862 0.5415438652038574 0.10501933097839355 0.11560268402099609
1 0.256027364730835 0.550381851196289 0.09186525344848633 0.13191089630126954
0 0.373567533493042 0.556393051147461 0.1950897216796875 0.15764274597167968
0 0.39327301979064944 0.43312959671020507 0.15611743927001953 0.16728734970092773
0 0.40705208778381347 0.5566324710845947 0.12602949142456055 0.1600940704345703
0 0.5256064414978028 0.44252495765686034 0.16912574768066407 0.1756359100341797
0 0.5006343841552734 0.5631441116333008 0.11881065368652344 0.15343170166015624
0 0.5903900146484375 0.5751305103302002 0.11656055450439454 0.14032583236694335
0 0.6450765132904053 0.44297542572021487 0.12825431823730468 0.14193649291992189
1 0.6747231483459473 0.5788064956665039 0.10460586547851562 0.13264122009277343
1 0.7264614105224609 0.4694997787475586 0.10117893218994141 0.13331823348999022
2 0.7723470211029053 0.5860794067382813 0.14312009811401366 0.12565364837646484
2 0.7965498924255371 0.47406697273254395 0.09609928131103515 0.11404399871826172
