2 0.11907264888286591 0.6408773899078369 0.1066655695438385 0.0854313850402832
2 0.1559173583984375 0.5945577144622802 0.10480709075927734 0.11851587295532226
2 0.19896261692047118 0.6372275352478027 0.09781231880187988 0.07005672454833985
1 0.23107494711875914 0.5512950897216797 0.11890374422073365 0.1281736373901367
1 0.2760338306427002 0.6090938568115234 0.0964310646057129 0.09972343444824219
0 0.32558465003967285 0.5023882865905762 0.1271038055419922 0.12292261123657226
0 0.35961408615112306 0.5897519588470459 0.10372648239135743 0.10557079315185547
0 0.4533283233642578 0.4811074256896973 0.15581855773925782 0.1514993667602539
0 0.46170616149902344 0.5855145454406738 0.12724075317382813 0.08745784759521484
0 0.5941176891326905 0.47787771224975584 0.15852689743041992 0.14113521575927734
0 0.5742440223693848 0.5752678871154785 0.11511707305908203 0.10008773803710938
0 0.6772067070007324 0.565880012512207 0.10798721313476563 0.10530853271484375
0 0.7203779697418213 0.4833857536315918 0.12465438842773438 0.12255706787109374
1 0.7675192832946778 0.5752583503723144 0.0997152328491211 0.09777450561523438
1 0.8132903814315796 0.5185523986816406 0.10739827156066895 0.1307906150817871
2 0.8436904907226562 0.5996647834777832 0.08261947631835938 0.06709079742431641
2 0.8831767082214356 0.546519660949707 0.09878749847412109 0.11296844482421875
2 0.9164264678955079 0.5846407413482666 0.09252586364746093 0.09529695510864258
