2 0.14021685123443603 0.6555156707763672 0.17733616828918458 0.11085147857666015
2 0.17498674392700195 0.5892938137054443 0.15352530479431153 0.0795109748840332
2 0.19621682167053223 0.536487340927124 0.15937485694885253 0.10790424346923828
0 0.2994781255722046 0.4365242481231689 0.12830648422241211 0.12102022171020507
0 0.4423941135406494 0.40023308992385864 0.15204877853393556 0.11888139247894287
0 0.5968040943145752 0.408616828918457 0.17323579788208007 0.12010164260864258
0 0.7316880702972413 0.42636297941207885 0.10620279312133789 0.08843214511871338
2 0.8186031341552734 0.555373239517212 0.16395301818847657 0.10333528518676757
1 0.7982789039611816 0.49102120399475097 0.09044036865234376 0.07145814895629883
2 0.8462888956069946 0.6649538040161133 0.16793551445007324 0.10608844757080078
2 0.8490330696105957 0.6854902267456054 0.1627166748046875 0.09884605407714844
2 0.8491531610488892 0.7026748180389404 0.15941958427429198 0.06346368789672852
