2 0.16303882300853728 0.7353795528411865 0.15878449082374574 0.0973043441772461
2 0.18285106420516967 0.681006669998169 0.1712435483932495 0.08248567581176758
2 0.18993216753005981 0.6360403060913086 0.17208664417266845 0.12076902389526367
2 0.2238975942134857 0.5640030384063721 0.18186427354812623 0.13672513961791993
1 0.24814305305480958 0.46901955604553225 0.11401071548461914 0.15134706497192382
0 0.34267330169677734 0.4107645511627197 0.1347959518432617 0.14004602432250976
0 0.47438583374023435 0.3808201789855957 0.17291755676269532 0.13714542388916015
0 0.6383178234100342 0.39396090507507325 0.14529361724853515 0.11260414123535156
0 0.7611444473266602 0.3928175926208496 0.10631427764892579 0.1106980323791504
2 0.8319035530090332 0.5429041862487793 0.1763833999633789 0.12519302368164062
1 0.8164157629013061 0.45961527824401854 0.13572239875793457 0.1344552993774414
2 0.84240243434906 0.6258872509002685 0.15231060981750488 0.07582635879516601
2 0.8444185256958008 0.6865795135498047 0.15521621704101562 0.11528072357177735
