2 0.14944147765636445 0.39827957153320315 0.19493327736854554 0.17222061157226562
2 0.16729705333709716 0.5307865142822266 0.17206454277038574 0.15811996459960936
1 0.22867103219032286 0.6357034683227539 0.13347243070602416 0.12219343185424805
0 0.3106153249740601 0.687353515625 0.10822134017944336 0.08463115692138672
0 0.4171228289604187 0.6890011787414551 0.13517515659332274 0.0917501449584961
0 0.5309216499328613 0.6900863170623779 0.12259025573730468 0.08953714370727539
0 0.6467353343963623 0.6573908805847168 0.11840753555297852 0.09407405853271485
1 0.7254318237304688 0.5944708824157715 0.13613491058349608 0.11810417175292968
2 0.7835358142852783 0.3627623081207275 0.19935083389282227 0.17577333450317384
2 0.7711272239685059 0.4859189033508301 0.1606191635131836 0.14986658096313477
