2 0.08441210389137269 0.48491687774658204 0.12965954542160035 0.10228748321533203
2 0.13865940868854523 0.4161433219909668 0.12771663069725037 0.09532690048217773
2 0.16026955842971802 0.5034585952758789 0.13380210399627684 0.10058746337890626
2 0.15432984828948976 0.49222517013549805 0.11572608947753907 0.08090496063232422
1 0.25008492469787597 0.4275547981262207 0.10638470649719238 0.13187379837036134
0 0.2907297134399414 0.5687359809875489 0.11265325546264648 0.1425233840942383
0 0.3525578737258911 0.435833740234375 0.12866339683532715 0.12673044204711914
0 0.3808811902999878 0.5584589958190918 0.10974726676940919 0.1300508499145508
0 0.48114776611328125 0.5729053020477295 0.12806549072265624 0.16451969146728515
0 0.5099489212036132 0.4378496646881104 0.1398008346557617 0.12783241271972656
0 0.5953142166137695 0.5796349048614502 0.12906455993652344 0.16542634963989258
0 0.6365180015563965 0.43962955474853516 0.1410694122314453 0.1210352897644043
0 0.7567028045654297 0.4561475276947021 0.11825637817382813 0.11467466354370118
1 0.7632846832275391 0.5668673515319824 0.1237375259399414 0.14484806060791017
1 0.8373471975326539 0.4712971210479736 0.10745434761047364 0.1271364212036133
