2 0.08905408382415772 0.3531611442565918 0.17535622119903566 0.14161376953125
2 0.10352671146392822 0.4583425045013428 0.15485038757324218 0.1082535743713379
1 0.1983209252357483 0.6450874328613281 0.1310824155807495 0.1432596206665039
0 0.3070624113082886 0.6932946681976319 0.14886860847473143 0.12350444793701172
0 0.44407334327697756 0.6951990127563477 0.15537643432617188 0.14596080780029297
0 0.5790271759033203 0.6936060905456543 0.15144386291503906 0.16383018493652343
0 0.7108232498168945 0.6817864418029785 0.14202985763549805 0.1538442611694336
1 0.814815902709961 0.6171292781829834 0.1463085174560547 0.15285987854003907
2 0.84939603805542 0.5197510719299316 0.14750595092773439 0.11511707305908203
2 0.8652194976806641 0.4298084259033203 0.15536537170410156 0.10326347351074219
