2 0.14615800082683564 0.6345469951629639 0.18024325966835023 0.10617170333862305
2 0.1524610161781311 0.6934489250183106 0.1815201997756958 0.09379463195800782
2 0.16682204008102416 0.5491140365600586 0.14775435924530028 0.1087733268737793
0 0.2642991304397583 0.4422710418701172 0.2201244831085205 0.13640966415405273
0 0.4163527488708496 0.3684161424636841 0.16755828857421876 0.12345213890075683
0 0.5729321479797364 0.36932897567749023 0.1552885055541992 0.13955078125
0 0.6687760353088379 0.46866769790649415 0.13856220245361328 0.10763397216796874
0 0.6929454803466797 0.3847984313964844 0.11823625564575195 0.1040945053100586
1 0.8030676126480103 0.5199224472045898 0.137410306930542 0.12156486511230469
2 0.8550870895385743 0.6306085586547852 0.19149494171142578 0.15012016296386718
