2 0.12596645653247834 0.6240725040435791 0.17618007063865662 0.0848921775817871
2 0.15696606338024138 0.5723222255706787 0.1710456430912018 0.10951833724975586
1 0.23286696076393126 0.47839818000793455 0.10422343015670776 0.134749698638916
0 0.33379220962524414 0.4492430567741394 0.1229680061340332 0.12120554447174073
0 0.4891420841217041 0.41708760261535643 0.1282362937927246 0.11312475204467773
0 0.6126248359680175 0.4146528124809265 0.13646411895751953 0.10380232334136963
1 0.7910553932189941 0.4898721694946289 0.13213253021240234 0.12677421569824218
2 0.8167939186096191 0.5843625068664551 0.17711200714111328 0.09747753143310547
2 0.8081988334655762 0.5921433448791504 0.15563125610351564 0.07630367279052734
2 0.8088259696960449 0.5503064632415772 0.15313472747802734 0.08318624496459961
