2 0.11082302331924439 0.42917590141296386 0.1176077127456665 0.13529748916625978
2 0.17644717693328857 0.5131077766418457 0.09933772087097167 0.10579757690429688
1 0.2196934461593628 0.4069584846496582 0.16427721977233886 0.14899940490722657
1 0.22812085151672362 0.5154341697692871 0.10282425880432129 0.10863237380981446
0 0.3123440742492676 0.509210205078125 0.12415313720703125 0.1688600540161133
0 0.3337886810302734 0.40239748954772947 0.11513805389404297 0.11471767425537109
0 0.4102018356323242 0.5076882839202881 0.11878128051757812 0.13844661712646483
0 0.461552631855011 0.3884537696838379 0.20293881893157958 0.16645393371582032
0 0.5088120460510254 0.49286928176879885 0.12427825927734375 0.1412942886352539
0 0.6294188499450684 0.3932172775268555 0.19103660583496093 0.16793651580810548
0 0.6144357681274414 0.5056619644165039 0.12606611251831054 0.1328139305114746
0 0.7184457302093505 0.5045638084411621 0.11926984786987305 0.13082942962646485
0 0.75387601852417 0.39606690406799316 0.128594970703125 0.1331960678100586
1 0.8251590490341186 0.491678524017334 0.1288769245147705 0.0968557357788086
1 0.8464187383651733 0.42748727798461916 0.1172874927520752 0.13762502670288085
