1 0.19789525270462036 0.4564537525177002 0.06878364086151123 0.0864232063293457
2 0.21600971817970277 0.5234691619873046 0.06467427015304565 0.08728103637695313
0 0.26760196685791016 0.46386308670043946 0.11561641693115235 0.12050151824951172
1 0.2463839054107666 0.5486374855041504 0.06978063583374024 0.09919462203979493
0 0.2969163656234741 0.5633843421936036 0.08908224105834961 0.11477622985839844
0 0.3966450452804565 0.47472481727600097 0.18119425773620607 0.1594855308532715
0 0.3784313678741455 0.5815205574035645 0.11483478546142578 0.12569236755371094
0 0.4781486511230469 0.5869455814361573 0.12222175598144532 0.13115873336791992
0 0.5562994956970215 0.4777094841003418 0.18654365539550782 0.16754236221313476
0 0.5919859409332275 0.5861639976501465 0.1362001419067383 0.12735671997070314
0 0.7091782569885254 0.47451057434082033 0.14962844848632811 0.13464927673339844
2 0.7095065116882324 0.579628324508667 0.1314859390258789 0.11535081863403321
1 0.8049107551574707 0.5633843421936036 0.10755386352539062 0.09640169143676758
1 0.8150423288345336 0.4799975872039795 0.09965319633483886 0.09740362167358399
2 0.8859386444091797 0.4711880683898926 0.07583198547363282 0.05455169677734375
