2 0.14197300672531127 0.613398551940918 0.19943764209747314 0.13542308807373046
2 0.16519687175750733 0.508852767944336 0.20465612411499023 0.16063690185546875
0 0.19438481330871582 0.3864437580108643 0.14781975746154785 0.15249757766723632
0 0.3688603162765503 0.3408637285232544 0.23182435035705568 0.1709987163543701
0 0.6004039287567139 0.34764676094055175 0.2349776268005371 0.19181089401245116
0 0.8007601737976074 0.3847872972488403 0.17786102294921874 0.1850599765777588
2 0.8981658935546875 0.5246586322784423 0.2025625228881836 0.1089569091796875
2 0.9179912567138672 0.6061483383178711 0.16398963928222657 0.1417837142944336
2 0.9152614593505859 0.6380884647369385 0.14861717224121093 0.08295001983642578
2 0.9103973388671875 0.6460914134979248 0.10745849609375 0.06810636520385742
