2 0.1341363877058029 0.5009797096252442 0.07869682908058166 0.0910421371459961
2 0.15703269243240356 0.5694587707519532 0.07311885356903076 0.08373298645019531
1 0.1915407657623291 0.5139044284820556 0.07151989936828614 0.11184110641479492
2 0.19676531553268434 0.5903361320495606 0.061736226081848145 0.07663917541503906
0 0.2587944984436035 0.48444185256958006 0.12517189979553223 0.14499282836914062
1 0.2480621099472046 0.5825388908386231 0.08118906021118164 0.09445400238037109
0 0.33060436248779296 0.5829137325286865 0.11603388786315919 0.10958480834960938
0 0.3874380350112915 0.4829412937164307 0.17538256645202638 0.18026647567749024
0 0.4278390407562256 0.5858421325683594 0.11810808181762696 0.0911336898803711
0 0.5469465255737305 0.485902202129364 0.18866958618164062 0.18167517185211182
0 0.5367325782775879 0.5904332160949707 0.12900943756103517 0.09347019195556641
0 0.6498548507690429 0.5745356559753418 0.13338813781738282 0.12128353118896484
0 0.6937883377075196 0.4776149749755859 0.14195680618286133 0.15640668869018554
1 0.7764955997467041 0.494599723815918 0.09765233993530273 0.13109359741210938
1 0.7901097297668457 0.5795194625854492 0.12299613952636719 0.10262432098388671
2 0.8512752294540405 0.45713319778442385 0.10450825691223145 0.1437911033630371
2 0.854459285736084 0.5500296592712403 0.10653247833251953 0.0911376953125
2 0.8918983459472656 0.4874600410461426 0.07510986328125 0.10126161575317383
