2 0.16912307739257812 0.539299201965332 0.09204864501953125 0.06352386474609376
2 0.17845116853713988 0.5330553531646729 0.09198148250579834 0.06586685180664062
2 0.18088860511779786 0.5883689403533936 0.07158861160278321 0.04864625930786133
1 0.22069512009620668 0.514958381652832 0.09387177228927612 0.11639652252197266
2 0.22617716789245607 0.5886907577514648 0.07439556121826171 0.0732034683227539
0 0.2840562343597412 0.4951888084411621 0.1316814422607422 0.15524978637695314
1 0.2845430374145508 0.5887310028076171 0.07710037231445313 0.06842555999755859
0 0.3674474239349365 0.582864236831665 0.11888675689697266 0.07405643463134766
0 0.40520944595336916 0.4774549603462219 0.17371444702148436 0.201523756980896
0 0.46779603958129884 0.5837240219116211 0.1175506591796875 0.07845878601074219
0 0.5557793140411377 0.46663460731506345 0.17142705917358397 0.19183721542358398
0 0.5660562515258789 0.5829335212707519 0.11867542266845703 0.08485240936279297
0 0.667203712463379 0.578093147277832 0.11669197082519531 0.09722785949707032
0 0.6781552314758301 0.46741547584533694 0.12562503814697265 0.15040721893310546
1 0.7416995525360107 0.5836664199829101 0.06878890991210937 0.084539794921875
2 0.7879308700561524 0.5093870162963867 0.11694469451904296 0.1127899169921875
2 0.7831965923309326 0.5898200988769531 0.05457906723022461 0.06784944534301758
2 0.8121356964111328 0.589359712600708 0.06166629791259766 0.05478954315185547
2 0.8224059104919433 0.5850785732269287 0.08004875183105468 0.06649713516235352
2 0.8593108177185058 0.5207855224609375 0.07199573516845703 0.07071075439453126
