2 0.20912967324256898 0.5712385177612305 0.19245327711105348 0.11047286987304687
2 0.21839274764060973 0.5501828670501709 0.18019877672195433 0.1510385513305664
1 0.25350949764251707 0.4760419845581055 0.10782513618469239 0.14404621124267578
0 0.34608802795410154 0.4544214248657227 0.1339479446411133 0.1417327880859375
0 0.4901729583740234 0.456415855884552 0.17544078826904297 0.15786416530609132
0 0.6578210830688477 0.47922043800354003 0.17270870208740235 0.16204423904418946
0 0.7861074447631836 0.5069646835327148 0.10280742645263671 0.17953453063964844
2 0.8454927206039429 0.6306012153625489 0.16151318550109864 0.10751333236694335
2 0.8438265800476075 0.6895246505737305 0.15444984436035156 0.08114948272705078
1 0.8464303731918335 0.5596408843994141 0.10936627388000489 0.17446956634521485
