2 0.18822886943817138 0.3619191646575928 0.16363739967346191 0.12373189926147461
2 0.19057872295379638 0.4381833910942078 0.1549201488494873 0.09140417575836182
2 0.21048417687416077 0.5542436599731445 0.1735939860343933 0.19366884231567383
0 0.2707404613494873 0.5974765300750733 0.10296721458435058 0.13435964584350585
0 0.36192922592163085 0.6112077713012696 0.12361516952514648 0.15400295257568358
0 0.4719581604003906 0.6043830871582031 0.12533969879150392 0.15058364868164062
0 0.584539794921875 0.602650499343872 0.12235641479492188 0.15721044540405274
1 0.6802841663360596 0.5802316665649414 0.11199188232421875 0.1591339111328125
2 0.7549515247344971 0.5270605087280273 0.1534245491027832 0.15663986206054686
2 0.7959413528442383 0.4401711940765381 0.15050830841064453 0.127608585357666
2 0.8355716705322266 0.361765718460083 0.17058048248291016 0.13687143325805665
