2 0.2141937255859375 0.626854133605957 0.1487257480621338 0.08381767272949218
2 0.22454619407653809 0.5633492946624756 0.14313669204711915 0.10201692581176758
2 0.221232008934021 0.6897997856140137 0.1308595657348633 0.0910715103149414
2 0.257857346534729 0.4993021011352539 0.16273102760314942 0.13372478485107422
1 0.2901432514190674 0.42023268938064573 0.12425575256347657 0.1210397481918335
0 0.34233946800231935 0.3632228851318359 0.08375110626220703 0.12268924713134766
0 0.44240169525146483 0.33425235748291016 0.13231878280639647 0.11420354843139649
0 0.5725496292114258 0.34157629013061525 0.129962158203125 0.12596406936645507
0 0.6811369895935059 0.3806540727615356 0.11681346893310547 0.11258435249328613
1 0.7447592735290527 0.4460677981376648 0.1366445541381836 0.1263185739517212
2 0.786260461807251 0.5235960960388184 0.16334657669067382 0.1364309310913086
2 0.8111823081970215 0.6000860214233399 0.14099349975585937 0.10013027191162109
2 0.8354789972305298 0.6323273658752442 0.16247210502624512 0.08124675750732421
2 0.8434089660644531 0.7360505104064942 0.11150074005126953 0.07439613342285156
