2 0.06909490823745727 0.41646323204040525 0.09568114280700683 0.11552925109863281
0 0.15792770385742189 0.44214367866516113 0.12717123031616212 0.17514400482177733
1 0.14284766912460328 0.5691794872283935 0.09501078128814697 0.13097896575927734
0 0.23326415419578553 0.5860066413879395 0.12509843111038207 0.12923355102539064
0 0.270280122756958 0.46846685409545896 0.1461317539215088 0.19494810104370117
0 0.34489486217498777 0.605443000793457 0.12822508811950684 0.13059768676757813
0 0.42256706953048706 0.4751720905303955 0.20397608280181884 0.23410482406616212
0 0.45449490547180177 0.6127610206604004 0.12638330459594727 0.11787948608398438
0 0.6072170257568359 0.4688740253448486 0.2087850570678711 0.22396440505981446
0 0.5812908172607422 0.5986895084381103 0.15135507583618163 0.1119466781616211
0 0.7019528865814209 0.5763232707977295 0.11007719039916992 0.13240575790405273
0 0.7651581764221191 0.44484124183654783 0.15670394897460938 0.1851569175720215
1 0.8017423629760743 0.5632039070129394 0.11048660278320313 0.12841501235961914
1 0.8670866012573242 0.4020227909088135 0.11446952819824219 0.18198137283325194
2 0.8788399696350098 0.5239971160888672 0.11099033355712891 0.14819211959838868
2 0.9387917518615723 0.396093487739563 0.08421440124511718 0.12359232902526855
