2 0.05984554886817932 0.3866455078125 0.08759254217147827 0.07669992446899414
2 0.13029198348522186 0.43006243705749514 0.10310707688331604 0.1248539924621582
1 0.2290757715702057 0.44969825744628905 0.1487157702445984 0.13300342559814454
1 0.22185431122779847 0.5355552196502685 0.09624756574630737 0.09570131301879883
0 0.3004183053970337 0.5649253845214843 0.13480830192565918 0.14912166595458984
0 0.41396727561950686 0.5527187347412109 0.15754947662353516 0.16089534759521484
0 0.5460011482238769 0.5624438762664795 0.1540822982788086 0.17802696228027343
0 0.6295835494995117 0.44200581312179565 0.3182401657104492 0.13824160099029542
0 0.6763001441955566 0.5534154415130615 0.12995872497558594 0.15655956268310547
1 0.778469467163086 0.5273531913757324 0.10902137756347656 0.14963703155517577
1 0.8266363143920898 0.432063090801239 0.11472454071044921 0.12480738162994384
2 0.8422347068786621 0.5007328987121582 0.1087789535522461 0.11384038925170899
2 0.9032215118408203 0.403627347946167 0.0897125244140625 0.08016395568847656
