2 0.17036741077899933 0.33512425422668457 0.1463364064693451 0.1301732063293457
2 0.19607890844345094 0.42590179443359377 0.16705129146575928 0.13314332962036132
2 0.23048436641693115 0.5093401908874512 0.13925547599792482 0.10513153076171874
2 0.25332675576210023 0.5846933364868164 0.12848252058029175 0.11483802795410156
1 0.30800042152404783 0.6564948558807373 0.12328062057495118 0.10689144134521485
0 0.4015847682952881 0.690755558013916 0.11857767105102539 0.09746742248535156
0 0.5024665355682373 0.6913495063781738 0.10570688247680664 0.09849863052368164
0 0.5941516876220703 0.6853643894195557 0.10519943237304688 0.10066432952880859
0 0.684627628326416 0.671774959564209 0.1102447509765625 0.08843612670898438
1 0.7594265937805176 0.641357421875 0.11926746368408203 0.09593067169189454
2 0.7857583045959473 0.563153076171875 0.1465686798095703 0.11436357498168945
2 0.7995884895324707 0.3994174003601074 0.16730270385742188 0.12904253005981445
2 0.802299690246582 0.4892114639282227 0.14498558044433593 0.11153526306152343
2 0.8064456939697265 0.30293142795562744 0.14292068481445314 0.1134078025817871
