2 0.09572594165802002 0.34746079444885253 0.19120702743530274 0.19093446731567382
2 0.03113037347793579 0.2287503480911255 0.062001800537109374 0.11228909492492675
2 0.1666804552078247 0.46194658279418943 0.2165383815765381 0.1872344970703125
2 0.17624976634979247 0.6106997489929199 0.17820253372192382 0.1486970901489258
1 0.2502338409423828 0.7142645835876464 0.15017337799072267 0.1285167694091797
0 0.34923765659332273 0.7821719646453857 0.1388087749481201 0.12516202926635742
0 0.46739563941955564 0.7959545135498047 0.1425532341003418 0.13905696868896483
0 0.5916111946105957 0.7965741157531738 0.12798233032226564 0.12436637878417969
0 0.683107566833496 0.7669401168823242 0.13492374420166015 0.13054256439208983
1 0.7713635921478271 0.7167736530303955 0.13834142684936523 0.1360295295715332
2 0.8128246307373047 0.5925543308258057 0.17145919799804688 0.15107450485229493
2 0.8379286766052246 0.47881574630737306 0.17896747589111328 0.13761672973632813
2 0.8593167304992676 0.3482352256774902 0.2112253189086914 0.18990345001220704
