2 0.1463259667158127 0.5801970005035401 0.18003612160682678 0.1215052604675293
2 0.17235004901885986 0.48065481185913084 0.1607203006744385 0.13071250915527344
1 0.2186916410923004 0.4124918937683105 0.12478283643722535 0.13309974670410157
0 0.2986285924911499 0.3684814691543579 0.12501635551452636 0.12282252311706543
0 0.4384767532348633 0.3672995328903198 0.15934219360351562 0.10578560829162598
0 0.6116405487060547 0.3884833335876465 0.1989999771118164 0.11738920211791992
0 0.7268720149993897 0.4474735140800476 0.12446041107177734 0.12453711032867432
1 0.8119545221328736 0.5100605964660645 0.1315986156463623 0.14094772338867187
2 0.8481574058532715 0.5887690544128418 0.16318893432617188 0.13232917785644532
2 0.8706144332885742 0.6935538291931153 0.1800403594970703 0.12864284515380858
