2 0.12108169794082642 0.5973070144653321 0.06643633842468262 0.07772417068481445
2 0.17060413360595703 0.6303125381469726 0.08867473602294922 0.0784189224243164
2 0.17142586708068847 0.6452851295471191 0.08738899230957031 0.07257404327392578
2 0.17246620655059813 0.6036880493164063 0.08883199691772461 0.07165164947509765
2 0.18029887676239015 0.6327196598052979 0.09831933975219727 0.0983931541442871
2 0.18689693212509156 0.5786366939544678 0.07999451160430908 0.10017080307006836
2 0.2190847635269165 0.6330371379852295 0.09482293128967285 0.10085020065307618
1 0.2485278367996216 0.5307483196258544 0.11355156898498535 0.11721010208129883
1 0.2975173473358154 0.599271011352539 0.10666351318359375 0.13501052856445311
0 0.3271762847900391 0.4728196144104004 0.12358722686767579 0.15451745986938475
0 0.38973331451416016 0.5789007663726806 0.13048477172851564 0.1751087188720703
0 0.4578749179840088 0.44228955507278445 0.18921499252319335 0.17587926387786865
0 0.4959698677062988 0.5778706550598145 0.12673625946044922 0.16218852996826172
0 0.6174644470214844 0.44474679231643677 0.18108463287353516 0.17491166591644286
0 0.5988590717315674 0.5720198631286622 0.12352533340454101 0.16201305389404297
0 0.6889352321624755 0.5787453651428223 0.09771490097045898 0.14036359786987304
0 0.7356053352355957 0.47630510330200193 0.1068948745727539 0.15067653656005858
1 0.7561012268066406 0.5861568927764893 0.08686389923095703 0.11208038330078125
1 0.795619535446167 0.5329567432403565 0.08949804306030273 0.11605634689331054
2 0.8289964914321899 0.5717376708984375 0.09936633110046386 0.13587093353271484
