2 0.06764011383056641 0.4590446472167969 0.07441537380218506 0.11586952209472656
1 0.1320733904838562 0.4436925768852234 0.10967862606048584 0.15635435581207274
2 0.16719579696655273 0.6044957160949707 0.08448295593261719 0.07668209075927734
0 0.243249773979187 0.4427517056465149 0.16054883003234863 0.1918597936630249
1 0.23355517387390137 0.6069955825805664 0.10324506759643555 0.0756490707397461
0 0.32973737716674806 0.611879539489746 0.12554044723510743 0.07424793243408204
0 0.40126681327819824 0.4767262935638428 0.2085775375366211 0.23064050674438477
0 0.4504328727722168 0.6186832427978516 0.13656435012817383 0.09510250091552734
0 0.5880641937255859 0.4868795871734619 0.20682544708251954 0.2072474479675293
0 0.5758787631988526 0.6179675579071044 0.14106988906860352 0.09677133560180665
0 0.7019953727722168 0.610100269317627 0.12764225006103516 0.06696243286132812
0 0.7524163246154785 0.4720095157623291 0.15843563079833983 0.17577533721923827
1 0.8152609825134277 0.5825226306915283 0.10646686553955079 0.06720552444458008
1 0.8607900619506836 0.45116333961486815 0.09786796569824219 0.1490203857421875
2 0.9237716674804688 0.45030903816223145 0.07436885833740234 0.11135549545288086
