2 0.10176632404327393 0.7299738883972168 0.18646273612976075 0.13579330444335938
2 0.11982028484344483 0.6304609298706054 0.1542884349822998 0.11966381072998047
2 0.15077252089977264 0.5311894893646241 0.15711680054664612 0.13136396408081055
0 0.24322474002838135 0.29741525650024414 0.11360654830932618 0.1037257194519043
0 0.37111525535583495 0.23881371021270753 0.16455087661743165 0.10893635749816895
0 0.6886073112487793 0.28677687644958494 0.13060503005981444 0.11873106956481934
1 0.7732781410217285 0.3922337293624878 0.12218456268310547 0.13997349739074708
2 0.8122116088867187 0.5135829448699951 0.15113601684570313 0.13476457595825195
2 0.8553086280822754 0.6100195407867431 0.15666885375976564 0.11693553924560547
2 0.8776329040527344 0.7200466156005859 0.19488067626953126 0.14829978942871094
2 0.8846206903457642 0.7955376625061035 0.17726168632507325 0.07046566009521485
