2 0.15261590778827666 0.5471983432769776 0.12711758017539979 0.1249314308166504
2 0.17921870946884155 0.4555854320526123 0.10424411296844482 0.11881237030029297
1 0.21862471103668213 0.3509803056716919 0.12004342079162597 0.11423687934875489
0 0.3038619041442871 0.2727461814880371 0.12842960357666017 0.10032424926757813
0 0.43986302614212036 0.2421835482120514 0.15772454738616942 0.09370573759078979
0 0.5881785392761231 0.2558122634887695 0.15283308029174805 0.10165619850158691
0 0.7127447128295898 0.30486459732055665 0.11783056259155274 0.10624618530273437
1 0.7763107776641845 0.39692368507385256 0.0978245735168457 0.11130170822143555
2 0.8012909889221191 0.49149599075317385 0.11987991333007812 0.11751136779785157
2 0.8168230056762695 0.5775844573974609 0.13412876129150392 0.10936393737792968
2 0.8179403066635131 0.6145859241485596 0.12227101325988769 0.06542987823486328
