2 0.17241238355636596 0.738436508178711 0.16473853588104248 0.07132854461669921
2 0.1802667647600174 0.689918327331543 0.16945895552635193 0.11474094390869141
2 0.19819484949111937 0.6216446399688721 0.16021716594696045 0.12928409576416017
2 0.2205328404903412 0.5314159393310547 0.14041444063186645 0.12362957000732422
1 0.2535516023635864 0.4517224311828613 0.1207571029663086 0.11702966690063477
0 0.3311423063278198 0.37012596130371095 0.12577576637268068 0.1554027557373047
0 0.4460641384124756 0.33814516067504885 0.16307506561279297 0.15371351242065429
0 0.5963840007781982 0.3479789733886719 0.1572416305541992 0.14771499633789062
0 0.6953040599822998 0.3997368335723877 0.13226394653320311 0.14308176040649415
2 0.7734055995941163 0.5746953010559082 0.17882108688354492 0.14241905212402345
2 0.7839805126190186 0.6614094734191894 0.1495192527770996 0.09946842193603515
1 0.7670441627502441 0.4715145111083984 0.11453018188476563 0.11537380218505859
2 0.7930744647979736 0.7280649185180664 0.16114282608032227 0.10517635345458984
2 0.7942758560180664 0.7660486221313476 0.16164760589599608 0.05259857177734375
