2 0.15200891494750976 0.34052865505218505 0.20386881828308107 0.1864485263824463
2 0.19729387760162354 0.47241411209106443 0.16304779052734375 0.12388134002685547
2 0.2436991274356842 0.5528732299804687 0.13441475629806518 0.11087417602539062
1 0.32253930568695066 0.6090618133544922 0.11090283393859864 0.1382781982421875
0 0.41997642517089845 0.650006103515625 0.12130155563354492 0.12620792388916016
0 0.5187071323394775 0.6557707786560059 0.11157045364379883 0.12556037902832032
0 0.6134235382080078 0.6521064281463623 0.10391559600830078 0.11480865478515626
0 0.6805589675903321 0.6209926128387451 0.10237293243408203 0.12196063995361328
2 0.7485167503356933 0.43817782402038574 0.14614715576171874 0.09636497497558594
1 0.7305173873901367 0.5757939338684082 0.10787296295166016 0.11676273345947266
2 0.747926139831543 0.5144268989562988 0.14228553771972657 0.10577201843261719
2 0.7732491016387939 0.3234910726547241 0.17590761184692383 0.18385186195373535
