2 0.11578384637832642 0.688721752166748 0.1658027410507202 0.10608768463134766
2 0.12565941512584686 0.6215710639953613 0.14178300499916077 0.08326501846313476
2 0.1546141266822815 0.5557608127593994 0.1440830945968628 0.10882759094238281
1 0.16339271068572997 0.4459188461303711 0.14699130058288573 0.12555990219116211
0 0.25682475566864016 0.3609906196594238 0.1674527645111084 0.15686349868774413
0 0.4449623584747314 0.3717653274536133 0.2377558708190918 0.21617908477783204
0 0.6644992351531982 0.3780201435089111 0.22821779251098634 0.21233549118041992
0 0.8335469245910645 0.42762441635131837 0.15967903137207032 0.1549086570739746
2 0.9223492622375489 0.6824518203735351 0.15530147552490234 0.0922882080078125
2 0.9037449836730957 0.5745139122009277 0.10168590545654296 0.10076236724853516
