2 0.145828914642334 0.36376247406005857 0.20233216285705566 0.16790828704833985
2 0.16288340389728545 0.48682436943054197 0.18562425971031188 0.152670955657959
2 0.16035830676555635 0.6114171028137207 0.15382524132728576 0.17170314788818358
1 0.1835623025894165 0.6902205467224121 0.1007042407989502 0.12431163787841797
0 0.2361137866973877 0.7296956062316895 0.09495282173156738 0.08808689117431641
0 0.28942556381225587 0.6831387519836426 0.1293410301208496 0.07982559204101562
0 0.32995047569274905 0.7471943855285644 0.12581262588500977 0.06411380767822265
0 0.44099663496017455 0.74241623878479 0.11549112796783448 0.06973323822021485
0 0.5299848079681396 0.6952776908874512 0.13936128616333007 0.10195941925048828
0 0.5654391765594482 0.7485551834106445 0.10786294937133789 0.057987403869628903
1 0.6420223236083984 0.7064925193786621 0.11907196044921875 0.12581367492675782
2 0.7083961486816406 0.6437723159790039 0.17780132293701173 0.18316822052001952
2 0.7619056701660156 0.5177114486694336 0.2044309616088867 0.1667482376098633
2 0.8319594383239746 0.37271733283996583 0.21513004302978517 0.1749744415283203
