2 0.11485316455364228 0.3215631008148193 0.12507296204566956 0.10062055587768555
2 0.13647496700286865 0.4093742251396179 0.15015993118286133 0.11939680576324463
2 0.17527512311935425 0.485276460647583 0.14785845279693605 0.09065675735473633
2 0.20080533027648925 0.5292006969451905 0.12488598823547363 0.1117868423461914
1 0.24941916465759278 0.5661044597625733 0.12257924079895019 0.13760957717895508
0 0.3353762626647949 0.5638617515563965 0.11619110107421875 0.14119453430175782
0 0.4320741772651672 0.5730112075805665 0.12714974880218505 0.16309013366699218
0 0.5412607192993164 0.5763592720031738 0.12532310485839843 0.15755462646484375
0 0.6558306694030762 0.5764147758483886 0.1369882583618164 0.12961139678955078
2 0.8074075698852539 0.5195518493652344 0.1381000518798828 0.11695899963378906
2 0.864229393005371 0.46211090087890627 0.1001220703125 0.08650197982788085
2 0.8849892616271973 0.38261196613311765 0.13144397735595703 0.11127543449401855
