2 0.1750805139541626 0.5446802139282226 0.09017233848571778 0.10109004974365235
2 0.16849957704544066 0.47559328079223634 0.076460862159729 0.06895256042480469
2 0.2124887526035309 0.4649034023284912 0.08010357618331909 0.10546646118164063
2 0.22375917434692383 0.5370335578918457 0.0735177993774414 0.08414878845214843
1 0.2670897483825684 0.45294607877731324 0.09795961380004883 0.12623217105865478
2 0.2703402042388916 0.554207706451416 0.09642229080200196 0.11669998168945313
0 0.35092825889587403 0.4506521224975586 0.11551780700683593 0.12173185348510743
1 0.34500670433044434 0.5575738430023194 0.09988651275634766 0.12412614822387695
0 0.4317385792732239 0.5628528594970703 0.10711610317230225 0.12468795776367188
0 0.45895775556564333 0.4566789627075195 0.14381392002105714 0.13435955047607423
0 0.5161648750305176 0.565103816986084 0.09498720169067383 0.1267496109008789
0 0.57734055519104 0.4570288181304932 0.14000844955444336 0.12797136306762696
0 0.5938714027404786 0.5607858657836914 0.09241580963134766 0.1199315071105957
0 0.6692252159118652 0.5603504180908203 0.08955459594726563 0.1187276840209961
0 0.6798579216003418 0.45698060989379885 0.09906845092773438 0.1114192008972168
1 0.7390467166900635 0.5639383316040039 0.08448848724365235 0.12169342041015625
1 0.7479439735412597 0.46024829149246216 0.08382110595703125 0.12126309871673584
2 0.7917975425720215 0.47461795806884766 0.07160987854003906 0.09472599029541015
2 0.791918420791626 0.5596777915954589 0.07081098556518554 0.10225181579589844
2 0.8047209739685058 0.5569231510162354 0.07273120880126953 0.09660272598266602
2 0.8181605339050293 0.5525877475738525 0.058705711364746095 0.09122905731201172
