2 0.17997177839279174 0.32527961730957033 0.18202078342437744 0.14328451156616212
2 0.17330701351165773 0.43877371549606325 0.15935397148132324 0.1379242181777954
2 0.1933190107345581 0.5303834915161133 0.12221798896789551 0.11638622283935547
1 0.20899028778076173 0.6023599624633789 0.0952601432800293 0.06611862182617187
0 0.27903380393981936 0.6406279563903808 0.11104736328125 0.07579269409179687
0 0.36918225288391116 0.667350959777832 0.11734809875488281 0.0766143798828125
0 0.47617359161376954 0.6805570602416993 0.11574115753173828 0.0846135139465332
0 0.5862268447875977 0.681340217590332 0.13509178161621094 0.07317008972167968
2 0.7427319526672364 0.6013334274291993 0.14182071685791015 0.15173587799072266
2 0.7867749214172364 0.49613094329833984 0.1719440460205078 0.15596046447753906
2 0.829063606262207 0.38410606384277346 0.18779983520507812 0.1539767265319824
