2 0.14557170867919922 0.7086457252502442 0.14129843711853027 0.10756778717041016
2 0.17075244188308716 0.6363221168518066 0.13267290592193604 0.11274518966674804
2 0.17810345888137818 0.5723926544189453 0.10308573246002198 0.09440116882324219
0 0.2559868335723877 0.38512425422668456 0.1087580680847168 0.08610506057739258
0 0.34249327182769773 0.31447060108184816 0.19933981895446778 0.14751691818237306
0 0.5415095806121826 0.32105450630187987 0.20335254669189454 0.16050958633422852
0 0.6740440368652344 0.3715959072113037 0.13496551513671876 0.12576608657836913
1 0.7360105514526367 0.4613511085510254 0.10951709747314453 0.10631256103515625
2 0.7766440391540528 0.5430858612060547 0.13666191101074218 0.11756753921508789
2 0.8111978530883789 0.6056268215179443 0.12383480072021484 0.07448310852050781
2 0.8313325881958008 0.6793163299560547 0.1589801788330078 0.12733039855957032
