2 0.17212278842926027 0.6567183494567871 0.143448543548584 0.10010910034179688
2 0.1773536205291748 0.5747920036315918 0.13924117088317872 0.14155502319335939
1 0.22844952940940857 0.42343817949295043 0.07188636064529419 0.0751575231552124
0 0.29694423675537107 0.3567769765853882 0.12714900970458984 0.09764866828918457
0 0.4264711856842041 0.3101776123046875 0.16388349533081054 0.09963006973266601
0 0.5893747329711914 0.3064594745635986 0.17139530181884766 0.10163812637329102
0 0.7230023384094239 0.3585686206817627 0.13382568359375 0.11076726913452148
2 0.7865447044372559 0.48561439514160154 0.13614578247070314 0.08446693420410156
1 0.7780544281005859 0.4275826454162598 0.10312786102294921 0.07659692764282226
2 0.8228045463562011 0.6572280883789062 0.1596445083618164 0.09897689819335938
2 0.8213607788085937 0.5790837287902832 0.1420492172241211 0.13630199432373047
2 0.8294089317321778 0.6941712856292724 0.11967639923095703 0.046871376037597653
