2 0.11539483070373535 0.2979325532913208 0.1878817558288574 0.16133551597595214
2 0.14575453996658325 0.4401666522026062 0.20248110294342042 0.20223143100738525
2 0.19414808750152587 0.5932672500610352 0.16346478462219238 0.16214828491210936
1 0.2503505706787109 0.6951577186584472 0.12851991653442382 0.11524553298950195
0 0.353339695930481 0.7379826068878174 0.11943287849426269 0.11899909973144532
0 0.4531385898590088 0.7605813980102539 0.11260089874267579 0.1127584457397461
0 0.553184986114502 0.7590384483337402 0.10491428375244141 0.09496498107910156
0 0.6384091377258301 0.7283376693725586 0.12521724700927733 0.10656633377075195
1 0.7167069435119628 0.6777883529663086 0.14679107666015626 0.11064987182617188
2 0.7807533740997314 0.5866966247558594 0.15816564559936525 0.13727149963378907
2 0.828241515159607 0.47777690887451174 0.15823063850402833 0.14163894653320314
2 0.8663036346435546 0.3393535137176514 0.19221153259277343 0.18918170928955078
