2 0.21257410049438477 0.40089341402053835 0.17811684608459472 0.1419902563095093
2 0.22137359976768495 0.2887812376022339 0.1503545880317688 0.13372292518615722
2 0.23285551071166993 0.498445987701416 0.14246463775634766 0.11991968154907226
1 0.2613359928131104 0.5759313106536865 0.10582933425903321 0.10056238174438477
0 0.2923286437988281 0.6409550666809082 0.08894491195678711 0.09859218597412109
0 0.3844916343688965 0.6524667739868164 0.12142629623413086 0.11494140625
0 0.48853192329406736 0.6727758884429932 0.11951265335083008 0.11485013961791993
0 0.5965929985046386 0.6773183822631836 0.10870122909545898 0.09562244415283203
1 0.6853740692138672 0.6587051391601563 0.09982833862304688 0.0919464111328125
2 0.7290366172790528 0.5838194847106933 0.14893074035644532 0.13952598571777344
2 0.8055539131164551 0.5023803234100341 0.17061538696289064 0.14632816314697267
2 0.8638394355773926 0.3945037364959717 0.16340999603271483 0.13392419815063478
