2 0.20343682765960694 0.5510645866394043 0.1063532829284668 0.08262691497802735
2 0.2026950776576996 0.47208967208862307 0.0904164433479309 0.08891868591308594
2 0.23847617506980895 0.5753207683563233 0.0825801968574524 0.10568504333496094
1 0.2641533374786377 0.4700323104858398 0.09730558395385742 0.10508460998535156
1 0.3013421297073364 0.5691329956054687 0.10246787071228028 0.10756874084472656
0 0.33585209846496583 0.4595932483673096 0.10214157104492187 0.1118819236755371
0 0.3766472339630127 0.5577198982238769 0.09836235046386718 0.10882835388183594
0 0.44110398292541503 0.45634050369262696 0.1590087890625 0.1505740165710449
0 0.4598571300506592 0.5588308334350586 0.1058314323425293 0.10834007263183594
0 0.5459136009216309 0.554849910736084 0.11155986785888672 0.11632461547851562
0 0.5757143020629882 0.4521780490875244 0.16015396118164063 0.15750885009765625
0 0.6303298950195313 0.558701467514038 0.10271320343017579 0.1286391258239746
0 0.6884901046752929 0.4646318435668945 0.1160125732421875 0.13519706726074218
1 0.7403311729431152 0.56859130859375 0.1457063674926758 0.11923198699951172
1 0.76021728515625 0.4811883449554443 0.09118938446044922 0.10623970031738281
2 0.820889949798584 0.5399639129638671 0.10112895965576171 0.09933261871337891
2 0.8177655220031739 0.4739845275878906 0.0802621841430664 0.07748098373413086
