2 0.1648365616798401 0.44232521057128904 0.0767981767654419 0.06290340423583984
1 0.2153096616268158 0.4127522587776184 0.10408936738967896 0.1271352529525757
2 0.22160401344299316 0.5013437271118164 0.09591646194458008 0.08452720642089843
0 0.2926739931106567 0.4505305290222168 0.1106691837310791 0.13848514556884767
1 0.2797550678253174 0.5292308807373047 0.06706657409667968 0.06382179260253906
0 0.37133054733276366 0.538356876373291 0.10993614196777343 0.06826896667480468
0 0.3953252792358398 0.4688766598701477 0.1497648239135742 0.15065743923187255
0 0.481008243560791 0.5386022567749024 0.1378448486328125 0.06841850280761719
0 0.458037805557251 0.5384777069091797 0.09033613204956055 0.06651535034179687
0 0.537168550491333 0.47940735816955565 0.15202226638793945 0.15166835784912108
0 0.6252565383911133 0.5408197402954101 0.09124488830566406 0.06274051666259765
0 0.647252082824707 0.4565581798553467 0.11050300598144532 0.12893714904785156
1 0.6966357231140137 0.5307625770568848 0.07604179382324219 0.0631856918334961
1 0.7292502403259278 0.418531608581543 0.09767560958862305 0.12582683563232422
2 0.7585947036743164 0.508562421798706 0.08141288757324219 0.07779932022094727
2 0.7931475639343262 0.4186834454536438 0.08686199188232421 0.10495030879974365
