2 0.10326446294784546 0.4091134548187256 0.2065289258956909 0.21430883407592774
2 0.0804784893989563 0.2403728723526001 0.1571582555770874 0.20471878051757814
2 0.12725272178649902 0.5466736316680908 0.18902788162231446 0.14502954483032227
2 0.14783457517623902 0.6660181999206543 0.190483021736145 0.1510523796081543
1 0.20547928810119628 0.7661105632781983 0.18577938079833983 0.11919317245483399
0 0.6957002639770508 0.8269045114517212 0.15409908294677735 0.09268755912780761
1 0.8077362298965454 0.7404991149902344 0.16917986869812013 0.14209556579589844
2 0.8573014259338378 0.6090789794921875 0.18929996490478515 0.20019588470458985
2 0.8952207088470459 0.45285968780517577 0.2095585823059082 0.23555049896240235
2 0.9427860260009766 0.2554588556289673 0.11442794799804687 0.23208460807800294
