2 0.16637974977493286 0.4152689456939697 0.07445757389068604 0.12791996002197265
2 0.18661491870880126 0.5601604461669922 0.07116007804870605 0.12964286804199218
1 0.2327169358730316 0.409635055065155 0.10831128358840943 0.1620105981826782
2 0.2323544979095459 0.5500343799591064 0.0800248622894287 0.1389216423034668
1 0.2879373550415039 0.5638360977172852 0.091943359375 0.173162841796875
0 0.32567200660705564 0.43694828748703 0.12388229370117188 0.1629648447036743
0 0.35548341274261475 0.5770691871643067 0.10908980369567871 0.15157241821289064
0 0.4567694544792175 0.4369358539581299 0.1873178720474243 0.23156862258911132
0 0.4485007166862488 0.5962852478027344 0.11820604801177978 0.15728397369384767
0 0.5445911407470703 0.5992518424987793 0.11400909423828125 0.14877986907958984
0 0.6088959217071533 0.4584036827087402 0.17258977890014648 0.20130090713500975
0 0.6296208381652832 0.6018332958221435 0.11432170867919922 0.13623933792114257
0 0.7116399765014648 0.59789137840271 0.1151620864868164 0.15726995468139648
0 0.7211168766021728 0.4610133647918701 0.11626520156860351 0.16199026107788086
1 0.7682060241699219 0.5882565021514893 0.059732818603515626 0.13413925170898439
2 0.7927861690521241 0.5708395957946777 0.07059545516967773 0.11974639892578125
1 0.8307641983032227 0.39071264266967776 0.14324359893798827 0.16902055740356445
2 0.8128552436828613 0.4680612564086914 0.08717899322509766 0.07571029663085938
