2 0.14665882289409637 0.7195865154266358 0.1810629427433014 0.10451602935791016
2 0.15574467182159424 0.6323087692260743 0.17380380630493164 0.1382579803466797
2 0.1897178053855896 0.5295545101165772 0.1850813150405884 0.10700311660766601
1 0.21563425660133362 0.44466352462768555 0.12557772397994996 0.11986970901489258
0 0.2833724498748779 0.3630471706390381 0.15253181457519532 0.1205418586730957
0 0.4017735481262207 0.31787447929382323 0.17970399856567382 0.12264518737792969
0 0.5716976165771485 0.31867341995239257 0.18235034942626954 0.10219964981079102
0 0.7216216087341308 0.34539074897766114 0.13925762176513673 0.10862641334533692
1 0.7839468955993653 0.43348379135131837 0.12072620391845704 0.10777740478515625
2 0.8179274559020996 0.5090824127197265 0.1493194580078125 0.08154439926147461
2 0.8550501108169556 0.6035504341125488 0.1604560375213623 0.1388029098510742
2 0.8722137451171875 0.7081065654754639 0.12271690368652344 0.10775537490844726
