2 0.1226847916841507 0.3293784141540527 0.19457687735557555 0.19418067932128907
2 0.17400286197662354 0.47552517652511594 0.18173441886901856 0.15293657779693604
2 0.2845241785049438 0.5842038154602051 0.16460347175598145 0.10184307098388672
1 0.2945809602737427 0.681795883178711 0.1407917022705078 0.14492359161376953
0 0.4120835304260254 0.6757658958435059 0.14833974838256836 0.12071094512939454
0 0.4714909553527832 0.751033353805542 0.14752531051635742 0.10198774337768554
0 0.5997402667999268 0.7289943695068359 0.15082025527954102 0.12658004760742186
0 0.6793630599975586 0.6528977394104004 0.15381259918212892 0.13306140899658203
1 0.7822483539581299 0.6116190910339355 0.10498533248901368 0.12253084182739257
2 0.8304718255996704 0.49405879974365235 0.15134577751159667 0.15129737854003905
2 0.8589016914367675 0.37683281898498533 0.14669151306152345 0.12210798263549805
