2 0.16422587633132935 0.6389847755432129 0.17980825901031494 0.1115041732788086
2 0.17328240871429443 0.5515131950378418 0.16465935707092286 0.1240682601928711
1 0.19073102474212647 0.4653945446014404 0.14098830223083497 0.1440138816833496
0 0.24522669315338136 0.38044514656066897 0.12369532585144043 0.12409505844116211
0 0.385948634147644 0.3260956287384033 0.19974198341369628 0.13544893264770508
0 0.5901350498199462 0.31861352920532227 0.19765901565551758 0.12558927536010742
0 0.7431482315063477 0.3565204381942749 0.132330322265625 0.14038825035095215
1 0.8129510641098022 0.4420101284980774 0.1414337635040283 0.1545793294906616
2 0.8547477722167969 0.6200993061065674 0.16543407440185548 0.10028257369995117
2 0.8449169158935547 0.540512228012085 0.13919811248779296 0.10274934768676758
2 0.8600423574447632 0.6651483535766601 0.15090413093566896 0.0840418815612793
