2 0.0954767644405365 0.24620160460472107 0.1861674427986145 0.16117221117019653
2 0.10709955394268036 0.40029044151306153 0.19719567894935608 0.1952296257019043
2 0.14996102154254914 0.5518867492675781 0.16804422736167907 0.1868795394897461
1 0.1889061450958252 0.6750754356384278 0.12789640426635743 0.14802284240722657
0 0.28307619094848635 0.7212653160095215 0.14728035926818847 0.13739681243896484
0 0.37566375732421875 0.7639406681060791 0.1309286117553711 0.11960039138793946
0 0.498427677154541 0.7601310253143311 0.13679933547973633 0.13703317642211915
0 0.6005393028259277 0.7390138626098632 0.13759841918945312 0.13046684265136718
1 0.7069556236267089 0.7206378936767578 0.13494701385498048 0.14207706451416016
2 0.7597465991973877 0.6066039085388184 0.17095937728881835 0.1986288070678711
2 0.8208373069763184 0.46112656593322754 0.21480140686035157 0.2105881690979004
2 0.8655031442642211 0.26299729347229006 0.2196742534637451 0.26055192947387695
