2 0.13495719730854033 0.6254223823547364 0.18259486556053162 0.09411964416503907
2 0.16318676769733428 0.5751975059509278 0.18306006789207457 0.10238304138183593
2 0.17310034930706025 0.5146840572357178 0.15130439400672913 0.12599544525146483
1 0.21762614250183104 0.42574979066848756 0.1498438835144043 0.15178983211517333
0 0.3521848440170288 0.39761078357696533 0.1708977222442627 0.10569977760314941
0 0.514834213256836 0.3825340747833252 0.0907674789428711 0.08627023696899414
1 0.7430942058563232 0.41375093460083007 0.13255224227905274 0.12480525970458985
2 0.8932851552963257 0.5239955902099609 0.20267071723937988 0.14875469207763672
2 0.8774007558822632 0.5059830665588378 0.17062153816223144 0.11258411407470703
2 0.9015375137329101 0.5478415012359619 0.19581031799316406 0.10248441696166992
