1 0.16666002273559571 0.407075309753418 0.10137696266174316 0.14406661987304686
2 0.15668306350708008 0.5037895679473877 0.05196037292480469 0.08157262802124024
2 0.19019780158996583 0.4963937759399414 0.06707711219787597 0.0969635009765625
0 0.252651572227478 0.43353394269943235 0.11642436981201172 0.14469339847564697
1 0.23997488021850585 0.5297218322753906 0.08286185264587402 0.11506834030151367
0 0.3109589576721191 0.5388590335845947 0.09639472961425781 0.12142248153686523
0 0.37467708587646487 0.43338853120803833 0.17032546997070314 0.15463693141937257
0 0.3954290866851807 0.5450512886047363 0.10901250839233398 0.12247419357299805
0 0.4887539863586426 0.5444585800170898 0.10980205535888672 0.13043785095214844
0 0.5190791606903076 0.43708029985427854 0.16381235122680665 0.15329415798187257
0 0.5849263668060303 0.5512365341186524 0.1124079704284668 0.12773799896240234
0 0.640414810180664 0.4502703189849854 0.1366342544555664 0.14263086318969725
0 0.6736002922058105 0.5429582118988037 0.10302152633666992 0.1315312385559082
1 0.7554583072662353 0.4264504432678223 0.12631101608276368 0.15327014923095703
1 0.7411570072174072 0.509306812286377 0.09284954071044922 0.10965700149536133
2 0.8130649566650391 0.4386367678642273 0.0755319595336914 0.11429216861724853
