2 0.12546641528606414 0.7158449172973633 0.17044387459754945 0.0957672119140625
2 0.1418513536453247 0.6128062248229981 0.19048995971679689 0.1854694366455078
2 0.13121840953826905 0.7586735248565674 0.1429126739501953 0.06503667831420898
2 0.18407900333404542 0.5098094940185547 0.13813428878784179 0.1307697296142578
1 0.2124394953250885 0.39201340675354 0.10969523191452027 0.13004884719848633
0 0.3924229383468628 0.2977729082107544 0.19032626152038573 0.17049994468688964
0 0.5752885341644287 0.3011936664581299 0.19230375289916993 0.17564516067504882
0 0.7126236915588379 0.2980314016342163 0.12872066497802734 0.16306114196777344
1 0.8004226684570312 0.40227373838424685 0.12112369537353515 0.13344347476959229
2 0.8235889434814453 0.5191954612731934 0.13643741607666016 0.12030391693115235
2 0.848421287536621 0.6441808700561523 0.17123126983642578 0.1857889175415039
2 0.8627268075942993 0.7572121143341064 0.15030055046081542 0.12202672958374024
