2 0.10000354945659637 0.2631348133087158 0.17049465775489808 0.11191682815551758
2 0.12574156522750854 0.38560121059417723 0.2100137948989868 0.20592923164367677
2 0.17817898988723754 0.5298441886901856 0.16406071186065674 0.12893962860107422
1 0.2266897201538086 0.6414838790893554 0.13959579467773436 0.13645858764648439
0 0.3131323099136353 0.6832875728607177 0.13102612495422364 0.14292783737182618
0 0.4262208104133606 0.7041099548339844 0.1302558660507202 0.13263063430786132
0 0.5524628639221192 0.6969418048858642 0.13734798431396483 0.12900428771972655
0 0.6767133712768555 0.6603339672088623 0.14612789154052735 0.14032068252563476
2 0.7871382236480713 0.560816764831543 0.17881441116333008 0.15666751861572265
2 0.8669322013854981 0.4354238510131836 0.19984283447265624 0.14163150787353515
2 0.8917236328125 0.28391080498695376 0.16539688110351564 0.20461300611495972
