2 0.15252090692520143 0.546508502960205 0.10287597179412841 0.13530616760253905
1 0.18034528493881224 0.4575494766235352 0.08824808597564697 0.08134193420410156
1 0.23152477741241456 0.5643330097198487 0.10834593772888183 0.14542627334594727
0 0.2690023899078369 0.4769759654998779 0.1124429702758789 0.13352746963500978
0 0.3266723155975342 0.5817398071289063 0.11115665435791015 0.08917160034179687
0 0.40236960649490355 0.49996094703674315 0.19787251949310303 0.14405717849731445
0 0.4322774887084961 0.5862820625305176 0.1201944351196289 0.0775665283203125
0 0.5316894054412842 0.5798995018005371 0.1033707618713379 0.0739603042602539
0 0.5813357353210449 0.49906163215637206 0.19925708770751954 0.1402301788330078
0 0.6287434577941895 0.5660394668579102 0.11425933837890626 0.07938518524169921
0 0.7206639289855957 0.4778392791748047 0.12126655578613281 0.12831707000732423
1 0.7466554164886474 0.556828784942627 0.07911262512207032 0.08593540191650391
1 0.8095415353775024 0.5352227210998535 0.11008830070495605 0.08988361358642578
