2 0.12520940005779266 0.6078139305114746 0.09096904397010804 0.07489490509033203
2 0.17081722021102905 0.5449425220489502 0.13362491130828857 0.09753217697143554
2 0.21559590697288514 0.46751914024353025 0.14142848253250123 0.10730695724487305
1 0.2611582279205322 0.36170358657836915 0.13749351501464843 0.14607887268066405
0 0.38847272396087645 0.3361255645751953 0.10620350837707519 0.11452741622924804
0 0.5366217613220214 0.3128499984741211 0.19755420684814454 0.16815805435180664
0 0.726987886428833 0.36077127456665037 0.18495378494262696 0.16477813720703124
2 0.8242871999740601 0.6749327659606934 0.14746594429016113 0.10735645294189453
2 0.8260320663452149 0.7414973735809326 0.12309131622314454 0.08011198043823242
2 0.8120001077651977 0.6029239654541015 0.07621150016784668 0.08949489593505859
