2 0.17673607170581818 0.6905161380767822 0.15564927458763123 0.08677053451538086
2 0.18787596225738526 0.6464163780212402 0.14203400611877443 0.09379310607910156
2 0.21244895458221436 0.5734870910644532 0.13587656021118164 0.10550174713134766
1 0.248982834815979 0.4852765083312988 0.10701227188110352 0.0948629379272461
0 0.33484635353088377 0.42676868438720705 0.11655769348144532 0.09927282333374024
0 0.49205942153930665 0.3740354537963867 0.18437395095825196 0.11439647674560546
0 0.664525318145752 0.36203386783599856 0.17281875610351563 0.11017212867736817
0 0.7835917949676514 0.4138028144836426 0.08069353103637696 0.08574476242065429
2 0.8284381628036499 0.6495099067687988 0.14466938972473145 0.0944681167602539
2 0.8374907493591308 0.6075116634368897 0.1316915512084961 0.09449682235717774
2 0.8325936317443847 0.5497954368591309 0.10612277984619141 0.09077281951904297
1 0.8243591070175171 0.48397340774536135 0.08592076301574707 0.07680082321166992
