2 0.14877437353134154 0.4722777843475342 0.0974048376083374 0.09649944305419922
2 0.17514878511428833 0.4768245697021484 0.1487963914871216 0.1058187484741211
2 0.15823348760604858 0.39923701286315916 0.09006197452545166 0.08677997589111328
2 0.1988418698310852 0.4756829261779785 0.11008784770965577 0.10459671020507813
1 0.24097084403038024 0.40697898864746096 0.12703124284744263 0.11799898147583007
1 0.27646968364715574 0.49247374534606936 0.13260278701782227 0.1437047004699707
0 0.34140467643737793 0.41720070838928225 0.11507148742675781 0.10022878646850586
0 0.37590341567993163 0.5170772552490235 0.11882476806640625 0.1284475326538086
0 0.44734668731689453 0.4306795120239258 0.1099888801574707 0.08991060256958008
0 0.46178903579711916 0.5354158401489257 0.10897541046142578 0.12311248779296875
0 0.5481853485107422 0.5454181671142578 0.1065892219543457 0.12369403839111329
0 0.5677699089050293 0.45572338104248045 0.11311416625976563 0.12620439529418945
0 0.6334501266479492 0.5538653373718262 0.10070724487304687 0.1291027069091797
0 0.6589387893676758 0.445963716506958 0.10480289459228516 0.09426746368408204
1 0.7047904014587403 0.547431468963623 0.09754810333251954 0.13043317794799805
1 0.760231876373291 0.4652061462402344 0.11812248229980468 0.10867767333984375
2 0.7655399322509766 0.5393675327301025 0.09289684295654296 0.09792280197143555
2 0.8396245002746582 0.5565577030181885 0.10354270935058593 0.06327829360961915
2 0.8306294441223144 0.4819193840026855 0.07761344909667969 0.07759284973144531
