1 0.20089536309242248 0.4535207748413086 0.11041096448898316 0.13290853500366212
2 0.19988718032836914 0.5432868957519531 0.09023847579956054 0.08666629791259765
0 0.2549193620681763 0.4260698318481445 0.1457770824432373 0.13223323822021485
1 0.2599018096923828 0.5247755527496338 0.09282608032226562 0.1262913703918457
0 0.32445220947265624 0.5627453804016114 0.13919506072998047 0.1219675064086914
0 0.391475772857666 0.45328043699264525 0.1926426887512207 0.20439741611480713
0 0.42812838554382326 0.5670417308807373 0.0956350326538086 0.09200201034545899
0 0.5236952304840088 0.5824131488800048 0.1299159049987793 0.13174476623535156
0 0.5567368507385254 0.45518155097961427 0.18220806121826172 0.18664216995239258
0 0.6161216735839844 0.5577282428741455 0.09538335800170898 0.11315603256225586
0 0.7012758255004883 0.4431312561035156 0.15301856994628907 0.14621829986572266
1 0.7025883674621582 0.5561678886413575 0.11150569915771484 0.13212852478027343
1 0.7803133010864258 0.489637565612793 0.1146688461303711 0.11689472198486328
2 0.7840781211853027 0.5358757019042969 0.0902090072631836 0.07629413604736328
2 0.8648351669311524 0.45823235511779786 0.09346122741699218 0.09532728195190429
