2 0.1917874336242676 0.674124002456665 0.16132569313049316 0.10157060623168945
2 0.19842220544815065 0.5697120189666748 0.1641242265701294 0.10935163497924805
2 0.22989766597747802 0.47279815673828124 0.14053864479064943 0.1371837615966797
1 0.27055695056915285 0.37530720233917236 0.11049413681030273 0.10184111595153808
0 0.3392519474029541 0.3121448040008545 0.10557117462158203 0.10627532005310059
0 0.44936041831970214 0.2935503959655762 0.1565023422241211 0.10025167465209961
0 0.6090394496917725 0.302504825592041 0.15904836654663085 0.1236027717590332
0 0.7111608028411865 0.34373459815979 0.10149726867675782 0.11652030944824218
1 0.7674859046936036 0.4257606029510498 0.10553035736083985 0.12700948715209961
2 0.8007838249206543 0.5218618392944336 0.13903579711914063 0.13325748443603516
2 0.8242739677429199 0.6276644229888916 0.15695629119873047 0.11999654769897461
2 0.8312623023986816 0.709141731262207 0.15925464630126954 0.09498271942138672
