1 0.09895706772804261 0.38843986988067625 0.13177164793014526 0.1942049503326416
2 0.11982755959033967 0.5002459526062012 0.060672181844711306 0.09025516510009765
2 0.14880658388137818 0.5254830360412598 0.07996103763580323 0.13377742767333983
0 0.21864446997642517 0.4126968264579773 0.16998006105422975 0.20666029453277587
1 0.21764593124389647 0.5590178489685058 0.09992713928222656 0.16521854400634767
0 0.29817588329315187 0.5683403968811035 0.10703229904174805 0.167120361328125
0 0.3807476282119751 0.43885250091552735 0.2126899242401123 0.21730241775512696
0 0.40002108812332154 0.5919431686401367 0.14263589382171632 0.1634584426879883
0 0.5257583618164062 0.5989249229431153 0.1375762939453125 0.1775456428527832
0 0.5666675567626953 0.4243463039398193 0.21147594451904297 0.23239355087280272
0 0.6536865234375 0.5736693382263184 0.14258289337158203 0.18098163604736328
0 0.7249170780181885 0.40478692054748533 0.15682172775268555 0.20006704330444336
1 0.7656668663024903 0.5509321689605713 0.12277851104736329 0.1813889503479004
2 0.8308442831039429 0.49921159744262694 0.12992596626281738 0.14138927459716796
1 0.8369690895080566 0.39054772853851316 0.10762519836425781 0.13523764610290528
2 0.8809685707092285 0.46698760986328125 0.07626399993896485 0.11314516067504883
2 0.9036527633666992 0.3831339836120605 0.07289314270019531 0.08548440933227539
2 0.9203598976135254 0.44632272720336913 0.08908271789550781 0.09956989288330079
