2 0.1318874478340149 0.6659649848937989 0.16515767574310303 0.11662349700927735
2 0.13291877508163452 0.6397310256958008 0.1649552583694458 0.09361886978149414
2 0.1605827569961548 0.5485337257385254 0.1822908878326416 0.1449207305908203
2 0.1355550318956375 0.7247847080230713 0.13053831458091736 0.06133537292480469
2 0.2038008451461792 0.4494184613227844 0.18209681510925294 0.13665006160736085
0 0.29606993198394777 0.26617605686187745 0.1047734260559082 0.12086071968078613
0 0.4169746398925781 0.2320268154144287 0.17878036499023436 0.11242113113403321
0 0.5983490943908691 0.22680065631866456 0.19357795715332032 0.10531830787658691
0 0.7348146915435791 0.26820290088653564 0.13082799911499024 0.1127702236175537
2 0.861085319519043 0.44893962144851685 0.16094627380371093 0.15691907405853273
2 0.9129343032836914 0.5471535682678222 0.17243461608886718 0.1258411407470703
2 0.9153228759765625 0.6166652202606201 0.1690765380859375 0.07453908920288085
2 0.9335630416870118 0.695231819152832 0.13276252746582032 0.12405872344970703
