2 0.11524477005004882 0.6699615955352783 0.12832918167114257 0.14918870925903321
2 0.1654084712266922 0.5608487129211426 0.1858144223690033 0.12577552795410157
1 0.1785737007856369 0.45661287307739257 0.15988088250160218 0.14542055130004883
0 0.2806234359741211 0.4183552622795105 0.15409612655639648 0.1528475046157837
0 0.43529404401779176 0.38318190574645994 0.20813848972320556 0.20217275619506836
0 0.6149103164672851 0.40663971900939944 0.19424114227294922 0.19748458862304688
0 0.7490015029907227 0.4308101773262024 0.13255252838134765 0.1725248098373413
2 0.8113765478134155 0.514180850982666 0.19237103462219238 0.14965324401855468
2 0.8256955146789551 0.6049106597900391 0.18154525756835938 0.10147609710693359
2 0.848232626914978 0.6712125778198242 0.15489621162414552 0.0991485595703125
1 0.8496993064880372 0.39202313423156737 0.14947929382324218 0.1221623420715332
