1 0.017996436357498168 0.4137535572052002 0.03593153953552246 0.12755365371704103
2 0.0988446056842804 0.42795599699020387 0.16434553861618043 0.14143831729888917
0 0.20671520829200746 0.3914347648620605 0.1647551417350769 0.12363414764404297
1 0.26534175872802734 0.5293910026550293 0.17715764045715332 0.22156620025634766
0 0.3882040023803711 0.39104437828063965 0.2557716369628906 0.22574930191040038
0 0.37356271743774416 0.5436352729797364 0.09922103881835938 0.1635967254638672
0 0.4911789417266846 0.5836373805999756 0.20333433151245117 0.2648442268371582
0 0.6185404777526855 0.38674824237823485 0.2782452583312988 0.22985177040100097
0 0.6546777725219727 0.5656146049499512 0.19525537490844727 0.22550411224365235
0 0.7749914169311524 0.4903604030609131 0.12249832153320313 0.16059598922729493
0 0.8427245140075683 0.3867340087890625 0.22953128814697266 0.14177980422973632
1 0.890932273864746 0.5087498188018799 0.1564563751220703 0.16996278762817382
