2 0.15998344421386718 0.4524947166442871 0.06748785972595214 0.08461494445800781
2 0.21073251366615295 0.5343976020812988 0.08874357938766479 0.09437732696533203
1 0.21540188789367676 0.4589808464050293 0.08718357086181641 0.10298233032226563
1 0.2648929595947266 0.5543770790100098 0.09338183403015136 0.12710857391357422
0 0.2873854160308838 0.447331702709198 0.10771398544311524 0.11878645420074463
0 0.34988675117492674 0.5600643634796143 0.10948610305786133 0.13473196029663087
0 0.4003935933113098 0.4426446437835693 0.17905824184417723 0.1771219253540039
0 0.4411369800567627 0.5789649009704589 0.12360553741455078 0.1441436767578125
0 0.5749735832214355 0.43854489326477053 0.1825927734375 0.17124395370483397
0 0.5479116439819336 0.5741876125335693 0.12507972717285157 0.14266223907470704
0 0.6374742984771729 0.5524640083312988 0.10175971984863282 0.13349075317382814
0 0.6869968891143798 0.4433394432067871 0.11335697174072265 0.12809677124023439
1 0.7182331085205078 0.5611063003540039 0.1037571907043457 0.12942085266113282
1 0.7589344024658203 0.4512019991874695 0.09092178344726562 0.10911695957183838
2 0.7632578372955322 0.5345722198486328 0.09838018417358399 0.08965063095092773
2 0.8151974678039551 0.505866003036499 0.09419841766357422 0.06990909576416016
2 0.8187919616699219 0.5203807830810547 0.09943218231201172 0.09750347137451172
2 0.8181402444839477 0.4476596832275391 0.07602496147155761 0.08486213684082031
