2 0.16964652836322786 0.34241633415222167 0.1823176324367523 0.11258378028869628
2 0.20455739498138428 0.42723037004470826 0.15700559616088866 0.11088006496429444
2 0.24397990703582764 0.5006659507751465 0.14565544128417968 0.10147762298583984
1 0.2977749824523926 0.5619833946228028 0.13112802505493165 0.09605751037597657
0 0.38239586353302 0.6080663204193115 0.12450051307678223 0.0820612907409668
0 0.48467555046081545 0.6202239990234375 0.11271734237670898 0.08013153076171875
0 0.5882392406463623 0.6199301719665528 0.11220674514770508 0.08247013092041015
0 0.686978530883789 0.61099853515625 0.10443706512451172 0.07039947509765625
1 0.7487135410308838 0.5770965099334717 0.10485506057739258 0.10146331787109375
2 0.7800373077392578 0.5216401576995849 0.13645343780517577 0.09891729354858399
2 0.8086189270019531 0.44559588432312014 0.14156227111816405 0.11455669403076171
2 0.8254854202270507 0.37755188941955564 0.1582061767578125 0.11378717422485352
