2 0.1735857367515564 0.4425045013427734 0.0641465425491333 0.05575294494628906
1 0.22239625453948975 0.450128173828125 0.10089497566223145 0.10776100158691407
2 0.235498309135437 0.5220645427703857 0.08605146408081055 0.08580026626586915
0 0.31446356773376466 0.45121164321899415 0.12848262786865233 0.12045125961303711
1 0.31307177543640136 0.5371583461761474 0.12231626510620117 0.10983076095581054
0 0.39563679695129395 0.567255687713623 0.11668901443481446 0.10219602584838867
0 0.45663251876831057 0.42537909746170044 0.19507265090942383 0.1759448766708374
0 0.4965261459350586 0.5498049259185791 0.12750835418701173 0.14289073944091796
0 0.6060813903808594 0.5456226348876954 0.12509632110595703 0.13618793487548828
0 0.6383762359619141 0.42356390953063966 0.18756866455078125 0.13529462814331056
0 0.688575267791748 0.5604704856872559 0.07766742706298828 0.07032203674316406
1 0.7355865478515625 0.5132585048675538 0.1310943603515625 0.09304008483886719
0 0.755845022201538 0.43718676567077636 0.10930757522583008 0.1184906005859375
2 0.7978678226470948 0.4933143138885498 0.08336553573608399 0.0690384864807129
1 0.8245595932006836 0.4253543376922607 0.08524360656738281 0.10627479553222656
