2 0.1259503483772278 0.594333553314209 0.20880181789398194 0.113983154296875
2 0.1235578030347824 0.6551365852355957 0.19811554551124572 0.09120025634765624
2 0.13590990304946898 0.5280488014221192 0.20740277767181398 0.14043712615966797
2 0.12895443737506868 0.7128637313842774 0.1851254403591156 0.09223308563232421
2 0.1543232321739197 0.441456937789917 0.22251837253570556 0.15735626220703125
1 0.17917945683002473 0.37093923091888426 0.1800041139125824 0.17419514656066895
0 0.2693405389785767 0.3166332721710205 0.17310657501220703 0.1751619338989258
0 0.4600165367126465 0.3123259782791138 0.21609296798706054 0.1655733108520508
0 0.6675003051757813 0.33286423683166505 0.20986576080322267 0.16871147155761718
0 0.8146411895751953 0.38231353759765624 0.09928207397460938 0.10218276977539062
2 0.8712960958480835 0.7289343357086182 0.19549832344055176 0.06274032592773438
2 0.8672648429870605 0.5221700668334961 0.17102298736572266 0.11558361053466797
2 0.8870773315429688 0.6674581527709961 0.18432998657226562 0.1174692153930664
2 0.8863283157348633 0.5961674690246582 0.17333335876464845 0.10178203582763672
