2 0.16282422542572023 0.4482580661773682 0.07093925476074218 0.08610506057739258
2 0.21131958961486816 0.5348819732666016 0.0912996768951416 0.09572067260742187
1 0.2215956926345825 0.45724925994873045 0.09113402366638183 0.10626888275146484
1 0.2656508445739746 0.5561022281646728 0.09577312469482421 0.12823762893676757
0 0.2931038856506348 0.44762498140335083 0.10862903594970703 0.12146508693695068
0 0.3563170671463013 0.5665958404541016 0.11435494422912598 0.1392040252685547
0 0.41164984703063967 0.4478641986846924 0.18263158798217774 0.18181905746459961
0 0.44572449922561647 0.591271448135376 0.12835328578948973 0.14638891220092773
0 0.5535017967224121 0.58840913772583 0.12672290802001954 0.14878292083740235
0 0.5870513916015625 0.4515893816947937 0.18644027709960936 0.17841856479644774
0 0.6446756362915039 0.5726903438568115 0.1041041374206543 0.1395326614379883
0 0.7002235412597656 0.46331028938293456 0.11522636413574219 0.12964468002319335
1 0.7254215240478515 0.5855903625488281 0.10758247375488281 0.13486433029174805
2 0.7680131435394287 0.5595069885253906 0.1126173973083496 0.09865856170654297
1 0.7743643760681153 0.4749279975891113 0.09645271301269531 0.11112403869628906
2 0.8251200675964355 0.5281023025512696 0.09546623229980469 0.0723876953125
2 0.8274044036865235 0.5426773071289063 0.09771003723144531 0.09770545959472657
2 0.8328183889389038 0.47231616973876955 0.07452435493469238 0.08978424072265626
2 0.8633750915527344 0.4716865062713623 0.05785026550292969 0.07163915634155274
