2 0.07835131883621216 0.37782773971557615 0.1406604528427124 0.12779054641723633
2 0.11471827030181884 0.45166835784912107 0.11020550727844239 0.11073551177978516
1 0.24103314876556398 0.5804643154144287 0.1338428497314453 0.16891031265258788
0 0.3275033712387085 0.622403335571289 0.12982234954833985 0.15263118743896484
0 0.434963321685791 0.6222976207733154 0.1151972770690918 0.16017789840698243
0 0.5418616771697998 0.629600191116333 0.12340259552001953 0.17117652893066407
0 0.6447014331817627 0.6193069458007813 0.13172492980957032 0.15021018981933593
1 0.7343785762786865 0.5745174407958984 0.13904104232788086 0.16734838485717773
2 0.8136133193969727 0.5375664234161377 0.11779098510742188 0.1292755126953125
2 0.8486030578613282 0.4444455623626709 0.17110767364501953 0.12110729217529297
