2 0.24613652229309083 0.3105319976806641 0.19388256072998047 0.17330503463745117
2 0.24687376022338867 0.43717203140258787 0.1729520320892334 0.15494928359985352
2 0.2434687554836273 0.5546311855316162 0.14917079210281373 0.13491554260253907
1 0.25697076320648193 0.6478141784667969 0.14576215744018556 0.08149204254150391
0 0.2882174253463745 0.6831468105316162 0.12396459579467774 0.07154922485351563
0 0.37922627925872804 0.7244955062866211 0.11564145088195801 0.07527027130126954
0 0.4769600868225098 0.7360814094543457 0.10488147735595703 0.06622638702392578
0 0.5873952865600586 0.7330268859863281 0.12882423400878906 0.07147598266601562
1 0.68447904586792 0.7108231544494629 0.10438270568847656 0.07997722625732422
2 0.7698916435241699 0.6509796142578125 0.16882743835449218 0.16430263519287108
2 0.8477277994155884 0.5341208457946778 0.19217028617858886 0.18391542434692382
2 0.9133456707000732 0.3884402275085449 0.1733086585998535 0.2009373664855957
