2 0.17071206569671632 0.6348526000976562 0.16475038528442382 0.12233104705810546
2 0.1812302827835083 0.539663028717041 0.1563746452331543 0.14090709686279296
2 0.19269037246704102 0.7238169193267823 0.17644624710083007 0.10924310684204101
1 0.20730943679809571 0.46345882415771483 0.11864447593688965 0.12415609359741211
0 0.2803031444549561 0.3990335941314697 0.10629196166992187 0.11209831237792969
0 0.39317612648010253 0.33080487251281737 0.175042724609375 0.13302021026611327
0 0.5609709739685058 0.31988253593444826 0.1759105682373047 0.13023204803466798
0 0.6922357559204102 0.38320627212524416 0.15244560241699218 0.10429944992065429
1 0.7948033332824707 0.46653051376342775 0.12357349395751953 0.1241790771484375
2 0.8319293975830078 0.5473847389221191 0.16357975006103515 0.14723129272460939
2 0.8466134071350098 0.7277929306030273 0.17506179809570313 0.10426197052001954
2 0.8585034370422363 0.6395477294921875 0.18081417083740234 0.12976474761962892
