2 0.14289216995239257 0.4152218341827393 0.06676278114318848 0.0974273681640625
2 0.16195814609527587 0.47843122482299805 0.07894058227539062 0.06453924179077149
2 0.18788177967071534 0.415187406539917 0.0843165397644043 0.12480506896972657
2 0.22002713680267333 0.4734947204589844 0.08987641334533691 0.0635589599609375
1 0.2587109565734863 0.3963541746139526 0.1274312973022461 0.13683648109436036
1 0.29291329383850095 0.4666481018066406 0.12533702850341796 0.13483924865722657
0 0.43344401121139525 0.39607839584350585 0.19912798404693605 0.15640649795532227
0 0.4769245147705078 0.5269039154052735 0.13463859558105468 0.1343109130859375
0 0.5837527275085449 0.546687126159668 0.12848663330078125 0.14006977081298827
0 0.6222169876098633 0.4395728588104248 0.19311752319335937 0.15189628601074218
1 0.7273420333862305 0.5728076934814453 0.10672464370727539 0.13875274658203124
0 0.7862104892730712 0.5227236270904541 0.09611902236938477 0.11464662551879883
2 0.7950932502746582 0.5998996734619141 0.06752338409423828 0.08710746765136719
2 0.8361377716064453 0.6129472732543946 0.05745620727539062 0.07135276794433594
