1 0.08850239515304566 0.360291862487793 0.1039301872253418 0.11707839965820313
2 0.13915631473064421 0.4745680332183838 0.1382080614566803 0.1468263626098633
0 0.19013787508010865 0.37188358306884767 0.1577446699142456 0.16629552841186523
1 0.21616120338439943 0.5054715633392334 0.17524824142456055 0.17196178436279297
0 0.36750872135162355 0.372639536857605 0.25254263877868655 0.18597474098205566
0 0.41524696350097656 0.5128817558288574 0.1688699722290039 0.17824172973632812
0 0.5901138305664062 0.3748141288757324 0.24176082611083985 0.17069129943847655
0 0.5560099601745605 0.5055365085601806 0.1678558349609375 0.17020072937011718
0 0.6885769844055176 0.4963812828063965 0.14021739959716797 0.11794872283935547
0 0.7545925140380859 0.41178879737854 0.14309635162353515 0.13616447448730468
1 0.7938558101654053 0.4946582794189453 0.12095212936401367 0.13537235260009767
1 0.8564822196960449 0.40788884162902833 0.11237735748291015 0.10187721252441406
2 0.8804744720458985 0.45117597579956054 0.08751335144042968 0.0862823486328125
