2 0.08168264031410218 0.44397220611572263 0.09331563711166382 0.09770584106445312
2 0.11655724048614502 0.5075718879699707 0.10265135765075684 0.08222312927246093
1 0.16934359073638916 0.48244562149047854 0.11912312507629394 0.11618385314941407
1 0.2104163408279419 0.5520376205444336 0.09470295906066895 0.07027339935302734
0 0.2797469675540924 0.4698029637336731 0.16102246046066285 0.1709056615829468
0 0.298129940032959 0.5855531692504883 0.11862497329711914 0.11128921508789062
0 0.42966203689575194 0.46068612337112425 0.2061859130859375 0.15882298946380616
0 0.41057645082473754 0.57766695022583 0.1448127508163452 0.1368947982788086
0 0.5258416175842285 0.5720986366271973 0.12776060104370118 0.14039344787597657
0 0.6026497840881347 0.4581170558929443 0.18870410919189454 0.15808887481689454
0 0.6355654239654541 0.5642584323883056 0.1309748649597168 0.12708206176757814
0 0.7376083850860595 0.4529516339302063 0.1326909065246582 0.14656636714935303
1 0.7287303924560546 0.5517199516296387 0.10935688018798828 0.11013832092285156
2 0.8099371194839478 0.5385444641113282 0.09804606437683105 0.11332101821899414
1 0.8518497467041015 0.43119192123413086 0.11546840667724609 0.10887622833251953
