2 0.11098284721374511 0.7066072940826416 0.1908198356628418 0.12607164382934571
2 0.1301196336746216 0.6123640060424804 0.19095563888549805 0.14312057495117186
2 0.15262552499771118 0.5199168682098388 0.17102272510528566 0.09585294723510743
1 0.1625704884529114 0.433517062664032 0.14270427227020263 0.14409945011138917
0 0.2557307481765747 0.3490776777267456 0.15797953605651854 0.1384798526763916
0 0.40061154365539553 0.3100258827209473 0.18662643432617188 0.15823802947998047
0 0.585269546508789 0.3169492959976196 0.1850412368774414 0.15132527351379393
0 0.7444432258605957 0.35929410457611083 0.14442863464355468 0.1306617259979248
1 0.811893081665039 0.45372490882873534 0.1281431198120117 0.13138437271118164
2 0.8575275659561157 0.5430169582366944 0.17834277153015138 0.14326858520507812
2 0.9032125473022461 0.6511028289794922 0.16903839111328126 0.11449089050292968
2 0.9154477119445801 0.727072811126709 0.16910457611083984 0.0938730239868164
