2 0.058947299420833585 0.6950086116790771 0.09682786762714386 0.11830739974975586
2 0.06027951240539551 0.7331356525421142 0.08814380168914795 0.06946783065795899
2 0.07256136536598205 0.7557443618774414 0.10878144502639771 0.12567729949951173
2 0.0750865399837494 0.6235419750213623 0.11081689596176147 0.0737161636352539
1 0.07190615087747573 0.5434288024902344 0.09538991153240203 0.12122268676757812
0 0.1269769549369812 0.4459710597991943 0.08911318778991699 0.10067939758300781
0 0.2693106412887573 0.37337651252746584 0.24878358840942383 0.21711959838867187
0 0.46701849699020387 0.2622653007507324 0.2450542688369751 0.13866286277770995
0 0.648437213897705 0.28162384033203125 0.11855583190917969 0.1176762580871582
0 0.7586400985717774 0.3251015663146973 0.13021202087402345 0.11377811431884766
1 0.8310139656066895 0.40663561820983884 0.11830196380615235 0.09037790298461915
2 0.8533518075942993 0.47909746170043943 0.14886126518249512 0.11359186172485351
