2 0.12052459716796875 0.3791668891906738 0.21209077835083007 0.12768898010253907
2 0.09191620349884033 0.28917698860168456 0.1319201946258545 0.1114767074584961
2 0.12678852081298828 0.4663396835327148 0.19611506462097167 0.1189352035522461
2 0.14884259700775146 0.5560258865356446 0.15021662712097167 0.09256401062011718
1 0.19181908369064332 0.6326156616210937 0.1642221689224243 0.10435256958007813
0 0.2857516765594482 0.6998043060302734 0.1724930763244629 0.11272869110107422
0 0.4093331217765808 0.7322123527526856 0.1034536600112915 0.08385448455810547
1 0.7560696601867676 0.6656008720397949 0.13403186798095704 0.09044771194458008
2 0.8170002222061157 0.5864059448242187 0.15394740104675292 0.10707721710205079
2 0.8637096405029296 0.4062314033508301 0.22043075561523437 0.1459728240966797
2 0.8410797119140625 0.4925368309020996 0.1710132598876953 0.11989459991455079
2 0.8980881690979003 0.313852596282959 0.15892257690429687 0.12527308464050294
