2 0.20662899017333985 0.47304525375366213 0.12492423057556153 0.08374366760253907
2 0.25403294563293455 0.4131403923034668 0.10787153244018555 0.09399995803833008
1 0.28902397155761717 0.33809771537780764 0.1095306396484375 0.08582353591918945
0 0.3842900276184082 0.29025936126708984 0.13867683410644532 0.126153564453125
0 0.5979251861572266 0.3066577672958374 0.19454822540283204 0.13314733505249024
0 0.7739623069763184 0.4213883876800537 0.16366119384765626 0.1474285125732422
2 0.8461713790893555 0.6906728267669677 0.1333150863647461 0.10526075363159179
1 0.8502283096313477 0.4825268745422363 0.10087509155273437 0.07470951080322266
2 0.871784782409668 0.6398813724517822 0.10295143127441406 0.07991294860839844
2 0.8857524871826172 0.5783473014831543 0.098004150390625 0.12464027404785157
