2 0.1127048134803772 0.24286016821861267 0.16823835372924806 0.12870093584060668
2 0.14992748498916625 0.3733997106552124 0.20858972072601317 0.21393990516662598
2 0.2131669044494629 0.5236699104309082 0.16715903282165528 0.1779618263244629
1 0.2818063497543335 0.6329377651214599 0.12561802864074706 0.12429895401000976
0 0.34418203830718996 0.6942567825317383 0.1325212001800537 0.10487842559814453
0 0.49517321586608887 0.1942517042160034 0.23711233139038085 0.09380755424499512
0 0.45965023040771485 0.6883524894714356 0.12737712860107422 0.1355428695678711
0 0.5594417572021484 0.7100324630737305 0.12809314727783203 0.11314849853515625
0 0.6388240337371827 0.6756797790527344 0.13553476333618164 0.12401351928710938
1 0.7362455368041992 0.6582231521606445 0.12892837524414064 0.12084026336669922
2 0.7791533470153809 0.5535654067993164 0.1709047317504883 0.15763988494873046
2 0.8321082115173339 0.40809983015060425 0.20811824798583983 0.21317389011383056
2 0.8699509620666503 0.26326851844787597 0.1941814422607422 0.16960039138793945
