2 0.15224376022815705 0.27975165843963623 0.1921998918056488 0.16655540466308594
2 0.17220219373703002 0.42730103731155394 0.18106987476348876 0.1778795003890991
2 0.211305570602417 0.566166877746582 0.1510298252105713 0.16716938018798827
1 0.24763283729553223 0.6791683197021484 0.11565465927124023 0.13246231079101561
0 0.33307452201843263 0.7182592868804931 0.1342000961303711 0.12618494033813477
0 0.4188229441642761 0.7601151943206788 0.11652758121490478 0.11374406814575196
0 0.5284455299377442 0.7586394309997558 0.12410106658935546 0.12390079498291015
0 0.6212628841400146 0.7348525047302246 0.12876720428466798 0.11765155792236329
1 0.716646957397461 0.7190316200256348 0.11971855163574219 0.12685832977294922
2 0.7637936115264893 0.6164199352264405 0.15641679763793945 0.17878332138061523
2 0.8202817916870118 0.48298910856246946 0.1965566635131836 0.19393370151519776
2 0.863965630531311 0.3030246257781982 0.20563807487487792 0.2404717445373535
