2 0.17389328479766847 0.3965682744979858 0.06307883262634277 0.08057169914245606
2 0.23119482398033142 0.48368310928344727 0.1453291058540344 0.09390630722045898
1 0.23090257048606871 0.4174213886260986 0.08336421251296997 0.07781715393066406
2 0.26224632263183595 0.5026370048522949 0.12032709121704102 0.09093503952026367
1 0.2801043033599854 0.5316748142242431 0.08872251510620117 0.08772058486938476
0 0.29465546607971194 0.39493188858032224 0.08562002182006836 0.1018559455871582
0 0.3613837718963623 0.5270168781280518 0.11497030258178711 0.11857023239135742
0 0.40499229431152345 0.42397518157958985 0.16204357147216797 0.1462862014770508
0 0.4628122329711914 0.5358444213867187 0.11949949264526367 0.13948211669921876
0 0.5586343765258789 0.4188276767730713 0.16953678131103517 0.14337968826293945
0 0.5629889488220214 0.5355949401855469 0.12053728103637695 0.13007011413574218
0 0.6610790252685547 0.5256032943725586 0.11529998779296875 0.1243551254272461
0 0.6792827606201172 0.4114075779914856 0.11497917175292968 0.09642255306243896
1 0.7490158557891846 0.5292487144470215 0.09821844100952148 0.09952144622802735
1 0.7573891162872315 0.4201394557952881 0.09960241317749023 0.07952671051025391
2 0.7891568183898926 0.5008577823638916 0.15011978149414062 0.08650064468383789
2 0.7818883895874024 0.5128406524658203 0.12923049926757812 0.09838218688964843
2 0.800040340423584 0.4705012798309326 0.1541379928588867 0.08568534851074219
2 0.8146171569824219 0.40828852653503417 0.06138877868652344 0.06806859970092774
2 0.8308733940124512 0.47011599540710447 0.0918050765991211 0.08964567184448242
