2 0.08087305426597595 0.610655403137207 0.16162527799606324 0.1121511459350586
2 0.08036284446716309 0.6978290557861329 0.15945663452148437 0.11563282012939453
2 0.09901036024093628 0.5054553031921387 0.1952289581298828 0.15760402679443358
2 0.07060869336128235 0.758419418334961 0.13755797147750853 0.07644805908203126
1 0.13145446479320527 0.38253283500671387 0.10470457673072815 0.09396629333496094
0 0.2503276109695435 0.3274725914001465 0.17289977073669432 0.11723184585571289
0 0.41622214317321776 0.2879514694213867 0.20415754318237306 0.09947376251220703
0 0.596938943862915 0.31705119609832766 0.19831695556640624 0.11501488685607911
0 0.730153751373291 0.3704559087753296 0.17065029144287108 0.11318955421447754
2 0.8188535690307617 0.5323175907135009 0.17690906524658204 0.14194307327270508
2 0.836701226234436 0.708268690109253 0.18486628532409669 0.11122446060180664
2 0.8324445724487305 0.7566641330718994 0.16347274780273438 0.0610600471496582
2 0.841466236114502 0.6273194313049316 0.17213077545166017 0.10741939544677734
1 0.8123743057250976 0.43970427513122556 0.10679035186767578 0.08890438079833984
