2 0.15181455612182618 0.25872302055358887 0.14603948593139648 0.20869827270507812
2 0.20456514358520508 0.4199520230293274 0.18362779617309571 0.18415257930755616
2 0.2700725018978119 0.5412003040313721 0.15482245683670043 0.16349411010742188
1 0.3207895755767822 0.6566028594970703 0.1109797477722168 0.12706069946289061
0 0.402211332321167 0.6375364303588867 0.15281896591186522 0.11610736846923828
0 0.4672846794128418 0.6835210800170899 0.13519105911254883 0.11667098999023437
0 0.5699348449707031 0.6630236148834229 0.11901264190673828 0.1191218376159668
0 0.6757932662963867 0.6413103103637695 0.13201026916503905 0.12309989929199219
1 0.7618990898132324 0.6016922473907471 0.10557727813720703 0.12814970016479493
2 0.8024433374404907 0.481760835647583 0.14228854179382325 0.15726881027221679
2 0.8366156578063965 0.3435621738433838 0.1634584426879883 0.17555618286132812
2 0.8645835876464844 0.22949109077453614 0.12075328826904297 0.08667578697204589
