2 0.13105361461639403 0.45310077667236326 0.048253631591796874 0.05483226776123047
2 0.17010977268218994 0.45151433944702146 0.08652105331420898 0.10114326477050781
2 0.1725088834762573 0.5081461906433106 0.08825383186340333 0.07600460052490235
2 0.2257222890853882 0.5246384620666504 0.08985896110534668 0.09535226821899415
1 0.23103227615356445 0.4576584339141846 0.08488821983337402 0.12350664138793946
1 0.29606101512908933 0.5404730319976807 0.11004843711853027 0.10077867507934571
0 0.3127197265625 0.4552393078804016 0.1253114700317383 0.12947309017181396
0 0.36229026317596436 0.5280713081359864 0.06251702308654786 0.07030696868896484
0 0.4346314549446106 0.4673449516296387 0.16507394313812257 0.14457569122314454
0 0.4371376037597656 0.5443050384521484 0.1112584114074707 0.08520698547363281
0 0.5236035823822022 0.5442110061645508 0.0809854507446289 0.07035417556762695
0 0.5822012901306153 0.4765803337097168 0.16848335266113282 0.13529033660888673
0 0.6143330574035645 0.539615535736084 0.10270137786865234 0.07995929718017578
0 0.6970172882080078 0.5350777626037597 0.09741144180297852 0.10422992706298828
0 0.7132218360900879 0.4622147560119629 0.1256357192993164 0.11965446472167969
1 0.7616597652435303 0.523079776763916 0.08218278884887695 0.06268482208251953
1 0.7781507492065429 0.4583155632019043 0.0645843505859375 0.1147928237915039
2 0.8048640251159668 0.4989112377166748 0.06392459869384766 0.0717935562133789
2 0.8270718574523925 0.4418389320373535 0.0803609848022461 0.08619165420532227
