1 0.13314625024795532 0.4378555417060852 0.11042401790618897 0.14337708950042724
1 0.26776833534240724 0.5230792045593262 0.12475547790527344 0.15192527770996095
0 0.3708045482635498 0.5557907581329345 0.12463111877441406 0.13874893188476561
0 0.4787750244140625 0.5570051193237304 0.1248809814453125 0.16514854431152343
0 0.5585675716400147 0.4345365047454834 0.11950836181640626 0.15814828872680664
0 0.5920355796813965 0.5537310600280761 0.12762365341186524 0.1617971420288086
0 0.7023374557495117 0.5641642570495605 0.1239969253540039 0.12014026641845703
1 0.7934119224548339 0.5399002075195313 0.10898075103759766 0.14327621459960938
1 0.8011281967163086 0.4501322269439697 0.10207977294921874 0.10714759826660156
2 0.8500986099243164 0.507781982421875 0.09795627593994141 0.08017616271972657
2 0.8591611862182618 0.5226115226745606 0.11192283630371094 0.10247783660888672
2 0.870412540435791 0.5562708854675293 0.0918649673461914 0.08068218231201171
2 0.8818473815917969 0.4617634296417236 0.0927947998046875 0.11893110275268555
2 0.9077659606933594 0.513034439086914 0.10038337707519532 0.07750167846679687
