2 0.15222817659378052 0.5680947780609131 0.09649355411529541 0.07779464721679688
1 0.216554594039917 0.5011641502380371 0.13294758796691894 0.11993484497070313
1 0.2901296854019165 0.5452582359313964 0.08709712028503418 0.10618324279785156
0 0.3101631164550781 0.4859926700592041 0.08999061584472656 0.09392366409301758
0 0.38485872745513916 0.5597338199615478 0.12792277336120605 0.09694805145263671
0 0.4338018536567688 0.47093058824539186 0.20001752376556398 0.17110440731048585
0 0.49709739685058596 0.5412203788757324 0.11920032501220704 0.13514556884765624
0 0.6217777252197265 0.4718949317932129 0.20012550354003905 0.21456460952758788
0 0.7079564094543457 0.5173901557922364 0.11328315734863281 0.10782108306884766
0 0.768278980255127 0.42441788911819456 0.13601360321044922 0.09324357509613038
1 0.7838680744171143 0.498900318145752 0.09696760177612304 0.1391423225402832
