2 0.18159255981445313 0.6735943794250489 0.16824836730957032 0.15931196212768556
2 0.20696272253990172 0.5620707511901856 0.07987672090530396 0.08275527954101562
2 0.25997138023376465 0.4995624542236328 0.09132423400878906 0.10442819595336914
1 0.269638729095459 0.420613968372345 0.10965242385864257 0.09736821651458741
0 0.3539091110229492 0.3328384876251221 0.1350839614868164 0.10105476379394532
0 0.4655523419380188 0.27587890625 0.1693725347518921 0.11255626678466797
0 0.6225197792053223 0.30121350288391113 0.16405849456787108 0.11139397621154785
0 0.721829891204834 0.37308492660522463 0.1277454376220703 0.11009140014648437
2 0.793919849395752 0.5417165756225586 0.1518301010131836 0.10284004211425782
2 0.8036547660827636 0.6372626304626465 0.1671894073486328 0.13254318237304688
2 0.822136116027832 0.7373393058776856 0.18093204498291016 0.1311708450317383
1 0.7839795112609863 0.4664133071899414 0.09976997375488281 0.09895915985107422
