2 0.12147938013076783 0.2557365894317627 0.17217729091644288 0.08024058341979981
2 0.17604680061340333 0.32916214466094973 0.2039801597595215 0.17723889350891114
2 0.206530100107193 0.4350461483001709 0.16750181913375856 0.14019498825073243
1 0.2395658016204834 0.5274876117706299 0.1461496353149414 0.13307933807373046
0 0.3160413265228271 0.5688557624816895 0.12544069290161133 0.12606201171875
0 0.3728586912155151 0.6134705066680908 0.1320366382598877 0.11438369750976562
0 0.474899959564209 0.6149632453918457 0.104254150390625 0.1311737060546875
0 0.5665682315826416 0.608737850189209 0.11474571228027344 0.13222484588623046
0 0.6618318557739258 0.6215189456939697 0.11959877014160156 0.10677003860473633
1 0.7364023685455322 0.5844571113586425 0.1350632667541504 0.13348731994628907
2 0.798857307434082 0.5281937599182129 0.1528310775756836 0.13013315200805664
2 0.8424554824829101 0.3297407150268555 0.2061208724975586 0.1831051826477051
2 0.8216839790344238 0.43491759300231936 0.15952777862548828 0.1216695785522461
2 0.8693044900894165 0.24932165145874025 0.16355319023132325 0.0738302230834961
