2 0.12966073751449586 0.37154502868652345 0.10500566959381104 0.13848114013671875
2 0.1880181074142456 0.5545552253723145 0.1534493923187256 0.11688785552978516
1 0.21330151557922364 0.6554255485534668 0.10442466735839843 0.11174087524414063
0 0.3166197776794434 0.6923043727874756 0.1461350440979004 0.11639480590820313
0 0.4088250160217285 0.7594010353088378 0.15191831588745117 0.11060199737548829
0 0.5479399681091308 0.7559783935546875 0.14152679443359376 0.12075824737548828
0 0.6528346538543701 0.7255257606506348 0.1489020347595215 0.11602611541748047
1 0.7188942909240723 0.6703119277954102 0.1286378860473633 0.145941162109375
2 0.7518913745880127 0.590156364440918 0.15054235458374024 0.1277393341064453
2 0.8056767463684082 0.4509573936462402 0.12476100921630859 0.18526668548583985
2 0.8536982536315918 0.29866438508033755 0.1788637161254883 0.23333414793014526
2 0.8797492980957031 0.22683463096618653 0.11285781860351562 0.10354881286621094
