2 0.15375134944915772 0.3229667186737061 0.19572062492370607 0.22261486053466797
2 0.2350963056087494 0.5723641395568848 0.1588969349861145 0.13552265167236327
1 0.28854219913482665 0.6471939086914062 0.12890663146972656 0.12820301055908204
0 0.3604670763015747 0.7063521385192871 0.10384831428527833 0.11066818237304688
0 0.45557641983032227 0.7320531845092774 0.12379646301269531 0.0992086410522461
0 0.614922046661377 0.7183185577392578 0.10742015838623047 0.10054187774658203
1 0.682917594909668 0.6877080917358398 0.12099056243896485 0.1291738510131836
2 0.7418396949768067 0.6053115844726562 0.07362918853759766 0.10632591247558594
2 0.81004638671875 0.493332576751709 0.16518325805664064 0.18393402099609374
2 0.8382887125015259 0.3245100975036621 0.1947192668914795 0.20527896881103516
