2 0.18927892446517944 0.5632022857666016 0.19453785419464112 0.12763376235961915
2 0.18337584733963014 0.6488394260406494 0.17981698513031005 0.09539756774902344
2 0.1866472840309143 0.7115536689758301 0.17357804775238037 0.0909383773803711
2 0.18812236785888672 0.7637640476226807 0.16004438400268556 0.07340478897094727
1 0.21488769054412843 0.47539693117141724 0.15932750701904297 0.15825154781341552
0 0.2687830448150635 0.4069782137870789 0.1386577606201172 0.12808992862701415
0 0.3833740234375 0.37165212631225586 0.16329584121704102 0.14468536376953126
0 0.5407925128936768 0.37352938652038575 0.1692211151123047 0.14677820205688477
0 0.6714282035827637 0.4135700225830078 0.12946662902832032 0.12332658767700196
1 0.7531922817230224 0.4795965671539307 0.1399296760559082 0.14319419860839844
2 0.7998849868774414 0.579654312133789 0.16986370086669922 0.12482671737670899
2 0.8367525100708008 0.6625197410583497 0.14208030700683594 0.0888254165649414
2 0.8599618911743164 0.7263310432434082 0.09702377319335938 0.09243907928466796
