2 0.15614107847213746 0.3259861707687378 0.1612987756729126 0.15780320167541503
2 0.18575478792190553 0.5393247604370117 0.17580983638763428 0.1301189422607422
2 0.1849309206008911 0.4442469596862793 0.16498045921325682 0.11618232727050781
1 0.21570980548858643 0.6667983531951904 0.17703757286071778 0.16977567672729493
0 0.29946141242980956 0.7159746646881103 0.19398345947265624 0.1781008720397949
0 0.3654747724533081 0.736618947982788 0.18659577369689942 0.17905111312866212
0 0.5019635677337646 0.7430460929870606 0.16634349822998046 0.18565082550048828
0 0.6475419998168945 0.716065502166748 0.1773815155029297 0.16939201354980468
1 0.7506618499755859 0.6347702980041504 0.17878055572509766 0.15493030548095704
2 0.81918306350708 0.52769775390625 0.17134742736816405 0.17641983032226563
2 0.8497861623764038 0.38432323932647705 0.13715596199035646 0.1455446720123291
2 0.8906070947647095 0.24702756404876708 0.1886901378631592 0.17498488426208497