2 0.11598882973194122 0.538798713684082 0.07907060980796814 0.09626274108886719
2 0.14842395782470702 0.5788274765014648 0.09548635482788086 0.10793514251708984
1 0.18968255519866944 0.4802999973297119 0.12053999900817872 0.13954029083251954
1 0.23300676941871643 0.5926565170288086 0.16226567029953004 0.1494955062866211
0 0.29129948616027834 0.4596574783325195 0.1531614303588867 0.1475846290588379
0 0.37564725875854493 0.568890380859375 0.13610172271728516 0.17523345947265626
0 0.433392858505249 0.4410307049751282 0.22357397079467772 0.14413297176361084
0 0.4902522087097168 0.576936912536621 0.14663734436035156 0.2009807586669922
0 0.623905086517334 0.4300838947296143 0.20552558898925782 0.14602460861206054
0 0.6102258682250976 0.564849853515625 0.13946208953857422 0.18720722198486328
0 0.7208622932434082 0.5406418323516846 0.12335414886474609 0.17632694244384767
0 0.7545102119445801 0.42471022605895997 0.10419960021972656 0.11217498779296875
1 0.8135889053344727 0.5197402477264405 0.09005908966064453 0.09274435043334961
1 0.8130025863647461 0.440640926361084 0.07645378112792969 0.09901647567749024
2 0.8687788963317871 0.5231470584869384 0.08383636474609375 0.09205188751220703
