2 0.13634757697582245 0.518556785583496 0.09495916962623596 0.10831680297851562
2 0.2154688596725464 0.5923174381256103 0.15897870063781738 0.11786890029907227
1 0.22934527397155763 0.5176257133483887 0.1402888774871826 0.1402520179748535
0 0.30208935737609866 0.4665063858032227 0.14882249832153321 0.1571348190307617
0 0.35579142570495603 0.5340401649475097 0.10793142318725586 0.1250539779663086
0 0.42676382064819335 0.41547622680664065 0.19323186874389647 0.18722286224365234
0 0.4523590087890625 0.528834867477417 0.13546981811523437 0.1456759452819824
0 0.5606083869934082 0.5428897857666015 0.12631988525390625 0.15246238708496093
0 0.639059591293335 0.4365092158317566 0.18000392913818358 0.20195791721343995
0 0.6628012657165527 0.5620115756988525 0.11565151214599609 0.12478599548339844
0 0.7341696739196777 0.47752991914749143 0.1274190902709961 0.15620763301849366
1 0.742674732208252 0.5798060417175293 0.09301414489746093 0.10543365478515625
1 0.7983174324035645 0.5187853336334228 0.12288780212402343 0.12867507934570313
2 0.8113562583923339 0.6124922752380371 0.1023101806640625 0.09963226318359375
2 0.8488981246948242 0.5474665641784668 0.09739570617675782 0.11876087188720703
