2 0.11734951734542846 0.5159128189086915 0.13093950748443603 0.11680774688720703
2 0.11315344572067261 0.43338785171508787 0.0799830436706543 0.1065866470336914
2 0.16515487432479858 0.4303423404693604 0.08803761005401611 0.1223836898803711
2 0.21354298591613768 0.5213767051696777 0.10603365898132325 0.0999542236328125
1 0.24058199524879456 0.43133864402770994 0.12379006147384644 0.12997207641601563
1 0.2929671764373779 0.519564151763916 0.11752948760986329 0.14499835968017577
0 0.34331326484680175 0.4191276073455811 0.12653322219848634 0.09373664855957031
0 0.3836846828460693 0.5400302410125732 0.11692914962768555 0.1568753242492676
0 0.4818894386291504 0.579241943359375 0.14601383209228516 0.1523209571838379
0 0.6384934425354004 0.40542283058166506 0.21454887390136718 0.21190814971923827
0 0.65708909034729 0.5604331970214844 0.11934804916381836 0.14559402465820312
1 0.7490992546081543 0.5732054710388184 0.1068838119506836 0.16010551452636718
1 0.7865353584289551 0.48284912109375 0.14254016876220704 0.1597066879272461
2 0.858710765838623 0.5649129390716553 0.1384977340698242 0.11621561050415039
2 0.8761927604675293 0.46152477264404296 0.10869941711425782 0.14939022064208984
0 0.9538163185119629 0.3681818962097168 0.09236736297607422 0.20249900817871094
