2 0.12441765069961548 0.6954123497009277 0.14370667934417725 0.15840549468994142
2 0.1495070666074753 0.5944761753082275 0.12398210167884827 0.08410882949829102
2 0.19817185401916504 0.5208416938781738 0.1805713653564453 0.12620830535888672
1 0.2699458658695221 0.41926404237747195 0.16311033964157104 0.16380231380462645
0 0.3419609785079956 0.31584506034851073 0.1439760684967041 0.13329696655273438
0 0.46183342933654786 0.2585134506225586 0.16614046096801757 0.15109848976135254
0 0.6541260242462158 0.2930308818817139 0.16330080032348632 0.13730201721191407
0 0.7355390548706054 0.35699465274810793 0.1446706771850586 0.11869053840637207
2 0.8103961706161499 0.738094425201416 0.19556469917297364 0.09453601837158203
1 0.7942239284515381 0.45521106719970705 0.14957876205444337 0.1446136474609375
2 0.8199159622192382 0.5623914241790772 0.18932876586914063 0.1379683494567871
2 0.8152753591537476 0.8084416389465332 0.17469754219055175 0.08318424224853516
2 0.8508573770523071 0.6541481018066406 0.1658118724822998 0.10065221786499023
