2 0.17061858475208283 0.43910151720046997 0.1833565652370453 0.16680047512054444
2 0.24294666647911073 0.5484072685241699 0.17568198442459107 0.15375823974609376
1 0.28781287670135497 0.6453005790710449 0.1325298309326172 0.10904045104980468
0 0.38800339698791503 0.6335021018981933 0.14063615798950196 0.1298050880432129
0 0.4718305587768555 0.6768046379089355 0.14292354583740235 0.10730457305908203
0 0.5977353096008301 0.664145565032959 0.13323421478271485 0.12410526275634766
0 0.6680630683898926 0.5992420673370361 0.12084732055664063 0.15787143707275392
1 0.787177848815918 0.5893603324890136 0.15550098419189454 0.17111797332763673
2 0.8240495681762695 0.4754782199859619 0.19012489318847656 0.2037221908569336
2 0.836150336265564 0.32183830738067626 0.18140034675598143 0.15621724128723144
