2 0.13931474685668946 0.6269167900085449 0.18001117706298828 0.10121097564697265
2 0.13890671730041504 0.7288717269897461 0.17244358062744142 0.1325439453125
2 0.1583099842071533 0.5576703071594238 0.16252555847167968 0.09604625701904297
1 0.1733421802520752 0.4664628982543945 0.10619707107543945 0.10631465911865234
0 0.2862419605255127 0.45766458511352537 0.1544501304626465 0.16308269500732422
0 0.38767304420471194 0.3629014253616333 0.19789905548095704 0.15114846229553222
0 0.5740063190460205 0.3706728458404541 0.19735260009765626 0.16746244430541993
0 0.7313098907470703 0.4150802493095398 0.1444253921508789 0.109902024269104
1 0.7793206214904785 0.5214947700500489 0.11957874298095703 0.1063730239868164
2 0.8593972206115723 0.7264947891235352 0.17696533203125 0.13712654113769532
2 0.8433635711669922 0.622655725479126 0.13811492919921875 0.10819616317749023
2 0.8508241653442383 0.6348936557769775 0.1227752685546875 0.08273096084594726
2 0.8711772918701172 0.8019391775131226 0.1257425308227539 0.06038060188293457
