2 0.15160665512084961 0.6616581916809082 0.190081787109375 0.1211771011352539
2 0.15329569578170776 0.6905290603637695 0.19089114665985107 0.14351844787597656
2 0.15394374132156372 0.7136172294616699 0.18647000789642335 0.0973165512084961
2 0.17994234561920167 0.5956872940063477 0.18678779602050782 0.17145118713378907
2 0.22956933975219726 0.5107314109802246 0.17927336692810059 0.16430721282958985
1 0.2852363109588623 0.4072559833526611 0.14312705993652344 0.12041778564453125
0 0.383189058303833 0.35434832572937014 0.11799106597900391 0.11112985610961915
0 0.6861125469207764 0.3373547077178955 0.1978590965270996 0.10982933044433593
1 0.8256357192993165 0.4577929377555847 0.14616031646728517 0.15747263431549072
2 0.8574243783950806 0.6122694969177246 0.18551554679870605 0.16064281463623048
2 0.8605052947998046 0.7044804573059082 0.18414783477783203 0.11117572784423828
2 0.8597792625427246 0.755971622467041 0.1716371536254883 0.07958831787109374
2 0.8476419448852539 0.5377376556396485 0.10143108367919922 0.09458656311035156
2 0.9697062015533447 0.6854034423828125 0.060587596893310544 0.18162193298339843
