2 0.17369279861450196 0.4020287036895752 0.1033447265625 0.09326210021972656
2 0.17874569892883302 0.484056282043457 0.11090340614318847 0.12153358459472656
1 0.25405967235565186 0.5115999221801758 0.13058924674987793 0.13011417388916016
1 0.25701754093170165 0.4023719310760498 0.1192124366760254 0.12401914596557617
0 0.3626242160797119 0.3972772121429443 0.12874860763549806 0.09837875366210938
0 0.35159597396850584 0.543591833114624 0.10144948959350586 0.11325187683105468
0 0.4522876739501953 0.5512575626373291 0.12817935943603515 0.12389764785766602
0 0.4975580215454102 0.4064222455024719 0.16065807342529298 0.10798470973968506
0 0.5652272224426269 0.5646994590759278 0.13445777893066407 0.13736209869384766
0 0.651402473449707 0.5548596382141113 0.11064300537109376 0.10261745452880859
1 0.7461527824401856 0.5470793724060059 0.11131458282470703 0.14046173095703124
1 0.7981578826904296 0.4543552279472351 0.10636043548583984 0.1124807596206665
2 0.8077138900756836 0.5338107109069824 0.054769134521484374 0.07947826385498047
2 0.8598583221435547 0.46440877914428713 0.08228988647460937 0.08924732208251954
