2 0.17224725484848022 0.43945789337158203 0.09740898609161378 0.11304817199707032
2 0.22829525470733641 0.5354209899902344 0.10693120956420898 0.1168100357055664
1 0.24643807411193847 0.45004730224609374 0.10092644691467285 0.1256612777709961
1 0.29256558418273926 0.5650516510009765 0.0998425006866455 0.13212947845458983
0 0.32840425968170167 0.4547682642936707 0.12190060615539551 0.1493755578994751
0 0.3705449104309082 0.5717211246490479 0.11417522430419921 0.140883731842041
0 0.45919432640075686 0.4476014971733093 0.17734107971191407 0.18891966342926025
0 0.46495733261108396 0.5785336017608642 0.11652193069458008 0.13750381469726564
0 0.5563647270202636 0.5706306457519531 0.10875568389892579 0.12812423706054688
0 0.6073132514953613 0.43352622985839845 0.16494007110595704 0.19906539916992189
0 0.6435553550720214 0.5631481170654297 0.10382747650146484 0.14155406951904298
1 0.708514928817749 0.5656260967254638 0.08066186904907227 0.11802806854248046
0 0.7168623924255371 0.43700313568115234 0.08663082122802734 0.13333463668823242
2 0.7487125396728516 0.530791187286377 0.11260604858398438 0.10359859466552734
1 0.7605587005615234 0.4528254508972168 0.09184703826904297 0.12118806838989257
2 0.8173045873641968 0.4329386830329895 0.06368260383605957 0.09057328701019288
