2 0.1214688777923584 0.3136457920074463 0.13325839042663573 0.20244903564453126
2 0.13572580516338348 0.4380939483642578 0.12166591286659241 0.08220281600952148
2 0.19072864055633545 0.5568442344665527 0.17600760459899903 0.21282711029052734
1 0.2657569408416748 0.6330105304718018 0.1277374267578125 0.1472784996032715
0 0.3788017749786377 0.6586875438690185 0.13093986511230468 0.13094120025634765
0 0.47640085220336914 0.6851679801940918 0.1289073944091797 0.12930622100830078
0 0.5850321769714355 0.6982161521911621 0.1286182403564453 0.1298959732055664
0 0.6941951274871826 0.6895299911499023 0.13303375244140625 0.11181802749633789
1 0.7762029647827149 0.6399628639221191 0.13175315856933595 0.14153223037719725
2 0.8027522087097168 0.5453110694885254 0.13715858459472657 0.11224803924560547
2 0.8435004949569702 0.47008633613586426 0.16323437690734863 0.11556491851806641
2 0.8561824798583985 0.3613954305648804 0.17721805572509766 0.16542525291442872
