2 0.18394289314746856 0.5568063735961915 0.1817013680934906 0.18045196533203126
2 0.17979164123535157 0.6048537731170655 0.16667041778564454 0.08124504089355469
2 0.24510632157325746 0.45303997993469236 0.15577133893966674 0.1563821792602539
1 0.3179616928100586 0.36006042957305906 0.128802490234375 0.14438014030456542
0 0.4185618877410889 0.2894142150878906 0.12198009490966796 0.10717887878417968
0 0.5394237518310547 0.26641054153442384 0.14873905181884767 0.12266268730163574
0 0.6730762958526612 0.29554061889648436 0.14652061462402344 0.12920188903808594
0 0.7568400382995606 0.35545897483825684 0.11409664154052734 0.1310525894165039
2 0.821739935874939 0.6775595664978027 0.17591481208801268 0.1339336395263672
2 0.8180641174316406 0.5732116222381591 0.16550178527832032 0.14212636947631835
2 0.8195577383041381 0.7175463676452637 0.1673412799835205 0.07639579772949219
1 0.8089994192123413 0.4538597226142883 0.13134350776672363 0.14102609157562257
