2 0.08380367755889892 0.43721723556518555 0.08271510601043701 0.07322616577148437
2 0.1223615288734436 0.5108635425567627 0.07330310344696045 0.10634899139404297
1 0.12938061952590943 0.45004806518554685 0.06849009990692138 0.11869525909423828
0 0.19088327884674072 0.4463946342468262 0.12057318687438964 0.16020336151123046
1 0.18328577280044556 0.5605416297912598 0.1008833646774292 0.14578742980957032
0 0.26823601722717283 0.596374225616455 0.12215619087219239 0.15399112701416015
0 0.3334219455718994 0.4562662601470947 0.23632659912109374 0.22807798385620118
0 0.38509283065795896 0.6021075248718262 0.1531003952026367 0.15682716369628907
0 0.5357173919677735 0.42713252305984495 0.24201202392578125 0.25652005672454836
0 0.5086443901062012 0.5895138740539551 0.14313030242919922 0.14601564407348633
0 0.63858003616333 0.5510124206542969 0.14693107604980468 0.17537298202514648
0 0.6859494209289551 0.39021623134613037 0.14391508102416992 0.18386120796203614
1 0.7327800750732422 0.5149170875549316 0.11803665161132812 0.18633670806884767
2 0.7969887256622314 0.46176196336746217 0.1210850715637207 0.16936013698577881
1 0.8151558876037598 0.34276528358459474 0.09993495941162109 0.11789684295654297
2 0.8403305053710938 0.39862325191497805 0.07743110656738281 0.09185986518859864
2 0.864140510559082 0.3326011419296265 0.05189323425292969 0.06812868118286133
