2 0.15033127069473268 0.7809600830078125 0.19888842105865479 0.11896800994873047
2 0.14928100109100342 0.6806301593780517 0.1888500213623047 0.15872554779052733
2 0.1617764264345169 0.5552061080932618 0.17731236815452575 0.13849430084228515
2 0.1537448763847351 0.8411934852600098 0.1426950216293335 0.051878738403320315
1 0.18471846580505372 0.4401132106781006 0.13830213546752929 0.15814037322998048
2 0.17354676723480225 0.8434612274169921 0.10043873786926269 0.04778709411621094
0 0.2625280797481537 0.34115936756134035 0.14009133577346802 0.12596898078918456
0 0.3721191167831421 0.28701157569885255 0.17342610359191896 0.15995268821716307
0 0.5199856758117676 0.24992597103118896 0.16697254180908203 0.15809149742126466
0 0.643675422668457 0.26355151534080506 0.13308258056640626 0.12712785005569457
1 0.7345709800720215 0.3375450849533081 0.13360595703125 0.14215216636657715
2 0.779795789718628 0.42755603790283203 0.2089066505432129 0.1612071990966797
2 0.8295883178710938 0.5255780220031738 0.17295989990234376 0.10601291656494141
2 0.8540118217468262 0.6137783527374268 0.17226886749267578 0.12724628448486328
2 0.8530767440795899 0.6753569602966308 0.1219512939453125 0.06268978118896484
