2 0.16219717264175415 0.4554301261901855 0.18675010204315184 0.18422842025756836
2 0.21408371925354003 0.5630071640014649 0.16078615188598633 0.18213672637939454
1 0.2744395017623901 0.6308207511901855 0.12042078971862794 0.1513580322265625
0 0.36211845874786375 0.6721960544586182 0.11842732429504395 0.10462064743041992
0 0.4633013725280762 0.6804929733276367 0.11779918670654296 0.11751785278320312
0 0.5609904766082764 0.6815604209899903 0.11193981170654296 0.11978721618652344
0 0.6591713905334473 0.6698026180267334 0.11549835205078125 0.11265239715576172
1 0.7419832229614258 0.6489213466644287 0.11866226196289062 0.13782978057861328
2 0.7946045875549317 0.5705976963043213 0.16394577026367188 0.18819360733032225
2 0.8333812475204467 0.4603829860687256 0.18547444343566893 0.17138271331787108
2 0.8456835746765137 0.3256850719451904 0.17791786193847656 0.14627742767333984
