2 0.13963402509689332 0.683045482635498 0.11850869655609131 0.10024871826171874
2 0.16220176517963408 0.6123893737792969 0.1344517171382904 0.10027179718017579
2 0.20088667273521424 0.525578498840332 0.15739604234695434 0.12064285278320312
1 0.2549537122249603 0.4308438181877136 0.12723428010940552 0.10850279331207276
0 0.3456077575683594 0.3717670440673828 0.1147308349609375 0.08535614013671874
0 0.49255194664001467 0.3545180320739746 0.10928192138671874 0.06463642120361328
0 0.7508600234985352 0.41884795427322385 0.09080696105957031 0.07561681270599366
1 0.8079738616943359 0.4930227279663086 0.11674041748046875 0.11037998199462891
2 0.8434903144836425 0.5828005313873291 0.13588924407958985 0.11324739456176758
2 0.86300630569458 0.6605402946472168 0.11861400604248047 0.08176250457763672
2 0.8633692741394043 0.6778783321380615 0.1170125961303711 0.11633930206298829
2 0.864970588684082 0.7046544551849365 0.10569038391113281 0.06984844207763671
2 0.9901906490325928 0.25927157402038575 0.019618701934814454 0.14099464416503907
