2 0.16111211776733397 0.3327437400817871 0.15167670249938964 0.16982412338256836
2 0.1582334041595459 0.2228648245334625 0.08661255836486817 0.09577120542526245
2 0.20440568923950195 0.4378670573234558 0.16944828033447265 0.12826731204986572
2 0.23269195556640626 0.5481476783752441 0.14278745651245117 0.15420913696289062
1 0.30293865203857423 0.6161930084228515 0.13096981048583983 0.1436298370361328
0 0.38094072341918944 0.6495630741119385 0.12838010787963866 0.13273801803588867
0 0.4831742286682129 0.6565714836120605 0.11590766906738281 0.1281902313232422
0 0.5846365928649903 0.6558936595916748 0.11611042022705079 0.12753772735595703
0 0.663560438156128 0.6227208137512207 0.1262742042541504 0.1347825050354004
1 0.7622868537902832 0.6052197456359864 0.11790351867675782 0.12637815475463868
2 0.7978048324584961 0.5102711677551269 0.14848880767822265 0.11479873657226562
2 0.8419926643371582 0.43220129013061526 0.1160165786743164 0.10843544006347657
2 0.8619894027709961 0.3120311737060547 0.12324066162109375 0.1590810775756836
