2 0.15317208766937257 0.4297225117683411 0.18054709434509278 0.1628671407699585
2 0.17013258635997772 0.5335989952087402 0.157779461145401 0.12811241149902344
2 0.21877426505088807 0.5895334243774414 0.15587884187698364 0.15468254089355468
0 0.3418888092041016 0.6168615341186523 0.12324457168579102 0.13198699951171874
0 0.4496114730834961 0.6136471271514893 0.13754005432128907 0.11829500198364258
0 0.563194465637207 0.5922927379608154 0.1456602096557617 0.12832107543945312
0 0.6710070610046387 0.5630548477172852 0.13564090728759765 0.14935226440429689
2 0.7682829380035401 0.46990375518798827 0.14255857467651367 0.1141580581665039
2 0.8205764532089234 0.3692835807800293 0.2297581195831299 0.18701534271240233
1 0.7455148696899414 0.5433245658874511 0.07285022735595703 0.0931467056274414
