2 0.15442782640457153 0.4936190605163574 0.09812161922454835 0.09518108367919922
1 0.1569838285446167 0.45937495231628417 0.09534788131713867 0.06743030548095703
1 0.23405189514160157 0.5125893592834473 0.11371479034423829 0.1304727554321289
0 0.3282127380371094 0.5176528453826904 0.11758918762207031 0.13156681060791015
0 0.42468810081481934 0.5116572380065918 0.13253421783447267 0.14168109893798828
0 0.5359043121337891 0.5158777713775635 0.12895164489746094 0.12031373977661133
0 0.5845840454101563 0.4427124857902527 0.17887134552001954 0.09245455265045166
0 0.6417137145996094 0.5005399703979492 0.1314178466796875 0.10963058471679688
0 0.7245247840881348 0.4287975788116455 0.12874126434326172 0.0878983497619629
1 0.7445549011230469 0.48383169174194335 0.11120338439941406 0.0945291519165039
1 0.8507084846496582 0.4169435381889343 0.1357891082763672 0.10485022068023682
