2 0.14096615314483643 0.31613759994506835 0.1691288471221924 0.15903072357177733
2 0.1802242875099182 0.41440563201904296 0.19121215343475342 0.17068395614624024
2 0.23304321765899658 0.5807415008544922 0.1453845500946045 0.11527462005615234
2 0.2326240599155426 0.4907392501831055 0.14264343976974486 0.11824817657470703
1 0.30651187896728516 0.6374241828918457 0.14213743209838867 0.16818923950195314
0 0.37003636360168457 0.6758890151977539 0.11158561706542969 0.15962505340576172
0 0.46625690460205077 0.6779531478881836 0.1307514190673828 0.15490760803222656
0 0.5592340469360352 0.6735116958618164 0.12466850280761718 0.15247859954833984
0 0.6683652877807618 0.6585246086120605 0.12852401733398439 0.16265373229980468
1 0.7774127006530762 0.6225849151611328 0.13231353759765624 0.17301979064941406
2 0.8342808723449707 0.5388719081878662 0.1530986785888672 0.15402708053588868
2 0.8553971290588379 0.44521450996398926 0.15627193450927734 0.12689056396484374
2 0.8879935264587402 0.3527388334274292 0.1696622848510742 0.15643048286437988
2 0.9199884414672852 0.23242809772491455 0.11349220275878906 0.11954140663146973
