2 0.1905643582344055 0.5857374191284179 0.1744612455368042 0.16845130920410156
2 0.1821983814239502 0.6980316162109375 0.13103537559509276 0.10630264282226562
2 0.1819097399711609 0.7704212188720703 0.11717054843902588 0.11670246124267578
1 0.22292889952659606 0.4976602077484131 0.1543239712715149 0.15347776412963868
0 0.293027925491333 0.4123392224311829 0.1352828025817871 0.12419850826263427
0 0.4410869598388672 0.3594527721405029 0.220505428314209 0.12576017379760743
0 0.6560924530029297 0.35003175735473635 0.2050506591796875 0.1207777976989746
0 0.7915051460266114 0.3838301181793213 0.11392383575439453 0.11579132080078125
1 0.8456539154052735 0.4570268154144287 0.1396249771118164 0.14665603637695312
2 0.8613813400268555 0.5405712127685547 0.1629941940307617 0.13729867935180665
2 0.8744616508483887 0.710569953918457 0.15312862396240234 0.12538623809814453
2 0.8707014083862304 0.6368412017822266 0.14315204620361327 0.11040287017822266
