2 0.10224513709545135 0.45748081207275393 0.059782272577285765 0.09319391250610351
2 0.11980606317520141 0.46253223419189454 0.07367172241210937 0.11090259552001953
2 0.13608609437942504 0.536912202835083 0.08061950206756592 0.08307256698608398
1 0.16635327339172362 0.4662374496459961 0.08434858322143554 0.13326034545898438
2 0.18189704418182373 0.5535078048706055 0.08183760643005371 0.0957611083984375
1 0.2308070182800293 0.45948338508605957 0.10747618675231933 0.17815065383911133
1 0.23199427127838135 0.5704347610473632 0.09258947372436524 0.09318161010742188
0 0.32047224044799805 0.46754117012023927 0.13320283889770507 0.17685117721557617
0 0.2933988571166992 0.5719588756561279 0.0734140396118164 0.09568567276000976
0 0.3721888065338135 0.5780722618103027 0.12275075912475586 0.11092929840087891
0 0.44437484741210936 0.5015011787414551 0.1664719581604004 0.26872005462646487
0 0.5385436058044434 0.5856050491333008 0.0863229751586914 0.1112600326538086
0 0.5876529693603516 0.47626261711120604 0.16754016876220704 0.18230066299438477
0 0.624811840057373 0.5825065612792969 0.1144439697265625 0.1222085952758789
0 0.710576343536377 0.48433456420898435 0.13185529708862304 0.14974384307861327
0 0.7100069046020507 0.5935949325561524 0.09904403686523437 0.10814056396484376
1 0.7854619979858398 0.5889105796813965 0.09623241424560547 0.11440563201904297
1 0.7978615760803223 0.4906519889831543 0.10429763793945312 0.13518238067626953
2 0.8350266456604004 0.5715051651000976 0.06623687744140624 0.09850330352783203
2 0.863956069946289 0.49246969223022463 0.09988212585449219 0.1001394271850586
2 0.8717033386230468 0.5432147026062012 0.08755111694335938 0.07229194641113282
