2 0.15188019275665282 0.48502774238586427 0.07037444114685058 0.07870378494262695
2 0.1725458860397339 0.5559368133544922 0.09093050956726074 0.0745326042175293
1 0.22945687770843506 0.48412318229675294 0.1407214641571045 0.13773164749145508
2 0.240950345993042 0.5594474792480468 0.11486291885375977 0.10475273132324218
1 0.30467910766601564 0.5781022071838379 0.12500524520874023 0.12902870178222656
0 0.33960728645324706 0.4921992301940918 0.12133989334106446 0.13610801696777344
0 0.3754565715789795 0.5793015480041503 0.09029636383056641 0.09206743240356445
0 0.45670548677444456 0.4706141591072083 0.19915616512298584 0.18308961391448975
0 0.46918811798095705 0.5882194519042969 0.13527851104736327 0.11142768859863281
0 0.571971845626831 0.5775535583496094 0.1190110206604004 0.11059551239013672
0 0.6166445732116699 0.4594948649406433 0.18137140274047853 0.176674485206604
0 0.6449337005615234 0.5553610801696778 0.07000465393066406 0.07266502380371094
1 0.7189249515533447 0.5364505767822265 0.13281011581420898 0.13290786743164062
0 0.7434134483337402 0.43468575477600097 0.12495975494384766 0.14578542709350586
2 0.7971646308898925 0.5132971286773682 0.09726181030273437 0.10832500457763672
2 0.8242438316345215 0.42363729476928713 0.07939071655273437 0.08506565093994141
