2 0.1771556854248047 0.6609179496765136 0.16241989135742188 0.09799671173095703
1 0.16583664417266847 0.5956334114074707 0.11258068084716796 0.09537296295166016
2 0.20159099102020264 0.7218369483947754 0.16370091438293458 0.1036153793334961
0 0.1978379964828491 0.515813159942627 0.15192265510559083 0.08707351684570312
0 0.24863753318786622 0.40412425994873047 0.1753755569458008 0.17145328521728515
0 0.4236447334289551 0.34524834156036377 0.18986663818359376 0.15602774620056153
0 0.5786392688751221 0.3568113327026367 0.13729944229125976 0.13618392944335939
1 0.6786038398742675 0.43890019655227663 0.14394550323486327 0.12473256587982177
2 0.7530410766601563 0.5609962463378906 0.14483718872070311 0.08106613159179688
2 0.7383644104003906 0.5034092903137207 0.11135530471801758 0.09817085266113282
