2 0.11190082728862763 0.7588369369506835 0.1988220751285553 0.11190128326416016
2 0.12619895935058595 0.6769745349884033 0.18665080070495604 0.14026918411254882
2 0.1703820437192917 0.587254524230957 0.1753120481967926 0.1585451126098633
1 0.18254445791244506 0.4907257556915283 0.13704445362091064 0.16021013259887695
0 0.29753785133361815 0.42707940340042116 0.15680360794067383 0.17147977352142335
0 0.44011621475219725 0.3483742237091064 0.22112035751342773 0.15702743530273439
0 0.6485878944396972 0.34270849227905276 0.21278705596923828 0.15710573196411132
0 0.7828030586242676 0.38986327648162844 0.15587501525878905 0.1536776065826416
2 0.8488094329833984 0.7119851112365723 0.20821189880371094 0.12398395538330079
2 0.8664684295654297 0.527515983581543 0.21453628540039063 0.15504398345947265
1 0.8432797431945801 0.46857900619506837 0.15239448547363282 0.14845046997070313
2 0.8858623504638672 0.6225786685943604 0.19113636016845703 0.10558614730834961
