2 0.13641765117645263 0.7528317451477051 0.1469663619995117 0.10589485168457032
2 0.1488935112953186 0.6755707740783692 0.16676881313323974 0.10460643768310547
2 0.13303353488445283 0.811464786529541 0.13252506852149964 0.06048126220703125
2 0.16962817907333375 0.5846176624298096 0.17518470287322999 0.14320039749145508
1 0.2057204246520996 0.4796430587768555 0.1269608974456787 0.14966392517089844
0 0.2831871509552002 0.3905026912689209 0.13293190002441407 0.1365070343017578
0 0.4124476909637451 0.3330792188644409 0.1753403663635254 0.1426302433013916
0 0.5750014305114746 0.3205464601516724 0.16406421661376952 0.13245692253112792
0 0.6845651626586914 0.3568981170654297 0.11677131652832032 0.13442811965942383
1 0.7573106765747071 0.4350868105888367 0.12245864868164062 0.13340837955474855
2 0.7912100315093994 0.526582145690918 0.17203302383422853 0.15849075317382813
2 0.7946471691131591 0.5669858932495118 0.1662529945373535 0.08767185211181641
2 0.8169256210327148 0.6262662887573243 0.1899881362915039 0.11010446548461914
2 0.8380867958068847 0.7044589996337891 0.13861007690429689 0.10268001556396485
2 0.8392946243286132 0.7282585620880127 0.12725772857666015 0.05447101593017578
