2 0.1931460976600647 0.5074060440063477 0.14387886524200438 0.10918169021606446
1 0.2197033166885376 0.47093677520751953 0.12439656257629395 0.11632614135742188
0 0.313223671913147 0.5071344375610352 0.1216015338897705 0.14265975952148438
0 0.30741119384765625 0.4012044906616211 0.10617847442626953 0.10780649185180664
0 0.4281605243682861 0.42844017744064333 0.1931924819946289 0.19801619052886962
0 0.41257386207580565 0.5429156303405762 0.11513490676879883 0.09426116943359375
0 0.510014820098877 0.5332258224487305 0.12105426788330079 0.14898109436035156
0 0.6308680534362793 0.4032572269439697 0.18648834228515626 0.1417363166809082
0 0.6097881317138671 0.5312589645385742 0.12385101318359375 0.142742919921875
1 0.7032155513763427 0.5201165199279785 0.1159393310546875 0.11537055969238282
1 0.7709471702575683 0.47096881866455076 0.12267436981201171 0.13794364929199218
