2 0.1801716685295105 0.49129314422607423 0.11348326206207275 0.1198805809020996
1 0.267272812128067 0.5224164009094239 0.14148606061935426 0.14859352111816407
0 0.3283946990966797 0.42095519304275514 0.1327810287475586 0.1053128957748413
0 0.3843369960784912 0.5420785903930664 0.14749441146850586 0.16089162826538086
0 0.4678929328918457 0.4205720782279968 0.19734315872192382 0.14154379367828368
0 0.5018003463745118 0.5520226001739502 0.13942546844482423 0.16709022521972655
0 0.6247424125671387 0.4165100932121277 0.1655864715576172 0.13311407566070557
0 0.6118170738220214 0.5478694915771485 0.1308542251586914 0.16673202514648439
0 0.6973316669464111 0.5313994884490967 0.10809364318847656 0.14538335800170898
0 0.7282763481140136 0.41588692665100097 0.09072732925415039 0.10146369934082031
1 0.7635828018188476 0.5038025379180908 0.08296356201171876 0.13493738174438477
