2 0.08884558528661728 0.6734047412872315 0.09445166885852814 0.09329738616943359
2 0.12709726095199586 0.5742578506469727 0.14401767253875733 0.13403244018554689
2 0.10386828184127808 0.6245937347412109 0.09448463916778564 0.06282558441162109
2 0.165277361869812 0.4823757171630859 0.1643622875213623 0.15354061126708984
1 0.21698577404022218 0.39535322189331057 0.12575149536132812 0.14542121887207032
0 0.34682588577270507 0.3425243377685547 0.15957536697387695 0.11214866638183593
0 0.4876851081848145 0.3373673915863037 0.1816082000732422 0.11270017623901367
0 0.673713207244873 0.3777474403381348 0.16275157928466796 0.13659791946411132
2 0.8176897048950196 0.7355427742004395 0.17425174713134767 0.08856182098388672
2 0.8192954778671264 0.7772480964660644 0.15517964363098144 0.05206756591796875
2 0.8284628868103028 0.6568265438079834 0.17190265655517578 0.11941862106323242
2 0.8324082374572754 0.5820765495300293 0.1747892379760742 0.10512027740478516
2 0.8265575408935547 0.7186882019042968 0.16260108947753907 0.08211174011230468
1 0.8325039863586425 0.5113695144653321 0.1460865020751953 0.12950611114501953
