2 0.15999195873737335 0.38134279251098635 0.16980966925621033 0.18126249313354492
2 0.14483387172222137 0.24705668091773986 0.13172875046730043 0.12627342939376832
2 0.2123805522918701 0.5224786758422851 0.1544961929321289 0.17279863357543945
1 0.2606222152709961 0.6390505313873291 0.1211669921875 0.1385502815246582
0 0.3436074733734131 0.7059991836547852 0.10764989852905274 0.10234155654907226
0 0.36575937271118164 0.6418304920196534 0.13847942352294923 0.07743711471557617
0 0.44053317308425904 0.7009758472442627 0.12048070430755616 0.12110843658447265
0 0.5529297828674317 0.6908106803894043 0.12603206634521485 0.12055721282958984
0 0.6485895156860352 0.6727141380310059 0.11493721008300781 0.10980224609375
1 0.7188714027404786 0.595928955078125 0.12671642303466796 0.13254203796386718
2 0.7656567573547364 0.48176074028015137 0.16010990142822265 0.17519798278808593
2 0.8022954940795899 0.338804817199707 0.18289508819580078 0.1796426773071289
2 0.8355692863464356 0.21544811725616456 0.15640697479248047 0.121101713180542
