2 0.12770698368549346 0.6819064140319824 0.1475296914577484 0.07506141662597657
2 0.1438654661178589 0.6086130619049073 0.17352609634399413 0.12733259201049804
2 0.17014427185058595 0.5481662750244141 0.15406270027160646 0.11994562149047852
1 0.24950214028358458 0.5107623100280761 0.14895485639572142 0.15845565795898436
0 0.34187405109405516 0.4149025440216064 0.11491904258728028 0.12058792114257813
0 0.4718424677848816 0.3620059728622437 0.2113292932510376 0.19104466438293458
0 0.6428171157836914 0.43933396339416503 0.13149166107177734 0.09132585525512696
0 0.694080924987793 0.33197693824768065 0.201251220703125 0.14560213088989257
0 0.7711620330810547 0.45271916389465333 0.11159324645996094 0.10953340530395508
2 0.8686955451965332 0.6928475379943848 0.19209461212158202 0.1419353485107422
2 0.8765242576599122 0.5557514667510987 0.18495502471923828 0.17343082427978515
1 0.8473170280456543 0.5379988670349121 0.1241424560546875 0.13917808532714843
2 0.880920124053955 0.5966775417327881 0.18650455474853517 0.09426069259643555
