2 0.16210699081420898 0.39603161811828613 0.049640750885009764 0.06879158020019531
2 0.18568888902664185 0.4695914268493652 0.08341166973114014 0.09756927490234375
2 0.19616048336029052 0.41142948865890505 0.06022391319274902 0.0969238519668579
2 0.2274400770664215 0.5065447330474854 0.09743403196334839 0.1044158935546875
1 0.24295849800109864 0.425493061542511 0.08350858688354493 0.12768266201019288
1 0.29665184020996094 0.5155811309814453 0.10740141868591309 0.1252420425415039
0 0.3087316989898682 0.4275296688079834 0.10981192588806152 0.12451753616333008
0 0.3799041509628296 0.5277590751647949 0.09791245460510253 0.12241945266723633
0 0.44082069396972656 0.4400964260101318 0.19333581924438475 0.15208568572998046
0 0.4742321491241455 0.5455674171447754 0.11899566650390625 0.12009353637695312
0 0.5680400848388671 0.5292407512664795 0.11612949371337891 0.14227304458618165
0 0.6235490322113038 0.4533202052116394 0.18643875122070314 0.14045469760894774
0 0.6563815116882324 0.5452506065368652 0.09676876068115234 0.1050795555114746
0 0.7352042198181152 0.45608102083206176 0.10288372039794921 0.12148988246917725
1 0.7269182205200195 0.5357056617736816 0.0808197021484375 0.08813209533691406
2 0.7806303977966309 0.5330167770385742 0.06259384155273437 0.06987972259521484
1 0.7904664039611816 0.4627211093902588 0.07687835693359375 0.12191438674926758
2 0.8318984985351563 0.4513038158416748 0.06150474548339844 0.10195865631103515
