2 0.19325356483459472 0.4746513366699219 0.1704036235809326 0.11905117034912109
2 0.23909273147583007 0.5616231441497803 0.179489803314209 0.1538069725036621
2 0.2975496768951416 0.6460943222045898 0.11739768981933593 0.14409341812133789
1 0.37447404861450195 0.6629728317260742 0.11058578491210938 0.16506614685058593
0 0.4539848446846008 0.6776567459106445 0.11708600521087646 0.13938159942626954
0 0.5573653221130371 0.6731775760650635 0.1298752784729004 0.14536514282226562
0 0.658740234375 0.6417086601257325 0.12971630096435546 0.14908361434936523
0 0.7364256858825684 0.5961036205291748 0.11194572448730469 0.13858366012573242
1 0.7944346904754639 0.5493306159973145 0.11937952041625977 0.13141155242919922
2 0.839290714263916 0.3285808563232422 0.17487621307373047 0.15597963333129883
2 0.8468672752380371 0.4247404932975769 0.15516300201416017 0.11404650211334229
2 0.8461318016052246 0.5059655189514161 0.13728504180908202 0.10967502593994141
