2 0.1703255295753479 0.4723562240600586 0.060239768028259276 0.10546722412109374
2 0.1986652731895447 0.5606270790100097 0.0896228551864624 0.11154823303222657
1 0.19598710536956787 0.4532763004302979 0.08019351959228516 0.14418554306030273
0 0.2536014080047607 0.4534034729003906 0.10419044494628907 0.1515652656555176
1 0.24361376762390136 0.5761940956115723 0.07255935668945312 0.12740516662597656
0 0.2983019590377808 0.5789861679077148 0.08572244644165039 0.1365070343017578
0 0.35616021156311034 0.45508999824523927 0.1553341865539551 0.178055477142334
0 0.3717991828918457 0.5783916473388672 0.11410102844238282 0.13703250885009766
0 0.45969538688659667 0.572974443435669 0.11249723434448242 0.1348710060119629
0 0.49951725006103515 0.4418553352355957 0.17338886260986328 0.19043664932250975
0 0.5616536140441895 0.5694158554077149 0.12295064926147461 0.12540912628173828
0 0.635124683380127 0.4237295985221863 0.1357198715209961 0.16964457035064698
1 0.6623079776763916 0.5584879875183105 0.10693778991699218 0.0913888931274414
1 0.7386980056762695 0.41768298149108884 0.10856895446777344 0.16406841278076173
2 0.7440708637237549 0.5423836708068848 0.09289207458496093 0.07149410247802734
2 0.7864637851715088 0.5238920211791992 0.08985185623168945 0.05410823822021484
2 0.8068552255630493 0.4387835502624512 0.07759051322937012 0.1083989143371582
2 0.8412490844726562 0.5110096454620361 0.08179473876953125 0.053958892822265625
2 0.8508970260620117 0.44339714050292967 0.05454521179199219 0.08211936950683593
2 0.8865198135375977 0.4276632308959961 0.06910591125488282 0.07371330261230469
