2 0.1351120501756668 0.405760383605957 0.07301997542381286 0.0878265380859375
1 0.19942816495895385 0.4192661285400391 0.11622145175933837 0.11981325149536133
2 0.18053529262542725 0.49756083488464353 0.06124563217163086 0.08765363693237305
1 0.24242010116577148 0.5127532005310058 0.11171388626098633 0.1382375717163086
0 0.3287302017211914 0.535368013381958 0.10312919616699219 0.12166938781738282
0 0.4309441089630127 0.5558762073516845 0.14277143478393556 0.14517707824707032
0 0.5541223526000977 0.5582075595855713 0.1371074676513672 0.15280485153198242
0 0.6629809379577637 0.559104061126709 0.12108306884765625 0.1342061996459961
0 0.672991418838501 0.4403428554534912 0.11532716751098633 0.1221078872680664
1 0.7109092712402344 0.5175718784332275 0.09903755187988281 0.12833547592163086
2 0.7459564208984375 0.5726715087890625 0.07906646728515625 0.06890392303466797
1 0.765085506439209 0.44016408920288086 0.1060171127319336 0.10293712615966796
2 0.7546811103820801 0.5032662391662598 0.07013263702392578 0.10098876953125
2 0.7989015102386474 0.4944812774658203 0.06518468856811524 0.09267044067382812
2 0.8234319686889648 0.43657879829406737 0.06548709869384765 0.06324405670166015
