2 0.20827926993370055 0.7060268878936767 0.1657063603401184 0.14258298873901368
2 0.2366633415222168 0.6350277900695801 0.14933996200561522 0.09470024108886718
2 0.24464151859283448 0.5544753074645996 0.157185697555542 0.12728376388549806
1 0.2857659816741943 0.47326459884643557 0.1402268409729004 0.11093940734863281
0 0.34263789653778076 0.40456528663635255 0.1214287281036377 0.11647567749023438
0 0.4650697708129883 0.3618338584899902 0.15215187072753905 0.1203953742980957
0 0.6148351669311524 0.35562901496887206 0.15728998184204102 0.10448656082153321
0 0.7453627586364746 0.3721787929534912 0.11883659362792968 0.09288997650146484
1 0.8134935379028321 0.42446489334106446 0.11575050354003906 0.10738849639892578
2 0.8515362739562988 0.5062582492828369 0.13959178924560547 0.10973730087280273
2 0.908702278137207 0.5800980567932129 0.1491485595703125 0.11465377807617187
2 0.9293630599975586 0.6640542030334473 0.14106521606445313 0.12585391998291015
