2 0.12123082876205445 0.3555715560913086 0.1577218294143677 0.13966770172119142
2 0.13040339946746826 0.26223857402801515 0.14531326293945312 0.1243781566619873
2 0.15159533321857452 0.45415630340576174 0.14037899374961854 0.0957000732421875
2 0.1843287706375122 0.5360215187072754 0.14972052574157715 0.13149261474609375
1 0.2566989421844482 0.6051844596862793 0.11742587089538574 0.13218193054199218
0 0.35175793170928954 0.6423088073730469 0.13627400398254394 0.11623420715332031
0 0.4810640335083008 0.6610532760620117 0.1372612953186035 0.09840774536132812
0 0.6039074897766114 0.6574097633361816 0.1311189651489258 0.09462394714355468
0 0.7055813312530518 0.6292236328125 0.12079782485961914 0.1043935775756836
2 0.7576217651367188 0.26778109073638917 0.12602653503417968 0.1071169376373291
2 0.7848375797271728 0.514931058883667 0.1395747184753418 0.1169403076171875
1 0.7671489238739013 0.5818939685821534 0.09727373123168945 0.09617900848388672
2 0.7930994987487793 0.44057340621948243 0.14257240295410156 0.0779998779296875
2 0.8051608085632325 0.35338988304138186 0.15903148651123047 0.12523536682128905
