2 0.16472259759902955 0.4931487560272217 0.09629390239715577 0.09416007995605469
1 0.19313299655914307 0.4261144161224365 0.09238195419311523 0.08702659606933594
1 0.2436953067779541 0.5147601127624511 0.10862655639648437 0.12887916564941407
0 0.2810706615447998 0.43470301628112795 0.12814674377441407 0.10767660140991211
0 0.3253341197967529 0.5227903842926025 0.11078290939331055 0.13101959228515625
0 0.39436774253845214 0.44302868843078613 0.13289356231689453 0.12031412124633789
0 0.4170513153076172 0.534206485748291 0.10483894348144532 0.10757341384887695
0 0.5263602256774902 0.4595911502838135 0.1690694808959961 0.14053564071655272
0 0.5113736152648926 0.5451013565063476 0.10816707611083984 0.08906497955322265
0 0.6060080528259277 0.537873363494873 0.11464462280273438 0.10745449066162109
0 0.6721535205841065 0.4698633193969727 0.1495377540588379 0.13297042846679688
0 0.6917333602905273 0.5505937576293946 0.08355693817138672 0.073992919921875
1 0.7520687103271484 0.5330766677856446 0.06740264892578125 0.07716751098632812
0 0.7688109397888183 0.46052122116088867 0.08013286590576171 0.10354595184326172
2 0.7930348873138428 0.5264751434326171 0.046569538116455075 0.06814765930175781
1 0.8205196380615234 0.4574479103088379 0.07438907623291016 0.09717254638671875
