2 0.09965665340423584 0.8178695440292358 0.131512451171875 0.09829564094543457
2 0.13286011219024657 0.7150501251220703 0.19282155036926268 0.14154157638549805
2 0.12672899961471557 0.6332886695861817 0.17795794010162352 0.08375415802001954
2 0.14767308235168458 0.535379695892334 0.19848833084106446 0.15170612335205078
1 0.17580755054950714 0.4489144206047058 0.15271314978599548 0.17201178073883056
0 0.24452157616615294 0.3842449426651001 0.13246201276779174 0.14705119132995606
0 0.3784376382827759 0.33912224769592286 0.16329169273376465 0.15050125122070312
0 0.5387927055358886 0.3372020721435547 0.16629066467285156 0.16142616271972657
0 0.6837301254272461 0.34928948879241944 0.13073234558105468 0.14102015495300294
1 0.7697691917419434 0.3904867649078369 0.15108604431152345 0.15065860748291016
2 0.8164458274841309 0.4854562759399414 0.1921602249145508 0.159560489654541
2 0.8506314277648925 0.559044361114502 0.1716083526611328 0.11136512756347657
2 0.8687440872192382 0.6561459541320801 0.183660888671875 0.13856220245361328
