2 0.15407321453094483 0.4827136516571045 0.08735456466674804 0.08499126434326172
2 0.19634101390838624 0.4743802070617676 0.10973992347717285 0.1261805534362793
2 0.2276531219482422 0.5666202545166016 0.10487537384033203 0.09414482116699219
2 0.3029358386993408 0.5966683387756347 0.16508426666259765 0.1344381332397461
1 0.2953593015670776 0.488907527923584 0.11832604408264161 0.12462520599365234
1 0.3646094799041748 0.6173665046691894 0.11007280349731445 0.12099113464355468
0 0.3967869281768799 0.4715170383453369 0.1240189552307129 0.14116716384887695
0 0.4550777435302734 0.6016870498657226 0.10692253112792968 0.15743637084960938
0 0.5246228218078614 0.4530095934867859 0.1770559310913086 0.18306944370269776
0 0.5472590446472168 0.593181562423706 0.11554431915283203 0.145041561126709
0 0.6461421966552734 0.5940668106079101 0.119775390625 0.16087837219238282
0 0.6690557956695556 0.44411559104919435 0.16118154525756836 0.1821282386779785
0 0.737425422668457 0.5761126041412353 0.1046682357788086 0.14513731002807617
0 0.7697782516479492 0.4479863166809082 0.08518733978271484 0.12223567962646484
1 0.7948739528656006 0.5576078414916992 0.06827802658081054 0.12931327819824218
1 0.8190475225448608 0.45794477462768557 0.06574139595031739 0.10511512756347656
2 0.8370384216308594 0.5545010566711426 0.06542091369628907 0.1140451431274414
2 0.8575441360473632 0.5390159606933593 0.07885894775390626 0.10551986694335938
2 0.8558425903320312 0.44580918550491333 0.05754833221435547 0.10751645565032959
