2 0.14281206130981444 0.3094982087612152 0.21546564102172852 0.23359690904617308
2 0.20690608024597168 0.47519596815109255 0.19450106620788574 0.2159046411514282
1 0.26962947845458984 0.602216100692749 0.14061594009399414 0.14574155807495118
0 0.3689418792724609 0.6429578781127929 0.11175756454467774 0.12462244033813477
0 0.4612925052642822 0.6537771224975586 0.11491508483886718 0.11840076446533203
0 0.5709918022155762 0.6520736217498779 0.12124214172363282 0.1166661262512207
0 0.6776892185211182 0.6262481689453125 0.11872224807739258 0.1351980209350586
1 0.7723151683807373 0.5742032051086425 0.13622312545776366 0.14888353347778321
2 0.8291534662246705 0.4294580936431885 0.17528605461120605 0.18116073608398436
2 0.8685837745666504 0.26655724048614504 0.15161056518554689 0.19334163665771484
