2 0.16920411586761475 0.6132207870483398 0.06224660873413086 0.08228397369384766
2 0.17674813270568848 0.5437176704406739 0.05875229835510254 0.07130489349365235
2 0.1992218017578125 0.613469123840332 0.07755465507507324 0.09742822647094726
1 0.21795966625213622 0.5293448448181153 0.07683029174804687 0.09554767608642578
1 0.2462235450744629 0.6043997764587402 0.07578144073486329 0.11589622497558594
0 0.2743577480316162 0.5007123947143555 0.09665455818176269 0.11958084106445313
0 0.31392321586608884 0.5941465377807618 0.10266294479370117 0.12263908386230468
0 0.3673076152801514 0.47412958145141604 0.16476240158081054 0.13134593963623048
0 0.4090062141418457 0.5727659225463867 0.11815528869628907 0.12184867858886719
0 0.5191022872924804 0.4527575373649597 0.1677846908569336 0.12528460025787352
0 0.5152223110198975 0.5617795944213867 0.11932601928710937 0.12336854934692383
0 0.6145646572113037 0.5508735656738282 0.11984491348266602 0.1416797637939453
0 0.6405631542205811 0.45647344589233396 0.103485107421875 0.10069446563720703
1 0.7060384750366211 0.5376020431518554 0.11017045974731446 0.13459281921386718
1 0.7214184761047363 0.4610764503479004 0.08313875198364258 0.07776594161987305
2 0.7747736930847168 0.5228621959686279 0.11770553588867187 0.10118484497070312
