2 0.16737234592437744 0.49641923904418944 0.0588493824005127 0.07073020935058594
2 0.18991799354553224 0.5506153106689453 0.07489113807678223 0.08227806091308594
2 0.20676610469818116 0.5671783447265625 0.0990684986114502 0.12676067352294923
2 0.2150397539138794 0.544102668762207 0.08981423377990723 0.07792167663574219
1 0.2301565647125244 0.4882960319519043 0.10195960998535156 0.1051187515258789
1 0.26954073905944825 0.5307689666748047 0.08271722793579102 0.11450710296630859
0 0.33456034660339357 0.5362433910369873 0.08898887634277344 0.11407890319824218
0 0.3932612419128418 0.4770833969116211 0.15510940551757812 0.14102954864501954
0 0.4096687793731689 0.5543559551239013 0.08970813751220703 0.06647233963012696
0 0.4815009117126465 0.5234858512878418 0.08277997970581055 0.10008544921875
0 0.549194622039795 0.48377418518066406 0.15225887298583984 0.15735950469970703
0 0.6732824325561524 0.5255058288574219 0.10403079986572265 0.12801294326782225
1 0.756968355178833 0.5012289047241211 0.10866823196411132 0.12220163345336914
1 0.7626230239868164 0.5518343925476075 0.1057546615600586 0.0830230712890625
2 0.8416446447372437 0.533263874053955 0.1083153247833252 0.09158401489257813
