2 0.11737009286880493 0.26510066986083985 0.12103352546691895 0.17922415733337402
2 0.169535830616951 0.4331380844116211 0.16130327582359313 0.10603628158569336
1 0.22336263656616212 0.5259792327880859 0.13705887794494628 0.11104383468627929
0 0.30265116691589355 0.5824120044708252 0.13585424423217773 0.12017202377319336
0 0.4144559383392334 0.6173000335693359 0.13123512268066406 0.12077445983886718
0 0.530611515045166 0.6186851501464844 0.1330097198486328 0.15092945098876953
0 0.6497630119323731 0.5947622299194336 0.13901195526123047 0.15402374267578126
1 0.7562018394470215 0.5688570499420166 0.13598918914794922 0.16509504318237306
2 0.8300754308700562 0.46634472608566285 0.15558209419250488 0.14859087467193605
2 0.8595191717147828 0.3523711204528809 0.14253926277160645 0.14233760833740233
