2 0.1506902903318405 0.6300963401794434 0.1899341642856598 0.12920522689819336
2 0.14969295263290405 0.7136074542999268 0.1846527338027954 0.10726213455200195
2 0.17935794591903687 0.55445876121521 0.1718302011489868 0.1540217399597168
1 0.21775615215301514 0.47856721878051756 0.13387479782104492 0.1549837112426758
0 0.3072340488433838 0.4331256866455078 0.11347599029541015 0.12026767730712891
0 0.42816332578659055 0.39349801540374757 0.17593653202056886 0.12437968254089356
0 0.592015552520752 0.39535794258117674 0.170770263671875 0.12122154235839844
0 0.709865665435791 0.4610309600830078 0.11914310455322266 0.12082328796386718
1 0.8071709632873535 0.4998436450958252 0.125408935546875 0.1501448631286621
2 0.84304780960083 0.5819714069366455 0.16307907104492186 0.15198917388916017
2 0.8720348119735718 0.6629453182220459 0.15672917366027833 0.10475292205810546
2 0.8748905181884765 0.7276949882507324 0.14261474609375 0.09812335968017578
