2 0.1449964761734009 0.5362802505493164 0.06717560291290284 0.070123291015625
2 0.19454262256622315 0.5907315254211426 0.09813141822814941 0.08238162994384765
1 0.1826559066772461 0.5097365379333496 0.07054939270019531 0.11151905059814453
0 0.25185935497283934 0.49550495147705076 0.13310556411743163 0.14368228912353515
1 0.26365160942077637 0.578562879562378 0.0827402114868164 0.08084316253662109
0 0.3404579162597656 0.5848708152770996 0.10506649017333984 0.12567996978759766
0 0.3872748613357544 0.4814772605895996 0.1743616580963135 0.1540691375732422
0 0.43700829744338987 0.5816282272338867 0.11921918392181396 0.11604881286621094
0 0.5378700256347656 0.47771687507629396 0.17656078338623046 0.1472294807434082
0 0.5417750358581543 0.5855607509613037 0.12021446228027344 0.13711071014404297
0 0.6457870483398438 0.5744794845581055 0.12033824920654297 0.14184627532958985
0 0.6777139186859131 0.4780472755432129 0.13623809814453125 0.11213321685791015
1 0.7338231086730957 0.5791274547576905 0.09160614013671875 0.1337416648864746
1 0.7724050045013428 0.486771297454834 0.09083986282348633 0.10577955245971679
2 0.806153678894043 0.6006754875183106 0.1162038803100586 0.1183584213256836
2 0.8374785423278809 0.49999380111694336 0.08409290313720703 0.09681968688964844
2 0.8709970474243164 0.5976318836212158 0.08478736877441406 0.09158134460449219
2 0.8830534934997558 0.5182168006896972 0.08062858581542968 0.06517868041992188
