2 0.06837401986122131 0.24729413390159607 0.13674803972244262 0.15489646196365356
2 0.09889204502105713 0.38827712535858155 0.1968165636062622 0.1880566120147705
2 0.13910515308380128 0.4893460273742676 0.17342557907104492 0.15006437301635742
2 0.17258615493774415 0.5927187442779541 0.1867746353149414 0.1814753532409668
1 0.22175006866455077 0.6819430351257324 0.14880046844482422 0.17049226760864258
0 0.3109270572662354 0.73905029296875 0.14762754440307618 0.15109653472900392
0 0.43663783073425294 0.7498795986175537 0.14990339279174805 0.1534966468811035
0 0.563896656036377 0.7442299842834472 0.1374530792236328 0.1504579544067383
0 0.6788240432739258 0.7159006118774414 0.13866310119628905 0.1482412338256836
1 0.7486142158508301 0.6589744567871094 0.14959564208984374 0.1714259147644043
2 0.7873831748962402 0.5744447231292724 0.16819438934326172 0.17683000564575196
2 0.8206561088562012 0.3645885229110718 0.20225830078125 0.16706109046936035
2 0.7997895240783691 0.46336898803710935 0.15555095672607422 0.1142242431640625
2 0.8608456611633301 0.2505073606967926 0.14894638061523438 0.16460245847702026
