2 0.13166686296463012 0.40723042488098143 0.21430518627166747 0.19050893783569336
2 0.160875603556633 0.5327896118164063 0.17052002549171447 0.1399686813354492
1 0.19300394058227538 0.5800975799560547 0.11983189582824708 0.15449867248535157
0 0.2830007553100586 0.6236037254333496 0.13651561737060547 0.18452081680297852
0 0.3928966999053955 0.643255090713501 0.14839487075805663 0.1946207046508789
0 0.5207311630249023 0.6330372810363769 0.14859390258789062 0.18994998931884766
0 0.6397089958190918 0.6310527324676514 0.13949222564697267 0.12645845413208007
1 0.7323677062988281 0.603933048248291 0.11071567535400391 0.14640846252441406
2 0.771681547164917 0.5500957489013671 0.1796645164489746 0.16585903167724608
2 0.8540296792984009 0.4114980697631836 0.217103910446167 0.18867692947387696
