2 0.1578722834587097 0.6566905975341797 0.1642289400100708 0.12199764251708985
2 0.18543435335159303 0.5715584278106689 0.17774312496185302 0.11084051132202148
2 0.19396985769271852 0.5882267951965332 0.16696503162384033 0.07865028381347657
2 0.20296286940574645 0.6307387351989746 0.1589406132698059 0.07067031860351562
2 0.21598458290100098 0.5302350997924805 0.0963871955871582 0.08400812149047851
0 0.26247415542602537 0.44371762275695803 0.0865260124206543 0.08244485855102539
0 0.3909718990325928 0.4013071060180664 0.2149982452392578 0.1195134162902832
0 0.5959275245666504 0.4047513008117676 0.22463722229003907 0.12608699798583983
1 0.7111960887908936 0.47818446159362793 0.09619855880737305 0.10849571228027344
2 0.8116154670715332 0.5166467666625977 0.18025169372558594 0.13349761962890624
2 0.8196619033813477 0.5520428657531739 0.17159957885742189 0.1854654312133789
2 0.8207023859024047 0.599099588394165 0.166157865524292 0.09005899429321289
2 0.8594959259033204 0.6645855903625488 0.10688438415527343 0.09347400665283204
2 0.8566253662109375 0.7029783725738525 0.09744071960449219 0.04853982925415039
