2 0.10917580425739289 0.45484609603881837 0.10780872702598572 0.0979013442993164
2 0.11329612731933594 0.3879633665084839 0.09689421653747558 0.07846779823303222
2 0.17508697509765625 0.48250837326049806 0.13226118087768554 0.1179159164428711
1 0.19148774147033693 0.41655659675598145 0.09571847915649415 0.11980638504028321
0 0.2621992349624634 0.39319145679473877 0.159981107711792 0.1890099048614502
0 0.3087954521179199 0.5293465614318847 0.12743024826049804 0.1546682357788086
0 0.4202153205871582 0.40534496307373047 0.20145368576049805 0.21100549697875975
0 0.4218599319458008 0.5501579284667969 0.14190311431884767 0.14560966491699218
0 0.5320453643798828 0.5531902313232422 0.12835235595703126 0.1496114730834961
0 0.5991321563720703 0.43152608871459963 0.20078563690185547 0.17739343643188477
0 0.6337618827819824 0.5488988876342773 0.1206167221069336 0.14985790252685546
1 0.7232442855834961 0.5448232173919678 0.10008163452148437 0.1372988700866699
0 0.7420711517333984 0.4279952049255371 0.13704910278320312 0.13855371475219727
2 0.7776638984680175 0.5305718898773193 0.06099014282226563 0.10363388061523438
2 0.8180992364883423 0.5074464797973632 0.09307971000671386 0.09415864944458008
1 0.8238577842712402 0.4362250804901123 0.07703819274902343 0.1187352180480957
2 0.8649322509765625 0.4365823268890381 0.06608734130859376 0.10207090377807618
2 0.8904573440551757 0.4400464057922363 0.06597213745117188 0.09038019180297852
2 0.8951835632324219 0.4352326512336731 0.050374603271484374 0.07616555690765381
