2 0.05819931626319885 0.5263910293579102 0.07062482833862305 0.11417427062988281
2 0.10040232837200165 0.5165127754211426 0.09692659974098206 0.128707218170166
2 0.11846158802509307 0.5998383522033691 0.10012745261192321 0.06725826263427734
1 0.13948707580566405 0.4640320301055908 0.10681853294372559 0.1878437042236328
2 0.17118680477142334 0.6032759666442871 0.07527775764465332 0.07234163284301758
2 0.19731088876724243 0.5290257453918457 0.09607713222503662 0.0936697006225586
0 0.23241238594055175 0.4287730693817139 0.1555172920227051 0.17636728286743164
1 0.23384063243865966 0.6083038806915283 0.10261340141296386 0.1592169761657715
0 0.3192256450653076 0.5948212146759033 0.11917238235473633 0.16769762039184571
0 0.3842466831207275 0.42395973205566406 0.21218061447143555 0.20069246292114257
0 0.42320517301559446 0.5770208358764648 0.12252619266510009 0.16021909713745117
0 0.5625414371490478 0.4017795562744141 0.19940462112426757 0.22547664642333984
0 0.535715389251709 0.5600805282592773 0.13088245391845704 0.13663368225097655
0 0.6511528015136718 0.5474467277526855 0.12602291107177735 0.10760326385498047
0 0.6766145706176758 0.4302849292755127 0.09586734771728515 0.14617443084716797
1 0.7335894584655762 0.5510560512542725 0.08301448822021484 0.10357637405395508
1 0.767236328125 0.39339475631713866 0.1422727584838867 0.167724609375
2 0.7976394653320312 0.5579206466674804 0.10890655517578125 0.11516761779785156
2 0.8358466148376464 0.45638217926025393 0.07890491485595703 0.10159683227539062
2 0.8643956184387207 0.5559930801391602 0.09022712707519531 0.12179698944091796
