2 0.15105243921279907 0.7031180381774902 0.1703864336013794 0.10077362060546875
2 0.14660971164703368 0.7552307605743408 0.1596125602722168 0.05400018692016602
2 0.15650874376296997 0.6299690246582031 0.16423556804656983 0.13677101135253905
2 0.18163387775421141 0.5216786384582519 0.1541140556335449 0.1377185821533203
1 0.20515237450599672 0.41208815574645996 0.1086802363395691 0.11187238693237304
0 0.28019261360168457 0.340310263633728 0.11347417831420899 0.10632376670837403
0 0.4066207766532898 0.3109097957611084 0.17606852054595948 0.11342048645019531
0 0.5755117416381836 0.30965123176574705 0.17471084594726563 0.10498180389404296
0 0.7092897415161132 0.3401083469390869 0.11662349700927735 0.10854854583740234
2 0.7875681400299073 0.5247764587402344 0.15841226577758788 0.13949184417724608
1 0.7728096008300781 0.4228459358215332 0.12539253234863282 0.12665262222290039
2 0.806315803527832 0.7222350120544434 0.16205406188964844 0.11967096328735352
2 0.8073722839355468 0.6432937622070313 0.15550365447998046 0.1402069091796875
