2 0.13543920516967772 0.3348658800125122 0.11181564331054687 0.17660918235778808
2 0.1541240930557251 0.44980515241622926 0.13504390716552733 0.1016399621963501
2 0.15139032602310182 0.5405680179595947 0.105916428565979 0.13740921020507812
1 0.20861973762512206 0.6826204776763916 0.19711885452270508 0.17976465225219726
0 0.32153749465942383 0.7451815605163574 0.11636872291564941 0.1404569625854492
0 0.43433566093444825 0.7745305061340332 0.1525172233581543 0.14308414459228516
0 0.5787591934204102 0.773134422302246 0.14651241302490234 0.13454551696777345
0 0.7030749320983887 0.752871322631836 0.13125324249267578 0.12271137237548828
1 0.7786813735961914 0.6785577297210693 0.1553924560546875 0.15326967239379882
2 0.8262017250061036 0.5701635360717774 0.18229503631591798 0.19832544326782225
2 0.8782998085021972 0.3082338809967041 0.18200092315673827 0.225814151763916
