2 0.06610183119773864 0.3882800579071045 0.07953838109970093 0.1133951187133789
1 0.12596170604228973 0.41112480163574217 0.10136595368385315 0.13963985443115234
1 0.18748366832733154 0.5087173461914063 0.08738317489624023 0.10151386260986328
0 0.21001994609832764 0.43592177629470824 0.11476030349731445 0.13196218013763428
0 0.24331426620483398 0.532783317565918 0.08480501174926758 0.10180044174194336
0 0.320168662071228 0.45541653633117674 0.15601563453674316 0.14582996368408202
0 0.3214437961578369 0.5561476707458496 0.11387672424316406 0.11174221038818359
0 0.4024629473686218 0.5309740543365479 0.09938337802886962 0.07058191299438477
0 0.46116544008255006 0.4593963623046875 0.16062791347503663 0.15495014190673828
0 0.5029400825500489 0.5655547618865967 0.1384765625 0.1740555763244629
0 0.6145638942718505 0.45655221939086915 0.1270977020263672 0.12671432495117188
0 0.6125045776367187 0.5682158470153809 0.11866455078125 0.14435234069824218
1 0.7064270973205566 0.5531259536743164 0.11619701385498046 0.1532278060913086
0 0.7403112411499023 0.4473733067512512 0.14925022125244142 0.14407651424407958
1 0.8025243759155274 0.5545504570007325 0.12531719207763672 0.14780693054199218
2 0.8482951164245606 0.4207814335823059 0.13054122924804687 0.11950604915618897
2 0.8477840423583984 0.5245949745178222 0.06333274841308593 0.1009908676147461
2 0.8902228355407715 0.496034049987793 0.07693309783935547 0.10346946716308594
2 0.9037112236022949 0.4906152248382568 0.10211067199707032 0.11823797225952148
