1 0.22223873138427735 0.5334704399108887 0.11953353881835938 0.16032915115356444
0 0.2974740505218506 0.5358030319213867 0.10674314498901367 0.14152812957763672
0 0.3787628412246704 0.47872639894485475 0.21485276222229005 0.21423089504241943
0 0.39937601089477537 0.5064552426338196 0.14468984603881835 0.24972684383392335
0 0.5086733818054199 0.5459589481353759 0.13222026824951172 0.14421577453613282
0 0.5717276573181153 0.4468245029449463 0.2234395980834961 0.18099775314331054
0 0.6165977478027344 0.5768178939819336 0.13702869415283203 0.15826950073242188
1 0.720003318786621 0.4852757453918457 0.13912181854248046 0.16915111541748046
2 0.8390568733215332 0.5137925148010254 0.12392921447753906 0.08605213165283203
2 0.8685615539550782 0.4611362457275391 0.1097686767578125 0.09217462539672852
