2 0.20111379623413086 0.7036870956420899 0.19324169158935547 0.111492919921875
2 0.19604077339172363 0.6230995178222656 0.17891550064086914 0.14839420318603516
2 0.2211073160171509 0.5219571590423584 0.1786210060119629 0.1465658187866211
1 0.2246441900730133 0.4030613422393799 0.10423506498336792 0.10823001861572265
0 0.33327431678771974 0.4303553581237793 0.14206628799438475 0.12387714385986329
0 0.37403068542480467 0.33934721946716306 0.16439208984375 0.10128307342529297
0 0.5395854949951172 0.3413248062133789 0.1737812042236328 0.10261640548706055
0 0.6697393417358398 0.38122832775115967 0.13701095581054687 0.10163617134094238
2 0.7849176406860352 0.5298311233520507 0.18016128540039061 0.15129833221435546
2 0.8172943115234375 0.6428036689758301 0.17230510711669922 0.1619548797607422
2 0.8406631708145141 0.7241817474365234 0.17551684379577637 0.11714296340942383
2 0.8187856912612915 0.7870154857635498 0.08905177116394043 0.04705801010131836
