2 0.15506054162979127 0.6591873168945312 0.18532726764678956 0.09398746490478516
2 0.15793371200561523 0.7003313064575195 0.1857295513153076 0.07183475494384765
2 0.17873511612415313 0.5772429466247558 0.19959630370140075 0.1348705291748047
1 0.19060792922973632 0.4506495356559753 0.16707286834716797 0.1536794900894165
0 0.25896739959716797 0.38380696773529055 0.15331363677978516 0.11508402824401856
0 0.37438576221466063 0.33774938583374026 0.19126029014587403 0.1529935836791992
0 0.5571173667907715 0.3282634258270264 0.20210647583007812 0.13702077865600587
0 0.6539915084838868 0.4213588833808899 0.16252460479736328 0.13431947231292723
1 0.7837684154510498 0.44578779935836793 0.13893671035766603 0.1409912347793579
2 0.8229232788085937 0.5514919281005859 0.17816162109375 0.16465435028076172
2 0.8759347915649414 0.6288503646850586 0.17695960998535157 0.1489572525024414
2 0.9014757156372071 0.71109037399292 0.16196937561035157 0.12455196380615234
