2 0.15822274386882781 0.6580733299255371 0.19009633660316466 0.10252227783203124
2 0.1583896428346634 0.5830355167388916 0.1750390946865082 0.13368597030639648
2 0.1351001501083374 0.4783812999725342 0.07166109085083008 0.08542337417602539
1 0.22532150745391846 0.44880894422531126 0.11307096481323242 0.12149393558502197
0 0.28619935512542727 0.37659831047058107 0.13875699043273926 0.11039762496948242
0 0.4263156771659851 0.36318244934082033 0.16673872470855713 0.088995361328125
0 0.5828947067260742 0.3730873346328735 0.16353416442871094 0.09104084968566895
0 0.7138167381286621 0.40624775886535647 0.1326892852783203 0.09937782287597656
1 0.7770252227783203 0.486374044418335 0.11765727996826172 0.11269521713256836
2 0.8062018394470215 0.5439231872558594 0.13922557830810547 0.1324007034301758
2 0.831904125213623 0.6126752376556397 0.15799922943115235 0.135048770904541
2 0.8146257400512695 0.6929360389709472 0.10001392364501953 0.09836368560791016
