2 0.1288838654756546 0.2917098760604858 0.1551797330379486 0.12038288116455079
2 0.15061306953430176 0.37030189037322997 0.18253741264343262 0.14626164436340333
2 0.16269533336162567 0.48280887603759765 0.19202595353126525 0.15867462158203124
2 0.19139715433120727 0.5788055419921875 0.1837752103805542 0.15563697814941407
1 0.21138110756874084 0.6739441871643066 0.1305791735649109 0.14140796661376953
0 0.29997007846832274 0.6702865123748779 0.13242487907409667 0.1380396842956543
0 0.41924954652786256 0.6775106430053711 0.13773343563079835 0.14018573760986328
0 0.5422212600708007 0.6900234222412109 0.1402669906616211 0.12188148498535156
0 0.6392262935638428 0.6703338623046875 0.12948923110961913 0.15461559295654298
1 0.7330950260162353 0.6978052139282227 0.14794702529907228 0.105218505859375
2 0.767812442779541 0.6061461925506592 0.18184394836425782 0.15375204086303712
2 0.787294864654541 0.4955336570739746 0.18310985565185547 0.1595778465270996
2 0.8218643188476562 0.3954002857208252 0.18050880432128907 0.15715913772583007
2 0.8514181137084961 0.27846813201904297 0.14787521362304687 0.14070334434509277
