2 0.18487519025802612 0.2998270273208618 0.13634378910064698 0.12494192123413086
2 0.19899284839630127 0.4087399482727051 0.15605268478393555 0.12696371078491211
2 0.23785094618797303 0.5213809967041015 0.13139649629592895 0.1202993392944336
1 0.29655137062072756 0.5885879993438721 0.10702342987060547 0.14158143997192382
0 0.3603353977203369 0.638111162185669 0.1143986701965332 0.1295623779296875
0 0.44379544258117676 0.658324909210205 0.10927257537841797 0.12105741500854492
0 0.5419113636016846 0.6631460189819336 0.11070833206176758 0.1267873764038086
0 0.6348579406738282 0.6385717391967773 0.11505584716796875 0.12932395935058594
1 0.7054803371429443 0.5863972663879394 0.11173715591430664 0.1658782958984375
2 0.7710274696350098 0.48702239990234375 0.15186195373535155 0.14626188278198243
2 0.8247528076171875 0.40947551727294923 0.1483917236328125 0.13602619171142577
