2 0.17442071437835693 0.3654123067855835 0.11240448951721191 0.12691473960876465
2 0.2075129747390747 0.49501352310180663 0.15273480415344237 0.18062953948974608
1 0.27424283027648927 0.5458193778991699 0.12735042572021485 0.16118717193603516
0 0.38399858474731446 0.556663703918457 0.12100791931152344 0.10355806350708008
0 0.44979009628295896 0.621739673614502 0.11404523849487305 0.14368705749511718
0 0.552622127532959 0.6309616088867187 0.11706695556640626 0.13903207778930665
0 0.632763671875 0.5899072647094726 0.12935276031494142 0.11058921813964843
1 0.7279754638671875 0.5598542213439941 0.11991949081420898 0.14625968933105468
2 0.7787848472595215 0.49760589599609373 0.15359230041503907 0.1686246871948242
2 0.7975872993469239 0.38145525455474855 0.1333108901977539 0.13902678489685058
2 0.8135021209716797 0.24785845279693602 0.1151205062866211 0.1617058753967285
2 0.9780319213867188 0.6429098606109619 0.04385719299316406 0.24885149002075196
