2 0.136329185962677 0.28498257994651793 0.19932782649993896 0.1784396290779114
2 0.15301036536693574 0.429841136932373 0.18958683609962462 0.17703590393066407
2 0.19907670021057128 0.5533269882202149 0.1546022891998291 0.18480205535888672
0 0.3366116523742676 0.716283655166626 0.1312710762023926 0.12606534957885743
0 0.4415928959846497 0.7381619453430176 0.12801854610443114 0.1161376953125
0 0.5530402183532714 0.7299145698547364 0.12256660461425781 0.10131912231445313
0 0.6512938976287842 0.6981013298034668 0.12662687301635742 0.10108642578125
1 0.7357346534729003 0.6547642707824707 0.12483558654785157 0.11918773651123046
2 0.7692752838134765 0.5641528129577636 0.1453716278076172 0.17075958251953124
2 0.8168334722518921 0.4484015941619873 0.18517308235168456 0.18320169448852539
2 0.8474577903747559 0.3050997734069824 0.19891071319580078 0.1880643844604492
