2 0.1597598075866699 0.46877117156982423 0.09204683303833008 0.12126388549804687
1 0.23088340759277343 0.484755277633667 0.10773091316223145 0.15717544555664062
0 0.2802971601486206 0.410984468460083 0.11272010803222657 0.07184457778930664
0 0.3187433958053589 0.490784740447998 0.1179577350616455 0.1478496551513672
0 0.40819849967956545 0.4145288586616516 0.16962127685546874 0.08790929317474365
0 0.4181774139404297 0.5053256988525391 0.1199336051940918 0.15259838104248047
0 0.5121533393859863 0.49128360748291017 0.11212348937988281 0.1538543701171875
0 0.5601011276245117 0.4029341697692871 0.16050491333007813 0.08740692138671875
0 0.6058416843414307 0.4638476252555847 0.11051425933837891 0.13347513675689698
1 0.6949497699737549 0.47137179374694826 0.10752153396606445 0.16282415390014648
2 0.7665069103240967 0.44107857942581175 0.10210256576538086 0.13874433040618897
