2 0.16063402891159057 0.2964338302612305 0.16409676074981688 0.1783308982849121
2 0.18889408111572265 0.44947175979614257 0.17276973724365235 0.17385969161987305
2 0.23030213713645936 0.5782388687133789 0.1577271580696106 0.17553634643554689
1 0.2903540849685669 0.6615454196929932 0.12069888114929199 0.12886667251586914
0 0.36035962104797364 0.7026503562927247 0.1037510871887207 0.10125770568847656
0 0.5347422599792481 0.7003338813781739 0.1185150146484375 0.12542877197265626
0 0.6293242454528809 0.68245849609375 0.09743404388427734 0.1071237564086914
1 0.6985342979431153 0.6377220153808594 0.12304649353027344 0.1381298065185547
2 0.7616671562194824 0.5594160079956054 0.16907005310058593 0.19143962860107422
2 0.8089290618896484 0.4186104893684387 0.18860855102539062 0.18240640163421631
2 0.8384989738464356 0.26153706908226015 0.20977039337158204 0.19604235887527466
