2 0.164653742313385 0.5528371334075928 0.16426484584808348 0.11852045059204101
2 0.19713516235351564 0.48050527572631835 0.1698596477508545 0.09854087829589844
1 0.19386045932769774 0.42330179214477537 0.09901165962219238 0.08111248016357422
0 0.29975504875183107 0.39229254722595214 0.13350858688354492 0.13436307907104492
0 0.4503077507019043 0.3972050666809082 0.18709077835083007 0.1675337791442871
0 0.6317180633544922 0.4115883708000183 0.18985824584960936 0.1682527780532837
0 0.7761883735656738 0.42911105155944823 0.11722755432128906 0.12579450607299805
2 0.8643867254257203 0.54507417678833 0.1557011127471924 0.11671981811523438
1 0.8466476678848267 0.4846160888671875 0.09530673027038575 0.07652492523193359
2 0.8843067169189454 0.6083307266235352 0.11075363159179688 0.09663362503051758
