2 0.21582484245300293 0.3484042167663574 0.11262736320495606 0.10316228866577148
2 0.22858636379241942 0.4380816459655762 0.10899624824523926 0.11160440444946289
2 0.25965980887413026 0.5423721313476563 0.13532315492630004 0.10451202392578125
1 0.2790663242340088 0.6171167373657227 0.1036285400390625 0.06769113540649414
0 0.3463940143585205 0.6517143249511719 0.08875131607055664 0.07731208801269532
0 0.43612942695617674 0.6739642143249511 0.12129573822021485 0.10437774658203125
0 0.5423220634460449 0.6770666122436524 0.12496051788330079 0.11002998352050782
1 0.7496285438537598 0.626095962524414 0.1324605941772461 0.1403970718383789
2 0.8108684539794921 0.4920738697052002 0.12384204864501953 0.12844724655151368
2 0.8323554039001465 0.31981716156005857 0.07623176574707032 0.1179415225982666
