2 0.1345125436782837 0.6030083656311035 0.08232734203338624 0.14462890625
2 0.14195382595062256 0.5901308059692383 0.0836514949798584 0.11420164108276368
2 0.15215613842010497 0.4828475475311279 0.08175120353698731 0.12439298629760742
2 0.17465025186538696 0.6025059700012207 0.10158841609954834 0.1466878890991211
1 0.19887065887451172 0.4722270488739014 0.0994039535522461 0.15385513305664061
1 0.22945865988731384 0.6059536933898926 0.10060111284255982 0.1659608840942383
0 0.2929867744445801 0.4602018356323242 0.1458354949951172 0.16123075485229493
0 0.31985626220703123 0.6196724891662597 0.12395038604736328 0.16732845306396485
0 0.4371207237243652 0.45912880897521974 0.19212684631347657 0.18439073562622071
0 0.43088895082473755 0.6158740043640136 0.13397424221038817 0.16194095611572265
0 0.543818187713623 0.6070851802825927 0.13027172088623046 0.145621395111084
0 0.6090698719024659 0.4658805847167969 0.18990049362182618 0.17377128601074218
0 0.6573327064514161 0.6046708106994629 0.1321329116821289 0.13181285858154296
0 0.7454652786254883 0.4685513019561768 0.14201011657714843 0.16136131286621094
1 0.7529710292816162 0.6088759899139404 0.10300836563110352 0.14512834548950196
2 0.8216590881347656 0.6166523933410645 0.09772090911865235 0.14506492614746094
1 0.8351291418075562 0.49217653274536133 0.09884800910949706 0.15602397918701172
2 0.8954675674438477 0.6029852390289306 0.09863014221191406 0.11360979080200195
