2 0.1927961826324463 0.5411275386810303 0.15645570755004884 0.12340736389160156
1 0.2167620599269867 0.48539156913757325 0.11081448793411255 0.12739801406860352
2 0.22251360416412352 0.6197685241699219 0.10428991317749023 0.09711713790893554
2 0.23879184126853942 0.6805694580078125 0.09303361177444458 0.08174018859863282
0 0.28774228096008303 0.4451425552368164 0.08766937255859375 0.10939569473266601
0 0.3887601375579834 0.43456807136535647 0.12696876525878906 0.11844377517700196
0 0.5096756935119628 0.42941746711730955 0.1367013931274414 0.11811180114746093
0 0.638310718536377 0.4426428318023682 0.09719161987304688 0.11215152740478515
1 0.7390867710113526 0.47433013916015626 0.11891069412231445 0.13018245697021485
2 0.8064043998718262 0.5194109916687012 0.15552806854248047 0.13977642059326173
2 0.8504417419433594 0.5913240909576416 0.17464923858642578 0.13361577987670897
2 0.8610838174819946 0.6689453125 0.13541789054870607 0.08948612213134766
