2 0.17134867906570433 0.5102336883544922 0.09448235034942627 0.06832284927368164
1 0.20242019295692443 0.47564053535461426 0.10457638502120972 0.12062129974365235
2 0.21255958080291748 0.6211261749267578 0.09591965675354004 0.09906988143920899
1 0.28040494918823244 0.6223967552185059 0.10446672439575196 0.14475612640380858
0 0.2894099235534668 0.4713767051696777 0.11217288970947266 0.12488899230957032
0 0.36176023483276365 0.6269412040710449 0.10047721862792969 0.15267534255981446
0 0.42375760078430175 0.47682952880859375 0.1949697494506836 0.1973738670349121
0 0.4557669162750244 0.6410453796386719 0.1287771224975586 0.18280763626098634
0 0.5964407444000244 0.47336483001708984 0.19056100845336915 0.18321895599365234
0 0.5702749252319336 0.6312511920928955 0.13260936737060547 0.168441104888916
0 0.6720319271087647 0.6179890632629395 0.1055633544921875 0.14852561950683593
0 0.7317538261413574 0.46516709327697753 0.11896333694458008 0.14864110946655273
1 0.7488075256347656 0.602305555343628 0.09950008392333984 0.14517946243286134
2 0.8077773094177246 0.5919306755065918 0.1051931381225586 0.1179086685180664
1 0.8150409698486328 0.4679661750793457 0.08995475769042968 0.11130104064941407
