2 0.18219962120056152 0.5030902862548828 0.08577313423156738 0.09563331604003907
2 0.20526719689369202 0.5879957199096679 0.08597372770309449 0.10139579772949218
1 0.2314152479171753 0.487517261505127 0.10656747817993165 0.12819252014160157
2 0.2518859148025513 0.5936788082122803 0.09101405143737792 0.12554435729980468
0 0.30999250411987306 0.48889846801757814 0.10925359725952148 0.12331295013427734
1 0.32163348197937014 0.5893877983093262 0.11867504119873047 0.12154664993286132
0 0.4208155632019043 0.47221360206604 0.17391977310180665 0.15285806655883788
0 0.39648237228393557 0.5844101905822754 0.05883951187133789 0.09520502090454101
0 0.4650556564331055 0.6084938526153565 0.11083145141601562 0.17359046936035155
0 0.5774184226989746 0.466262149810791 0.17437076568603516 0.14859886169433595
0 0.5620639801025391 0.6159468173980713 0.11377182006835937 0.18163270950317384
0 0.6544644832611084 0.5941466808319091 0.11538219451904297 0.1287520408630371
0 0.6970672607421875 0.4990302562713623 0.12572956085205078 0.12375097274780274
1 0.7531227111816406 0.6018811702728272 0.11129188537597656 0.1348433494567871
1 0.798982048034668 0.5029733657836915 0.11722431182861329 0.12923641204833985
2 0.8356304168701172 0.6076260089874268 0.11006698608398438 0.11203641891479492
2 0.8709819793701172 0.5206579685211181 0.09220695495605469 0.09472112655639649
