2 0.1818058729171753 0.5913041591644287 0.17763714790344237 0.12965021133422852
2 0.19209108650684356 0.6799106597900391 0.19581937193870544 0.1179391860961914
2 0.1792387217283249 0.7369808197021485 0.1584797441959381 0.05827627182006836
2 0.17924351692199708 0.7722660064697265 0.1401909828186035 0.06506061553955078
2 0.20992505550384521 0.5052305221557617 0.1865691661834717 0.14651870727539062
1 0.24043145775794983 0.417189359664917 0.15654610395431517 0.1249192237854004
0 0.3328003644943237 0.33452692031860354 0.15527081489562988 0.1225961685180664
0 0.483095121383667 0.31211099624633787 0.16608133316040039 0.10354938507080078
0 0.6274514198303223 0.3327478408813477 0.13525943756103515 0.09110107421875
0 0.743483304977417 0.378904390335083 0.1230992317199707 0.1203120231628418
2 0.8290125846862793 0.5697184562683105 0.18060855865478515 0.1232060432434082
2 0.8189939498901367 0.8077486276626586 0.1553791046142578 0.07501406669616699
1 0.8163803339004516 0.4793426036834717 0.13873553276062012 0.12738876342773436
2 0.8363907814025879 0.741234827041626 0.1737668991088867 0.11606454849243164
2 0.8353946685791016 0.6543425559997559 0.16528167724609374 0.10932388305664062
