2 0.08958460688591004 0.4036185145378113 0.07000387907028198 0.0930938959121704
2 0.12922753095626832 0.48092355728149416 0.0953970193862915 0.09059295654296876
2 0.14384474754333496 0.43546379804611207 0.07996835708618164 0.09248526096343994
2 0.19993188381195068 0.5217751502990723 0.09279751777648926 0.11331539154052735
1 0.20852537155151368 0.4522412776947021 0.09541072845458984 0.10682268142700195
1 0.265431547164917 0.5503061294555665 0.09712944030761719 0.1339038848876953
0 0.28911476135253905 0.4508070468902588 0.11184101104736328 0.11800775527954102
0 0.3582943916320801 0.557108211517334 0.11330194473266601 0.1254362106323242
0 0.4086480140686035 0.4509661793708801 0.17329769134521483 0.1661302328109741
0 0.45574536323547366 0.5839596271514893 0.12563886642456054 0.1561189651489258
0 0.5621221542358399 0.5688817024230957 0.12764472961425782 0.14124774932861328
0 0.5875838756561279 0.4360929489135742 0.17830305099487304 0.16499013900756837
0 0.6538477420806885 0.5373364448547363 0.10837173461914062 0.1293588638305664
0 0.7063515186309814 0.43286248445510866 0.09961519241333008 0.12188966274261474
1 0.7418261528015136 0.531455135345459 0.1091451644897461 0.13687849044799805
1 0.783411169052124 0.42273722887039183 0.08732271194458008 0.11075246334075928
2 0.8042170524597168 0.4927230358123779 0.08427753448486328 0.10777807235717773
2 0.8464971542358398 0.3919771671295166 0.07791557312011718 0.10738544464111328
2 0.8905725479125977 0.3701188325881958 0.06284828186035156 0.0987968921661377
