2 0.1428635001182556 0.4384099006652832 0.18922760486602783 0.18357934951782226
2 0.20712532997131347 0.5553663730621338 0.1540823459625244 0.19200010299682618
1 0.2669235706329346 0.6372463226318359 0.11637811660766602 0.1429006576538086
0 0.3897627592086792 0.2815176725387573 0.1983874797821045 0.12304387092590333
0 0.37432088851928713 0.6650134086608886 0.14079637527465821 0.12051467895507813
0 0.47175121307373047 0.6890395164489747 0.12639713287353516 0.1273501396179199
0 0.6103937149047851 0.27168846130371094 0.21299591064453124 0.09960193634033203
0 0.5834181785583497 0.6771596908569336 0.12752723693847656 0.11379127502441407
0 0.6647556304931641 0.6181068897247315 0.12974720001220702 0.12900571823120116
2 0.7791782855987549 0.48968071937561036 0.16194982528686525 0.1677859306335449
1 0.7607230186462403 0.592418098449707 0.11324024200439453 0.1421815872192383
2 0.8058915853500366 0.37381088733673096 0.19468274116516113 0.17125239372253417
2 0.8578756093978882 0.2763418674468994 0.13177838325500488 0.09570951461791992
