2 0.17694908380508423 0.39484951496124265 0.13791511058807374 0.13265280723571776
2 0.1952666997909546 0.4843109130859375 0.1533867359161377 0.11194496154785157
2 0.21964845657348633 0.5558353424072265 0.13462095260620116 0.09525814056396484
2 0.2456108033657074 0.615119743347168 0.12254954576492309 0.085009765625
1 0.2977794647216797 0.6831213951110839 0.1106154441833496 0.07909717559814453
0 0.3595705509185791 0.7172599792480469 0.09032068252563477 0.05910625457763672
0 0.45417481660842896 0.7299346923828125 0.1098397970199585 0.06292934417724609
0 0.5509199142456055 0.7258252143859864 0.10721759796142578 0.06497478485107422
0 0.6370162963867188 0.699724531173706 0.08611326217651367 0.0577509880065918
2 0.7746864318847656 0.5860689163208008 0.13280067443847657 0.10193519592285157
2 0.7973908424377442 0.5103710651397705 0.14132213592529297 0.08861589431762695
2 0.8201583623886108 0.425260591506958 0.1597748279571533 0.13480758666992188
2 0.84228994846344 0.2846379280090332 0.15115656852722167 0.20049676895141602
