2 0.17824004888534545 0.5546127319335937 0.06608378887176514 0.11585769653320313
2 0.22438253760337828 0.5424925804138183 0.08773919343948364 0.1405364990234375
2 0.2713963031768799 0.6009488105773926 0.09370279312133789 0.06916627883911133
1 0.2784124851226807 0.5142172813415528 0.10569438934326172 0.16307716369628905
1 0.34467806816101076 0.5829857349395752 0.09466042518615722 0.07057409286499024
0 0.3653214931488037 0.491892147064209 0.12412948608398437 0.154312801361084
0 0.4293527603149414 0.5738595008850098 0.10239276885986329 0.06964111328125
0 0.48575506210327146 0.48854527473449705 0.16218814849853516 0.16030263900756836
0 0.5028472423553467 0.5691444873809814 0.07641592025756835 0.05364360809326172
0 0.5822614192962646 0.5424416065216064 0.10306749343872071 0.09884796142578126
0 0.681163740158081 0.4874725341796875 0.1409287452697754 0.14337387084960937
0 0.670871353149414 0.558586597442627 0.10400314331054687 0.052165794372558597
0 0.7529913425445557 0.5456375122070313 0.07802495956420899 0.0779311180114746
1 0.8111270904541016 0.5473905563354492 0.08697338104248047 0.10894851684570313
2 0.8619894981384277 0.5468913555145264 0.05624237060546875 0.07522954940795898
