2 0.10717875957489013 0.6663642883300781 0.07745146751403809 0.13148345947265624
2 0.1298078328371048 0.5322061538696289 0.09426421523094178 0.1184126853942871
0 0.22698178887367249 0.3263986110687256 0.12067602872848511 0.13789749145507812
0 0.34756951332092284 0.2843430519104004 0.16513528823852539 0.16476736068725586
0 0.4919938087463379 0.26114473342895506 0.15730762481689453 0.12797327041625978
0 0.5834858894348145 0.28537278175354003 0.13292236328125 0.14547147750854492
1 0.6535449028015137 0.35858993530273436 0.10072460174560546 0.10826473236083985
2 0.6879427909851075 0.4524424076080322 0.1382678985595703 0.10681772232055664
2 0.7160449028015137 0.5671460628509521 0.1596517562866211 0.15600576400756835
2 0.7277284145355225 0.6914790153503418 0.1760890007019043 0.08296060562133789
