2 0.14115814864635468 0.4031407833099365 0.15093584656715392 0.13108816146850585
2 0.1310053825378418 0.28664660453796387 0.11155104637145996 0.1263742446899414
2 0.16670162379741668 0.49546213150024415 0.167085462808609 0.12392768859863282
2 0.19785494804382325 0.5517804145812988 0.185791015625 0.1522491455078125
1 0.25429978370666506 0.598574447631836 0.12053794860839843 0.13562164306640626
0 0.359825873374939 0.6061675548553467 0.1260922908782959 0.13827915191650392
0 0.45349826812744143 0.5907500267028809 0.1292949676513672 0.16302261352539063
0 0.5615215301513672 0.5966732501983643 0.1323688507080078 0.1461803436279297
0 0.6731132507324219 0.5956066131591797 0.1286334991455078 0.11508140563964844
1 0.7825982093811035 0.5710221290588379 0.12576656341552733 0.10240745544433594
2 0.8077970743179321 0.5078509330749512 0.15413317680358887 0.10988168716430664
2 0.8545270681381225 0.4395866870880127 0.12712483406066893 0.08431262969970703
