2 0.09951276779174804 0.36354770660400393 0.12009525299072266 0.10740461349487304
2 0.13139047622680664 0.45691269636154175 0.16005845069885255 0.11492846012115479
2 0.1495823621749878 0.5298110485076905 0.13752689361572265 0.084521484375
2 0.18730499744415283 0.5834511756896973 0.10853705406188965 0.07411231994628906
1 0.23596667647361755 0.6137051582336426 0.09538594484329224 0.07393150329589844
0 0.32306604385375975 0.635905408859253 0.11383209228515626 0.07632484436035156
0 0.4228081226348877 0.6486763477325439 0.11875772476196289 0.06873540878295899
0 0.5351624011993408 0.649139404296875 0.12180633544921875 0.07527427673339844
0 0.6398721694946289 0.6403326034545899 0.12303524017333985 0.06961898803710938
1 0.7444339752197265 0.626519775390625 0.12493476867675782 0.10838146209716797
2 0.8136250495910644 0.5777424812316895 0.14362506866455077 0.09817485809326172
2 0.8478241205215454 0.5234718322753906 0.14109034538269044 0.07832260131835937
2 0.8710253000259399 0.45093789100646975 0.1780829906463623 0.12114448547363281
2 0.9065702438354493 0.3590177774429321 0.10031394958496094 0.09894185066223145
