2 0.13849087953567504 0.6081887245178222 0.1496718168258667 0.08844223022460937
2 0.1478626936674118 0.6651917457580566 0.16056767106056213 0.09591464996337891
1 0.1508201390504837 0.547519588470459 0.1314969003200531 0.13427581787109374
0 0.21157166957855225 0.46784629821777346 0.11237549781799316 0.12120199203491211
0 0.34099583625793456 0.42360352277755736 0.16975183486938478 0.15523111820220947
0 0.5129964828491211 0.39265463352203367 0.17598142623901367 0.13866400718688965
0 0.6628676414489746 0.3874537467956543 0.12634315490722656 0.12074451446533203
1 0.7732762336730957 0.4259507656097412 0.13182010650634765 0.12481498718261719
2 0.817281436920166 0.49056272506713866 0.14737415313720703 0.10556182861328126
2 0.835787582397461 0.5463040351867676 0.1478647232055664 0.10068225860595703
