2 0.07352734953165055 0.41254239082336425 0.05407380759716034 0.06336736679077148
2 0.1113465666770935 0.4730216026306152 0.08933441638946533 0.07335643768310547
2 0.11006944179534912 0.4114889144897461 0.07895421981811523 0.10524578094482422
1 0.17069122791290284 0.4350594997406006 0.08853516578674317 0.10939302444458007
1 0.22969159483909607 0.5176466464996338 0.09098130464553833 0.10719089508056641
0 0.2583132266998291 0.41764168739318847 0.1300900936126709 0.13054590225219725
0 0.3251469135284424 0.5497115135192872 0.12659139633178712 0.1385599136352539
0 0.399930477142334 0.4252194881439209 0.18615331649780273 0.17134542465209962
0 0.4356884002685547 0.5698675155639649 0.12430686950683593 0.16179866790771485
0 0.5466612815856934 0.5711007118225098 0.12692012786865234 0.15895633697509765
0 0.5764698028564453 0.43551656007766726 0.17830734252929686 0.15162312984466553
0 0.656621789932251 0.5490379333496094 0.1281909942626953 0.12702198028564454
0 0.7199201583862305 0.4176126003265381 0.12231941223144531 0.13308658599853515
1 0.7541496276855468 0.5206541061401367 0.09453849792480469 0.1123769760131836
1 0.8065771102905274 0.443271267414093 0.09148216247558594 0.10258176326751708
2 0.8771410942077636 0.3965233325958252 0.08102626800537109 0.12164077758789063
