2 0.11690687835216522 0.4227163791656494 0.1903628408908844 0.1416916847229004
2 0.16157796680927278 0.5131289958953857 0.18421372771263123 0.11843576431274414
2 0.1923455446958542 0.5760139465332031 0.18854265809059143 0.10462417602539062
1 0.25755584239959717 0.629842472076416 0.10263996124267578 0.10434436798095703
0 0.35999085903167727 0.6652320861816406 0.13686833381652833 0.13540077209472656
0 0.47464871406555176 0.681495189666748 0.13909435272216797 0.12624263763427734
0 0.595667552947998 0.6769612312316895 0.13178272247314454 0.12714757919311523
0 0.7005722045898437 0.6495866775512695 0.11825923919677735 0.13159255981445311
1 0.7965685844421386 0.5980926990509033 0.14254302978515626 0.10825471878051758
2 0.8356493234634399 0.5019455909729004 0.18880228996276854 0.14997482299804688
2 0.8737646102905273 0.4168879985809326 0.20119304656982423 0.15878381729125976
