2 0.14981689751148225 0.66812105178833 0.16892985701560975 0.13929061889648436
2 0.1736559748649597 0.5896804332733154 0.14326460361480714 0.1061624526977539
2 0.20935583114624023 0.5048437118530273 0.1495615005493164 0.1229238510131836
1 0.24272477626800537 0.4068465709686279 0.11672487258911132 0.12412090301513672
0 0.42884202003479005 0.27466425895690916 0.15889053344726561 0.08205480575561523
0 0.5847075462341309 0.2924163341522217 0.1647207260131836 0.09811725616455078
0 0.6943745613098145 0.3414353847503662 0.09707651138305665 0.10653257369995117
2 0.7982741355895996 0.6102226734161377 0.17172660827636718 0.098687744140625
2 0.7871241569519043 0.5271070957183838 0.14590167999267578 0.10145263671875
1 0.7671027660369873 0.4378554344177246 0.0959620475769043 0.10678577423095703
2 0.8405658721923828 0.700566577911377 0.18816566467285156 0.11626348495483399
