2 0.13367052376270294 0.7284153938293457 0.13949989676475524 0.06548776626586914
2 0.14920480251312257 0.6647066593170166 0.1574690341949463 0.1180293083190918
2 0.1742803931236267 0.5771028518676757 0.14971330165863037 0.09417591094970704
2 0.2010272979736328 0.5000171661376953 0.1494462490081787 0.1175832748413086
1 0.2304232597351074 0.40339884757995603 0.11651358604431153 0.11270475387573242
0 0.40259542465209963 0.2954118251800537 0.1613461494445801 0.04553565979003906
0 0.5579116821289063 0.3010495662689209 0.16180343627929689 0.05453214645385742
0 0.6686859130859375 0.3476882457733154 0.09543724060058593 0.07720270156860351
1 0.754337215423584 0.445569908618927 0.11858711242675782 0.10762193202972412
2 0.7795187950134277 0.5210411071777343 0.15095767974853516 0.09641609191894532
2 0.804773497581482 0.5937102794647217 0.17072758674621583 0.09055757522583008
2 0.8464824676513671 0.6776932716369629 0.17094688415527343 0.12873916625976561
2 0.8414819955825805 0.7418630599975586 0.10307421684265136 0.05388984680175781
