2 0.1643998384475708 0.5220147132873535 0.06467962265014648 0.062823486328125
2 0.2076481819152832 0.5067817687988281 0.09033479690551757 0.11841335296630859
2 0.20310021042823792 0.5818272590637207 0.07021807432174683 0.06575498580932618
1 0.264669132232666 0.47982101440429686 0.11173734664916993 0.15501441955566406
2 0.25054569244384767 0.5825532436370849 0.08166065216064453 0.0852656364440918
1 0.3141739845275879 0.5752011299133301 0.08715448379516602 0.0980794906616211
0 0.3555761337280273 0.46954879760742185 0.11820802688598633 0.16721906661987304
0 0.3803929328918457 0.5767864227294922 0.09723825454711914 0.10410346984863281
0 0.463713264465332 0.47550129890441895 0.14551210403442383 0.17353401184082032
0 0.46272845268249513 0.5781873226165771 0.10219535827636719 0.07979364395141601
0 0.5431731224060059 0.5763099670410157 0.09904689788818359 0.08234233856201172
0 0.5871837615966797 0.48081698417663576 0.14252586364746095 0.1669219970703125
0 0.623123025894165 0.5737843036651611 0.0964533805847168 0.09389305114746094
0 0.6969208717346191 0.47824630737304685 0.11807384490966796 0.15851564407348634
0 0.7025314331054687 0.5812307357788086 0.09902782440185547 0.08408775329589843
1 0.7781174659729004 0.5728899478912354 0.0906595230102539 0.07477445602416992
1 0.7810844898223877 0.4898093223571777 0.09648847579956055 0.13366546630859374
2 0.8395181655883789 0.49886045455932615 0.07654151916503907 0.1114389419555664
2 0.8858114242553711 0.5198031425476074 0.060205841064453126 0.06682605743408203
