2 0.13631205558776854 0.48602895736694335 0.0997847557067871 0.10073060989379883
1 0.20220841765403746 0.5057355880737304 0.10555258989334107 0.08596878051757813
1 0.21283583641052245 0.46096210479736327 0.09481182098388671 0.06901073455810547
0 0.2896939754486084 0.45363502502441405 0.10229959487915039 0.07649059295654297
0 0.3002692937850952 0.5127442359924317 0.11968069076538086 0.08690204620361328
0 0.42492899894714353 0.4699976921081543 0.18273324966430665 0.1293722152709961
0 0.40406590700149536 0.5259495258331299 0.13277013301849366 0.06766166687011718
0 0.5203544139862061 0.5269623279571534 0.12301273345947265 0.07014122009277343
0 0.5887809753417969 0.45659985542297366 0.176959228515625 0.1483612060546875
0 0.6297575950622558 0.5126362800598144 0.1069864273071289 0.06675453186035156
0 0.7179057121276855 0.4442902684211731 0.12084197998046875 0.12965219020843505
1 0.8028400421142579 0.42835656404495237 0.0909881591796875 0.09583585262298584
2 0.8617851257324218 0.41699953079223634 0.07144317626953126 0.08334026336669922
2 0.8595399856567383 0.4000875473022461 0.06425228118896484 0.052416324615478516
