2 0.2095712423324585 0.505686092376709 0.13945541381835938 0.11388473510742188
1 0.2947370529174805 0.5442501068115234 0.12993803024291992 0.14006805419921875
0 0.3258321523666382 0.4144971013069153 0.1599611759185791 0.15021398067474365
0 0.4104905605316162 0.5720687866210937 0.1549149513244629 0.15674571990966796
0 0.4881202220916748 0.42738875150680544 0.19785966873168945 0.18531363010406493
0 0.536328125 0.5788217067718506 0.13565969467163086 0.14885358810424804
0 0.6618029594421386 0.43828622102737425 0.1864858627319336 0.16605145931243898
0 0.6581131935119628 0.5771102905273438 0.1360492706298828 0.14976234436035157
0 0.7642208099365234 0.5588040351867676 0.1185577392578125 0.14491195678710939
0 0.7962012767791748 0.41651391983032227 0.1266707420349121 0.15229663848876954
1 0.8374372482299804 0.5267174720764161 0.1261049270629883 0.12685346603393555
1 0.8888116836547851 0.41182594299316405 0.09637718200683594 0.08248882293701172
2 0.9617636680603028 0.4520517349243164 0.07647266387939453 0.10240669250488281
