2 0.13929312527179719 0.7201920509338379 0.14269551634788513 0.13612470626831055

2 0.16476525068283082 0.6257370948791504 0.12167909145355224 0.12172889709472656
2 0.1894840717315674 0.520444679260254 0.11102619171142578 0.12095832824707031
1 0.2241386353969574 0.4145222187042236 0.11645251512527466 0.13683500289916992
0 0.3066297769546509 0.31003105640411377 0.15390992164611816 0.15046868324279786
0 0.45199031829833985 0.2711006224155426 0.21800670623779297 0.1862920641899109
0 0.6713056564331055 0.282209587097168 0.21129264831542968 0.1875065326690674
1 0.8937551498413085 0.5920148372650147 0.06283226013183593 0.07140312194824219

2 0.926402473449707 0.7698681831359864 0.10861091613769532 0.0934234619140625
2 0.9182289123535157 0.6941225051879882 0.09185562133789063 0.12345037460327149
2 0.932598876953125 0.8182695388793946 0.11809654235839843 0.07029476165771484
