2 0.06572073101997375 0.7541422843933105 0.1314414620399475 0.1135894775390625
2 0.057094228267669675 0.7922672748565673 0.11291029453277587 0.05458822250366211
2 0.08692237138748168 0.6658663749694824 0.1474444627761841 0.13045063018798828
2 0.1334910660982132 0.5979961395263672 0.12599448561668397 0.10146360397338867
1 0.17176061868667603 0.5045310974121093 0.137296462059021 0.1351949691772461
0 0.26490709781646726 0.41771994829177855 0.14266505241394042 0.12160336971282959
0 0.4375613689422607 0.37906718254089355 0.24043989181518555 0.16963577270507812
0 0.6454397678375244 0.4016562581062317 0.21810731887817383 0.1928016424179077
0 0.7738968849182128 0.46308698654174807 0.10082015991210938 0.1231161117553711
2 0.8425687789916992 0.7846520900726318 0.18527469635009766 0.14042272567749023
1 0.8214723587036132 0.5662809371948242 0.12975845336914063 0.10979175567626953
2 0.8480696678161621 0.7030189514160157 0.17861557006835938 0.14024019241333008
2 0.8413875579833985 0.6245315551757813 0.13550910949707032 0.06886501312255859
