2 0.10015230178833008 0.6980030059814453 0.20030460357666016 0.14633350372314452
2 0.10628880262374878 0.780179500579834 0.21257760524749755 0.12238788604736328
2 0.10379550158977509 0.621432113647461 0.19322481751441956 0.12082080841064453
1 0.09823724627494812 0.5063310623168945 0.18029171228408813 0.17180252075195312
0 0.33211703300476075 0.35104966163635254 0.23736867904663086 0.19481449127197265
0 0.5726143836975097 0.3256005525588989 0.2308065414428711 0.18263182640075684
0 0.743472671508789 0.385311222076416 0.14394359588623046 0.14525222778320312
1 0.8234478235244751 0.4690049052238464 0.17967829704284669 0.1683119058609009
2 0.8455363273620605 0.5661557674407959 0.1982969284057617 0.1583791732788086
2 0.8677352905273438 0.7394632339477539 0.20783596038818358 0.12041397094726562
2 0.872365665435791 0.6531446933746338 0.21383495330810548 0.14533557891845703
