2 0.15508801937103273 0.3771939754486084 0.08946719169616699 0.08699712753295899
2 0.17936793565750123 0.46018266677856445 0.07765934467315674 0.10611228942871094
1 0.22841867804527283 0.41141597032546995 0.10299493074417114 0.1101917028427124
2 0.22386283278465272 0.4913186073303223 0.08619405031204223 0.10085296630859375
1 0.2905830144882202 0.5177462577819825 0.09772663116455078 0.12130699157714844
0 0.32425947189331056 0.42308864593505857 0.11754407882690429 0.13810977935791016
0 0.37376718521118163 0.5408069610595703 0.1087301254272461 0.12317180633544922
0 0.4390833377838135 0.43374905586242674 0.15794992446899414 0.15537042617797853
0 0.4583268165588379 0.5509574890136719 0.10364532470703125 0.1273883819580078
0 0.543083667755127 0.5440123081207275 0.10582695007324219 0.12296924591064454
0 0.5765043258666992 0.4259230732917786 0.15531997680664061 0.17021691799163818
0 0.6267206192016601 0.5304587364196778 0.0998769760131836 0.11803216934204101
0 0.689722204208374 0.40794830322265624 0.11937665939331055 0.12329254150390626
1 0.6931326866149903 0.506718635559082 0.09502782821655273 0.1124847412109375
2 0.7582249164581298 0.4750398635864258 0.08253593444824218 0.12150630950927735
1 0.781818962097168 0.3856762409210205 0.10320301055908203 0.11455097198486328
2 0.8444246292114258 0.34929776191711426 0.06764602661132812 0.08555212020874023
