2 0.041135698556900024 0.5328781604766846 0.0810747504234314 0.09171628952026367
2 0.09010183215141296 0.5177780151367187 0.0858918309211731 0.11300830841064453
2 0.09235442876815796 0.5780267715454102 0.07975826263427735 0.058574676513671875
1 0.14982583224773408 0.4855962753295898 0.11646814942359925 0.1534796714782715
2 0.1529083013534546 0.5696564674377441 0.08904895782470704 0.08621006011962891
1 0.2286379337310791 0.5579301834106445 0.12783408164978027 0.1359569549560547
0 0.25940889716148374 0.42430458068847654 0.16256734132766723 0.17994632720947265
0 0.34055018424987793 0.5465659141540528 0.12885627746582032 0.1551370620727539
0 0.42577300071716306 0.4197061061859131 0.21660337448120118 0.21520557403564453
0 0.4610597610473633 0.5669937133789062 0.14949722290039064 0.16639041900634766
0 0.5822980880737305 0.5549071788787842 0.13348960876464844 0.1693741798400879
0 0.6316414833068847 0.4281899333000183 0.217706298828125 0.21794397830963136
0 0.6984174728393555 0.5703664779663086 0.12931861877441406 0.13807716369628906
0 0.7866976737976075 0.4559634327888489 0.15254573822021483 0.17377088069915772
1 0.8003304481506348 0.5842313766479492 0.1154937744140625 0.1280874252319336
1 0.8773473739624024 0.5183568477630616 0.10080814361572266 0.14425382614135743
2 0.8715264320373535 0.606422233581543 0.06351718902587891 0.06703357696533203
2 0.9224357604980469 0.5624504089355469 0.09474220275878906 0.09963493347167969
2 0.9322651863098145 0.5875640869140625 0.09295425415039063 0.07051601409912109
