2 0.1408867359161377 0.7026588439941406 0.19815592765808104 0.09077529907226563
2 0.1621967077255249 0.6124876022338868 0.17775259017944336 0.15167808532714844
2 0.19396109580993653 0.5242398738861084 0.15305476188659667 0.14429407119750975
1 0.23157530426979064 0.43567838668823244 0.11645687818527221 0.12951393127441407
0 0.2963254451751709 0.36643569469451903 0.10497722625732422 0.10758967399597168
0 0.39659652709960935 0.3206291198730469 0.15582103729248048 0.11465959548950196
0 0.5586912155151367 0.3106797218322754 0.1564971923828125 0.11434783935546874
0 0.6678542137145996 0.3328122138977051 0.09815540313720703 0.1044651985168457
1 0.7385632514953613 0.38249940872192384 0.10736083984375 0.13530092239379882
2 0.7809925079345703 0.4644037365913391 0.15273265838623046 0.15660626888275148
2 0.825594425201416 0.5462412357330322 0.1794282913208008 0.16474294662475586

2 0.8528947830200195 0.6458528518676758 0.186968994140625 0.10747623443603516
