2 0.14141888320446014 0.3362315893173218 0.1730976164340973 0.14858794212341309
2 0.17377783954143525 0.42979165315628054 0.1542461931705475 0.12351682186126708
2 0.2123474657535553 0.5190622806549072 0.13654135465621947 0.10222444534301758
1 0.2720053195953369 0.5658676147460937 0.1521277904510498 0.1264516830444336
0 0.3435688018798828 0.6445390701293945 0.13892908096313478 0.13900718688964844
0 0.4661895275115967 0.6522980690002441 0.13000574111938476 0.13888282775878907
0 0.5776447296142578 0.6483828544616699 0.12279949188232422 0.136767578125
0 0.6775557041168213 0.6213288307189941 0.13273983001708983 0.14930028915405275
1 0.7745125770568848 0.5594412803649902 0.14309272766113282 0.13157367706298828
2 0.8016910552978516 0.40732440948486326 0.13857460021972656 0.0745687484741211
2 0.8376192092895508 0.32732932567596434 0.18421878814697265 0.16991591453552246
2 0.8181123733520508 0.47003765106201173 0.11118717193603515 0.08903121948242188
