2 0.15254061222076415 0.7333871841430664 0.15601139068603515 0.1510395050048828
2 0.15749410390853882 0.655331802368164 0.10866425037384034 0.07352533340454101
2 0.18588645458221437 0.5665987968444824 0.15062479972839354 0.145709228515625
1 0.19771347045898438 0.47839937210083006 0.10801072120666504 0.07988519668579101
0 0.2498396873474121 0.35755352973937987 0.13167166709899902 0.11386957168579101
0 0.3722343444824219 0.27753372192382814 0.19517917633056642 0.12153959274291992
0 0.5627413272857666 0.26794235706329345 0.20743875503540038 0.11488299369812012
0 0.6846142768859863 0.31978845596313477 0.08465995788574218 0.08115482330322266
2 0.8039955377578736 0.5198304176330566 0.09808764457702637 0.10154876708984376
2 0.8701833724975586 0.707206916809082 0.11583595275878907 0.11416473388671874
