2 0.1804826021194458 0.5208880424499511 0.15540051460266113 0.09436712265014649
2 0.24895101189613342 0.5839554786682128 0.11034029722213745 0.06216001510620117
1 0.34607763290405275 0.6164896965026856 0.10027813911437988 0.06262626647949218
0 0.4580711841583252 0.6420777320861817 0.12767963409423827 0.06532630920410157
0 0.565394401550293 0.6463139533996582 0.1155477523803711 0.06438694000244141
0 0.669146203994751 0.6370161533355713 0.12435503005981445 0.07456998825073242
0 0.7684256553649902 0.5973165988922119 0.1159280776977539 0.07617416381835937
1 0.8741920471191407 0.5145511627197266 0.1307544708251953 0.10609989166259766
2 0.9073545455932617 0.4039755821228027 0.16399803161621093 0.14745941162109374
2 0.9138307571411133 0.2976971626281738 0.12194595336914063 0.10737419128417969
