2 0.1260552763938904 0.5773510932922363 0.08015477657318115 0.0418670654296875
2 0.19477925300598145 0.578469181060791 0.08305587768554687 0.054783058166503903
1 0.2726694822311401 0.5652849197387695 0.1055150032043457 0.07738666534423828
0 0.3643672943115234 0.5602960586547852 0.11356401443481445 0.08852882385253906
0 0.4389130711555481 0.4846827507019043 0.17770936489105224 0.11236534118652344
0 0.4601325035095215 0.5557423114776612 0.11902618408203125 0.09250431060791016
0 0.5608220100402832 0.5606107711791992 0.12306938171386719 0.10344066619873046
0 0.5979424476623535 0.4718578815460205 0.17748794555664063 0.11408233642578125
0 0.6557279586791992 0.5528635025024414 0.10878448486328125 0.10395450592041015
1 0.7344471454620362 0.555061149597168 0.0799321174621582 0.08357810974121094
2 0.7979751586914062 0.5567232131958008 0.09440097808837891 0.06489906311035157
2 0.8134689331054688 0.5567237377166748 0.12437362670898437 0.07023439407348633
