2 0.1094812273979187 0.5716782569885254 0.20928714275360108 0.15779590606689453
2 0.0992984116077423 0.6298357486724854 0.1832147002220154 0.07121191024780274
2 0.11126065254211426 0.458919095993042 0.1998514175415039 0.146417236328125
2 0.11696182489395142 0.6804655075073243 0.16165239810943605 0.10201816558837891
2 0.15050075054168702 0.3650501251220703 0.2025134563446045 0.1610340118408203
1 0.19838223457336426 0.2631239891052246 0.15940942764282226 0.12030563354492188
0 0.7635408878326416 0.2667869567871094 0.145790958404541 0.12739081382751466
1 0.8248752593994141 0.3587181568145752 0.1596445083618164 0.15959320068359376
2 0.8625058174133301 0.4583688735961914 0.1887950897216797 0.14532670974731446
2 0.8929384231567383 0.5485098838806153 0.18186073303222655 0.13552188873291016
2 0.8752531051635742 0.735944128036499 0.1438995361328125 0.09805765151977539
2 0.8981763839721679 0.6397775173187256 0.18882980346679687 0.14843244552612306
2 0.8777462005615234 0.7158150672912598 0.1384408950805664 0.09217758178710937
