2 0.16024720668792725 0.5172596931457519 0.09358806610107422 0.09705753326416015
1 0.2072443902492523 0.49315333366394043 0.12511407136917113 0.1104813575744629
2 0.19294075965881347 0.5829911231994629 0.07343173027038574 0.10154857635498046
1 0.2576297760009766 0.5743111610412598 0.09424867630004882 0.12454586029052735
0 0.3605961322784424 0.44910908937454225 0.16183061599731446 0.17625710964202881
0 0.3299494981765747 0.5732851505279541 0.09233288764953614 0.11538677215576172
0 0.4134221076965332 0.5818679809570313 0.10924816131591797 0.15088291168212892
0 0.5162407875061035 0.4438725471496582 0.17012557983398438 0.16157751083374022
0 0.5048779964447021 0.5821079254150391 0.11331939697265625 0.15564937591552735
0 0.5911664009094239 0.5629395008087158 0.09801511764526367 0.11631078720092773
0 0.6402955055236816 0.4672983646392822 0.12421913146972656 0.12378349304199218
1 0.6767610549926758 0.5718971252441406 0.10424575805664063 0.1468891143798828
1 0.733212947845459 0.48627433776855467 0.11915912628173828 0.13340167999267577
2 0.7424844264984131 0.5754754066467285 0.0892791748046875 0.1099691390991211
2 0.7990889549255371 0.5768274307250977 0.09712734222412109 0.09097537994384766
2 0.7993497848510742 0.5002336978912354 0.08765811920166015 0.10484046936035156
2 0.8472633361816406 0.5712728023529052 0.0816884994506836 0.10263967514038086
2 0.8412944793701171 0.5119367122650147 0.06712188720703124 0.0816847801208496
