2 0.13157005310058595 0.6519564628601074 0.17054386138916017 0.08665485382080078
2 0.1443915396928787 0.5781623840332031 0.1809217393398285 0.11265001296997071
1 0.13953063488006592 0.5077656745910645 0.10923562049865723 0.11674022674560547
0 0.1948404550552368 0.42653473615646365 0.1168478012084961 0.13730261325836182
0 0.32989063262939455 0.37340798377990725 0.17875537872314454 0.1250380516052246
0 0.5017759799957275 0.3542414665222168 0.1782867431640625 0.10691633224487304
0 0.6465005874633789 0.36575362682342527 0.12904644012451172 0.13535599708557128
1 0.7399680614471436 0.437732458114624 0.10614013671875 0.12385282516479493
2 0.7788678169250488 0.47213969230651853 0.17341346740722657 0.14467172622680663
2 0.8053577423095704 0.5574973106384278 0.1618011474609375 0.1083216667175293
2 0.8198091506958007 0.6228511810302735 0.1813030242919922 0.10478000640869141
