2 0.1798080325126648 0.5837198734283447 0.09513599872589111 0.11119489669799805
1 0.21644136905670167 0.4708821773529053 0.10774292945861816 0.11553812026977539
0 0.2567819833755493 0.5723480224609375 0.10632433891296386 0.13757667541503907
1 0.3397477865219116 0.43926478624343873 0.19071059226989745 0.16998956203460694
0 0.35080633163452146 0.5498916149139405 0.14103431701660157 0.11921014785766601
0 0.46566333770751955 0.523151969909668 0.1460887908935547 0.10654525756835938
0 0.5115531921386719 0.4113743662834167 0.19767589569091798 0.16712477207183837
0 0.592966365814209 0.4958319664001465 0.14198627471923828 0.11431684494018554
0 0.663698673248291 0.39440255165100097 0.1481393814086914 0.1270430564880371
0 0.7125880241394043 0.4881009101867676 0.1383331298828125 0.11076583862304687
0 0.7668022632598877 0.3907721281051636 0.1061436653137207 0.12274775505065919
1 0.8127985954284668 0.4796262741088867 0.10061149597167969 0.10923423767089843
1 0.8393361091613769 0.3915306329727173 0.09297237396240235 0.09967694282531739
2 0.8671765327453613 0.4706486701965332 0.11322555541992188 0.10588455200195312
2 0.9179244041442871 0.459127140045166 0.10030117034912109 0.10190391540527344
