2 0.21987175941467285 0.4079536318778992 0.09697790145874023 0.09944212436676025
0 0.315202522277832 0.39610719680786133 0.14608364105224608 0.1290525436401367
1 0.3176147937774658 0.48028087615966797 0.09029207229614258 0.1004709243774414
0 0.395628547668457 0.4899846076965332 0.12214765548706055 0.13259525299072267
0 0.5322868824005127 0.5027177810668946 0.18252668380737305 0.12737445831298827
0 0.5402897834777832 0.406229829788208 0.19620389938354493 0.15980911254882812
0 0.6920030593872071 0.4898259162902832 0.14788169860839845 0.13811302185058594
0 0.6856718063354492 0.39757347106933594 0.12323932647705078 0.11924228668212891
1 0.7702118873596191 0.40675088167190554 0.09608020782470703 0.08776051998138427
2 0.8014278411865234 0.4845257759094238 0.12592105865478515 0.10592384338378906
2 0.8425405502319336 0.4483365535736084 0.08589363098144531 0.0765045166015625
