2 0.10083925724029541 0.44545979499816896 0.20167851448059082 0.16619272232055665
2 0.09098524451255799 0.32544431686401365 0.17782098054885864 0.1393967628479004
2 0.12366898357868195 0.5562523365020752 0.17789072394371033 0.1405862808227539
2 0.1517888069152832 0.6250325202941894 0.14958581924438477 0.13731651306152343
1 0.21497733592987062 0.6684741020202637 0.11993608474731446 0.12845458984375
0 0.32064430713653563 0.6924217224121094 0.12668533325195314 0.11277008056640625
0 0.4402161598205566 0.7042210578918457 0.13683910369873048 0.11046848297119141
0 0.5640458583831787 0.7023799896240235 0.1374988555908203 0.10341663360595703
0 0.6866530418395996 0.6828216552734375 0.12536792755126952 0.09909696578979492
1 0.7930710792541504 0.6516417503356934 0.1068735122680664 0.10301856994628907
2 0.8328670501708985 0.6019166469573974 0.15559234619140624 0.11615629196166992
2 0.8718307495117188 0.4153299331665039 0.19670963287353516 0.14748945236206054
2 0.8633467674255371 0.5272269248962402 0.17094974517822265 0.1318134307861328
2 0.8677106857299804 0.3014035701751709 0.17127914428710939 0.14727706909179689
