2 0.0963882863521576 0.7151638031005859 0.1927765727043152 0.11030139923095703
2 0.06497374176979065 0.5720565795898438 0.12963870763778687 0.1485433578491211
1 0.06521143913269042 0.45593053102493286 0.1300567865371704 0.14856164455413817
2 0.08206804990768432 0.6466552734375 0.16344382762908935 0.1368701934814453
0 0.1343062400817871 0.3409524917602539 0.10368726253509522 0.10590314865112305
0 0.3045558393001556 0.279442685842514 0.24718657732009888 0.1877254605293274
0 0.5539207458496094 0.2526032209396362 0.2496490478515625 0.15729641914367676
0 0.7112332344055176 0.3465296983718872 0.16526718139648439 0.14591145515441895
2 0.8113393545150757 0.6850956916809082 0.21077466011047363 0.11760158538818359
2 0.7936604499816895 0.6910414218902587 0.16926403045654298 0.10243158340454102
2 0.8290002822875977 0.6257153511047363 0.21867694854736328 0.1347339630126953
1 0.8152231216430664 0.4216646671295166 0.1872713088989258 0.1560513496398926
2 0.8366788625717163 0.533826208114624 0.20877270698547362 0.1309290885925293
