2 0.10706957578659057 0.2927710056304932 0.1407952070236206 0.16199607849121095
2 0.1435197800397873 0.41181105375289917 0.1599814474582672 0.15423433780670165
2 0.1896605372428894 0.5097492218017579 0.16632492542266847 0.14327774047851563
1 0.2283008098602295 0.6069518566131592 0.1365434169769287 0.13668107986450195
0 0.3233543634414673 0.6667136192321778 0.13898606300354005 0.13446521759033203
0 0.4430930018424988 0.6849112033843994 0.12790510654449463 0.13254404067993164
0 0.5642705917358398 0.6779165744781495 0.13195838928222656 0.13960437774658202
0 0.6819767951965332 0.6545148849487304 0.14312973022460937 0.13940277099609374
1 0.7701624870300293 0.5853984832763672 0.12952709197998047 0.13383703231811522
2 0.8016674041748046 0.48909702301025393 0.16132087707519532 0.12713756561279296
2 0.8501667022705078 0.39029555320739745 0.14486217498779297 0.14284448623657225
2 0.8667938232421875 0.32733497619628904 0.14895954132080078 0.10708274841308593
2 0.8732285499572754 0.28369641304016113 0.13220291137695311 0.165142822265625
