2 0.09916243553161622 0.7089348316192627 0.19832487106323243 0.12649965286254883
2 0.07356306314468383 0.5372650146484375 0.14712612628936766 0.15746097564697265
1 0.06828064918518066 0.40081013441085817 0.1362373113632202 0.1783979654312134
2 0.07437098622322083 0.6436268806457519 0.1481747508049011 0.1137547492980957
0 0.13270981311798097 0.2871376991271973 0.17536864280700684 0.1761781692504883
0 0.2916325330734253 0.21009232997894287 0.2532765865325928 0.20357842445373536
0 0.5453449249267578 0.20119714736938477 0.2685222625732422 0.20391197204589845
0 0.773196029663086 0.25855042934417727 0.1776742935180664 0.17573471069335939
1 0.8812259674072266 0.381610631942749 0.1335163116455078 0.16319608688354492
2 0.9179710388183594 0.5302711486816406 0.16405792236328126 0.15311069488525392
2 0.9319929599761962 0.7168604850769043 0.13601408004760743 0.14678096771240234
2 0.9398139953613281 0.6223103523254394 0.11992073059082031 0.14974288940429686
