2 0.12787313461303712 0.6953103542327881 0.2096109390258789 0.13036603927612306
2 0.11422431468963623 0.7643283843994141 0.16645193099975586 0.10232048034667969
2 0.15897369384765625 0.5920008659362793 0.17185139656066895 0.13932266235351562
1 0.21309995651245117 0.4851198673248291 0.15102128982543944 0.1453624725341797
0 0.3285106658935547 0.3524740934371948 0.1495265007019043 0.14771389961242676
0 0.4862674593925476 0.2766170561313629 0.19453833103179932 0.1651877284049988
0 0.6569968223571777 0.25767382979393005 0.17554874420166017 0.1273083806037903
0 0.7887648582458496 0.29607086181640624 0.11086139678955079 0.11889781951904296
2 0.8739770650863647 0.631959056854248 0.1631992816925049 0.10537223815917969
2 0.8817850112915039 0.5638936519622803 0.16416759490966798 0.11629600524902343
2 0.8819841384887696 0.4674497604370117 0.15602989196777345 0.14931535720825195
1 0.8643192291259766 0.3820864200592041 0.11607818603515625 0.13001518249511718
