2 0.07850354313850402 0.4745205879211426 0.12570103406906127 0.12263755798339844
2 0.062372219562530515 0.608091402053833 0.08315119743347169 0.09012060165405274

0 0.17698018550872802 0.45904107093811036 0.1530930995941162 0.20195045471191406
1 0.15877289772033693 0.623187780380249 0.08702678680419922 0.14522285461425782
0 0.2399817943572998 0.6329305648803711 0.1250235080718994 0.18580284118652343
0 0.3388939142227173 0.4578895688056946 0.22471022605895996 0.2626441717147827
0 0.3476935148239136 0.6401964664459229 0.14992203712463378 0.17049875259399414
0 0.4762876510620117 0.6244620323181153 0.14492359161376953 0.16779756546020508
0 0.5269291400909424 0.4498470306396484 0.22236986160278321 0.2387997627258301
0 0.5972899436950684 0.6048532485961914 0.15134525299072266 0.16961021423339845
0 0.6702056884765625 0.43652591705322263 0.1282564163208008 0.1935521125793457
1 0.7180498600006103 0.5661707401275635 0.14526634216308593 0.17612180709838868
1 0.7623327255249024 0.4107978820800781 0.10721397399902344 0.13919830322265625

2 0.7999661922454834 0.5081933021545411 0.10790548324584961 0.1151947021484375
