2 0.06455702185630799 0.1996903896331787 0.12911404371261598 0.1526261806488037
2 0.08970797061920166 0.3450861930847168 0.178366756439209 0.18372936248779298
2 0.12357965707778931 0.4730984687805176 0.15823824405670167 0.13288383483886718
2 0.16509246826171875 0.5757137298583984 0.15484004020690917 0.1365264892578125
1 0.2337477207183838 0.6725831985473633 0.1397843837738037 0.11452102661132812
0 0.3209585189819336 0.7232677459716796 0.12375202178955078 0.10321044921875
0 0.42692593336105344 0.7376438617706299 0.12514688968658447 0.10197620391845703
0 0.5361294269561767 0.7361348152160645 0.11922111511230468 0.09380970001220704
0 0.6340291976928711 0.70625 0.13227758407592774 0.10309371948242188
1 0.7003722190856934 0.6436777114868164 0.1473337173461914 0.11340007781982422
2 0.7485692024230957 0.5522299766540527 0.1371734619140625 0.12404136657714844
2 0.7664831638336181 0.4557032585144043 0.14032487869262694 0.11395635604858398
2 0.8092679977416992 0.35040552616119386 0.14843597412109374 0.16078553199768067
2 0.8275881767272949 0.20701229572296143 0.13872737884521485 0.15826354026794434
