2 0.168094003200531 0.3315387010574341 0.18774702548980712 0.16576457023620605
2 0.1797974705696106 0.45683878660202026 0.17005698680877684 0.13571512699127197
2 0.23229957222938538 0.5544413566589356 0.1309862971305847 0.12196779251098633
1 0.2881136655807495 0.6317548751831055 0.10952525138854981 0.0722208023071289
0 0.38904833793640137 0.6699863910675049 0.10335149765014648 0.0739701271057129
0 0.47928218841552733 0.6940848350524902 0.1120718002319336 0.0672821044921875
0 0.5861654281616211 0.6898111343383789 0.11442108154296875 0.06640872955322266
0 0.683347749710083 0.6626232147216797 0.09983415603637695 0.07372779846191406
1 0.753537368774414 0.6015980243682861 0.10776958465576172 0.0869415283203125
2 0.8015916824340821 0.5189014434814453 0.13473472595214844 0.10900812149047852
2 0.8391308784484863 0.30608334541320803 0.16775474548339844 0.1589752197265625
2 0.8323696374893188 0.42685251235961913 0.14992213249206543 0.11672830581665039
