2 0.07559750080108643 0.2996133089065552 0.1452965497970581 0.1756274700164795
2 0.06065157651901245 0.41758108139038086 0.11260035037994384 0.13614349365234374
2 0.07576928138732911 0.16190122365951537 0.14090299606323242 0.1574044942855835
2 0.06656756401062011 0.5437260627746582 0.12117860317230225 0.16240234375
1 0.10483239889144898 0.671214246749878 0.17782964706420898 0.13223142623901368
0 0.1911766529083252 0.7514945983886718 0.19286274909973145 0.14417724609375
0 0.35675065517425536 0.785866641998291 0.1670532703399658 0.1671052932739258
0 0.5109308242797852 0.7984596729278565 0.17259635925292968 0.1571131706237793
0 0.6779368400573731 0.7664202690124512 0.19907569885253906 0.1661611557006836
1 0.8130511999130249 0.6851440906524658 0.19926877021789552 0.1732192039489746
2 0.8872386693954468 0.2838290274143219 0.20884251594543457 0.19453495740890503
2 0.8843833923339843 0.5332812309265137 0.1901498794555664 0.16176090240478516
2 0.8962713241577148 0.1370191216468811 0.19142646789550782 0.18242509365081788
2 0.9086292266845704 0.4155980110168457 0.15492172241210939 0.15245647430419923
