2 0.18264026641845704 0.3470942497253418 0.14242653846740722 0.12271757125854492
2 0.1932041883468628 0.44196438789367676 0.16280155181884765 0.12439804077148438
2 0.22309544086456298 0.5314305305480957 0.14840850830078126 0.13521652221679686
1 0.26380696296691897 0.602587366104126 0.11034927368164063 0.12067995071411133
0 0.3446791410446167 0.6485542297363281 0.12421145439147949 0.09432058334350586
0 0.45263444185256957 0.6641960144042969 0.12185914516448974 0.07950935363769532
0 0.5649753093719483 0.6780049324035644 0.12014741897583008 0.094091796875
0 0.6748807430267334 0.6797178745269775 0.13238325119018554 0.11917638778686523
1 0.7611337661743164 0.624532413482666 0.11109809875488282 0.10973110198974609
2 0.7838486671447754 0.5595034599304199 0.13566150665283203 0.10543613433837891
2 0.8199951171875 0.4821794509887695 0.1597238540649414 0.12052574157714843
2 0.8505116462707519 0.41301134824752805 0.12497234344482422 0.06953070163726807
