2 0.10464984178543091 0.5623184204101562 0.20929968357086182 0.15598278045654296
2 0.11703231334686279 0.6520325660705566 0.22667851448059081 0.09690885543823242
1 0.09763066172599792 0.4464385509490967 0.1851150631904602 0.12171506881713867
2 0.10625399351119995 0.7139484882354736 0.1989579439163208 0.09158535003662109
0 0.13438925743103028 0.3737636566162109 0.1394521713256836 0.17585115432739257
0 0.31460368633270264 0.350354266166687 0.24593796730041503 0.2198925495147705
0 0.555354118347168 0.3354909896850586 0.24509010314941407 0.2202315330505371
0 0.7355368137359619 0.3828349351882935 0.14821462631225585 0.19774394035339354
2 0.8543729543685913 0.5372578620910644 0.23047146797180176 0.1816478729248047
2 0.8795442342758178 0.6137155532836914 0.21018033027648925 0.11552696228027344

1 0.8483804702758789 0.43615142107009885 0.13559017181396485 0.17878129482269287
2 0.8864196538925171 0.6818667411804199 0.20913090705871581 0.08191394805908203
