1 0.1674255609512329 0.43657684326171875 0.12618322372436525 0.11611766815185547
0 0.2763622760772705 0.43515830039978026 0.1410299777984619 0.14151287078857422
0 0.3624096155166626 0.5683111190795899 0.13077197074890137 0.15774106979370117
0 0.428862476348877 0.4341628193855286 0.20365314483642577 0.1922919988632202
0 0.4716315269470215 0.5786017417907715 0.1361166000366211 0.1586282730102539
0 0.6035036087036133 0.44603614807128905 0.1924680709838867 0.14810943603515625
0 0.5831485748291015 0.5768173217773438 0.13675594329833984 0.16149063110351564
0 0.6953623771667481 0.5743208885192871 0.12772026062011718 0.1552607536315918
0 0.743489933013916 0.4317185878753662 0.1314910888671875 0.1415435791015625
1 0.785855484008789 0.5584556102752686 0.08921546936035156 0.1200230598449707
1 0.8393423080444335 0.4285581707954407 0.11262550354003906 0.10228784084320068
2 0.8569303512573242 0.5270565986633301 0.10240669250488281 0.09124107360839843
2 0.9077643394470215 0.41075572967529295 0.06936664581298828 0.0674921989440918
