1 0.2101815700531006 0.4562674403190613 0.1070777416229248 0.11958563327789307
0 0.303291916847229 0.47361507415771487 0.11593155860900879 0.12381057739257813
0 0.29744815826416016 0.40989670753479 0.09933452606201172 0.06147909164428711
0 0.4311055183410645 0.4459056735038757 0.18546180725097655 0.12507421970367433
0 0.40665332078933714 0.48321685791015623 0.13393723964691162 0.13690433502197266

0 0.5221478462219238 0.5115252017974854 0.1120218276977539 0.08495521545410156
0 0.5954460144042969 0.4449049115180969 0.1774540901184082 0.13502728939056396
0 0.6280608177185059 0.5029649257659912 0.11726417541503906 0.09174070358276368
0 0.7323139667510986 0.4389972686767578 0.11246623992919921 0.1166966438293457
1 0.8144891500473023 0.42068167924880984 0.07590680122375489 0.060384154319763184
