2 0.0928230881690979 0.2660132348537445 0.18500230312347413 0.19723159074783325
2 0.11109509766101837 0.4190813899040222 0.17892774939537048 0.17002546787261963
2 0.14616239070892334 0.5265623569488526 0.15688176155090333 0.13307561874389648
1 0.18208523988723754 0.6458712577819824 0.1188302755355835 0.14549846649169923
0 0.28301258087158204 0.6841105461120606 0.13333797454833984 0.16422882080078124
0 0.39569268226623533 0.7285825729370117 0.1417241096496582 0.16548328399658202
0 0.5205216884613038 0.7287065505981445 0.1374587059020996 0.1684793472290039
0 0.6422442436218262 0.7045858383178711 0.13422393798828125 0.156707763671875
1 0.7455332756042481 0.6669640064239502 0.13189735412597656 0.15164785385131835
2 0.7934719085693359 0.567293357849121 0.17078857421875 0.1689615249633789
2 0.8451867818832397 0.4667677402496338 0.19482998847961425 0.1405707359313965
2 0.8653791666030883 0.3222940683364868 0.22472796440124512 0.2104611873626709
2 0.8921261787414551 0.2083495080471039 0.1975313186645508 0.083338463306427
