1 0.15612905025482177 0.40070695877075196 0.10391101837158204 0.11183862686157227
2 0.22166097164154053 0.5742822170257569 0.1109386920928955 0.12766609191894532
0 0.25102074146270753 0.39356958866119385 0.1311025619506836 0.1522965908050537
1 0.2911949396133423 0.5703507423400879 0.13165950775146484 0.11869239807128906
0 0.3942187547683716 0.4006153106689453 0.20697131156921386 0.1687607765197754
0 0.36334106922149656 0.6105345249176025 0.14111647605895997 0.14629096984863282
0 0.4837229251861572 0.618733024597168 0.1317523956298828 0.15288009643554687
0 0.5919009685516358 0.40027880668640137 0.22087745666503905 0.16989431381225586
0 0.5953292846679688 0.6206273078918457 0.12377433776855469 0.16016273498535155
0 0.6977394104003907 0.6152772903442383 0.12591152191162108 0.15749588012695312
0 0.7471858024597168 0.3995453596115112 0.13692913055419922 0.14635815620422363
1 0.7932857513427735 0.6040255546569824 0.11090679168701172 0.1132211685180664
2 0.8231392145156861 0.5630568504333496 0.09649195671081542 0.0987081527709961
1 0.8209245681762696 0.41969828605651854 0.08906841278076172 0.12168188095092773
2 0.8787168502807617 0.4185145378112793 0.10286331176757812 0.12627239227294923
