2 0.07897700071334839 0.40113983154296873 0.10611920356750489 0.08127422332763672
2 0.14233594238758088 0.43476548194885256 0.10608815550804138 0.13060483932495118
2 0.19598743915557862 0.46773195266723633 0.10117478370666504 0.11058254241943359
1 0.220916086435318 0.40837788581848145 0.09625052213668824 0.0905085563659668
1 0.265030837059021 0.5029644012451172 0.10093307495117188 0.13162155151367189
0 0.30326337814331056 0.41008524894714354 0.12326011657714844 0.10892095565795898
0 0.3585927486419678 0.5291266441345215 0.11918325424194336 0.1488311767578125
0 0.4397593379020691 0.4786571502685547 0.18299639225006104 0.26497535705566405
0 0.46059622764587405 0.5921457290649415 0.1126021385192871 0.06066207885742188
0 0.5908962249755859 0.481105375289917 0.20356216430664062 0.2540785789489746
0 0.5595545768737793 0.5943403244018555 0.10970306396484375 0.057966423034667966
0 0.6567827701568604 0.5403839111328125 0.11483612060546874 0.13996124267578125
0 0.7260167121887207 0.43243842124938964 0.1156473159790039 0.1257317543029785
1 0.7313966751098633 0.5542440414428711 0.0775665283203125 0.07128143310546875
2 0.7610250473022461 0.5159301280975341 0.11435127258300781 0.1167074203491211
1 0.7824233531951904 0.4438897967338562 0.08171491622924805 0.09874651432037354
2 0.8086791038513184 0.45092549324035647 0.103680419921875 0.10706548690795899
2 0.8494207620620727 0.40958471298217775 0.10723376274108887 0.07957572937011718
