2 0.22216367721557617 0.4182847023010254 0.14868583679199218 0.11370306015014649
2 0.2399538278579712 0.4970714569091797 0.1301246166229248 0.10830821990966796
2 0.3034036159515381 0.5690089702606201 0.13230628967285157 0.10778207778930664
0 0.4027456760406494 0.6229575157165528 0.10903549194335938 0.06709842681884766
0 0.49736642837524414 0.6207977294921875 0.11604175567626954 0.08168220520019531
0 0.5980122566223145 0.6059976577758789 0.11137237548828124 0.10330181121826172
0 0.6820993900299073 0.5970440864562988 0.09214668273925782 0.07082881927490234
1 0.7185170650482178 0.549038314819336 0.09673242568969727 0.09388189315795899
2 0.7767020225524902 0.5322190284729004 0.09858493804931641 0.0860830307006836
2 0.8180416107177735 0.3563486099243164 0.1607595443725586 0.12165632247924804
2 0.8165508508682251 0.44344496726989746 0.15332980155944825 0.11198339462280274
