2 0.07996628284454346 0.46078009605407716 0.15993256568908693 0.1741175651550293
2 0.06175328493118286 0.34596958160400393 0.12308175563812256 0.10413951873779297
0 0.09784839749336242 0.6258724212646485 0.18631058931350708 0.15223026275634766
0 0.230964732170105 0.6734542846679688 0.20331759452819825 0.14396896362304687
0 0.4150112271308899 0.6784699440002442 0.20730912685394287 0.1629617691040039
0 0.591953182220459 0.6472747802734375 0.2057821273803711 0.17712574005126952
2 0.7593917369842529 0.5210693359375 0.19675664901733397 0.18103914260864257
1 0.7327062606811523 0.6048016548156738 0.1323549270629883 0.16945037841796876
2 0.8050324440002441 0.4315629482269287 0.20384635925292968 0.180741024017334
2 0.8234425544738769 0.3260127305984497 0.1896360397338867 0.11992917060852051
