2 0.1269144058227539 0.3066438674926758 0.1617255687713623 0.18012027740478515
2 0.1448396474123001 0.44703330993652346 0.18711218237876892 0.17797412872314453
2 0.21621873378753662 0.5520037651062012 0.14620594978332518 0.1383829116821289
1 0.2799925088882446 0.6403950691223145 0.12549443244934083 0.08397035598754883
0 0.378808331489563 0.6849358081817627 0.13030457496643066 0.07885980606079102
0 0.4881544589996338 0.6960763931274414 0.11623802185058593 0.07254047393798828
0 0.5934535026550293 0.688178825378418 0.11179103851318359 0.08057689666748047
0 0.6901615619659424 0.6584874153137207 0.11340951919555664 0.08308467864990235
1 0.7567404747009278 0.5934098243713379 0.11686840057373046 0.09927024841308593
2 0.7970376014709473 0.49382948875427246 0.15005264282226563 0.13560810089111328
2 0.8311036109924317 0.3868276357650757 0.15822372436523438 0.1403730869293213
2 0.8449522018432617 0.2627194344997406 0.16966571807861328 0.14856969118118285
