2 0.09829143285751343 0.30281115174293516 0.19658286571502687 0.2175026774406433
2 0.13214657306671143 0.4825798988342285 0.21715083122253417 0.22036571502685548
2 0.18322546482086183 0.6210250854492188 0.17485299110412597 0.17254581451416015
1 0.2357741117477417 0.7258693218231201 0.15143117904663086 0.12645950317382812
0 0.3341058731079102 0.7635523796081543 0.16846141815185547 0.14111690521240233
0 0.4259015083312988 0.8038238286972046 0.1398008346557617 0.10209240913391113
0 0.5403727531433106 0.7978383541107178 0.12212295532226562 0.10998620986938476
0 0.6220415592193603 0.7604068756103516 0.1645289421081543 0.1368927001953125
1 0.7233166694641113 0.688691520690918 0.14115447998046876 0.1354215621948242
2 0.7704740047454834 0.5720267295837402 0.18034009933471679 0.162738037109375
2 0.7884876728057861 0.4132539749145508 0.20208864212036132 0.22467117309570311
2 0.8069533348083496 0.21645135879516603 0.22795696258544923 0.22461137771606446
