2 0.13433282375335692 0.2624404847621918 0.22680082321166992 0.174445641040802
2 0.1253199338912964 0.39491775035858157 0.19157810211181642 0.17510581016540527
2 0.15631922483444213 0.4989593505859375 0.15203168392181396 0.12304496765136719
1 0.16708574295043946 0.599799633026123 0.11771464347839355 0.12184772491455079
0 0.27413448691368103 0.6565821170806885 0.15468837022781373 0.13727598190307616
0 0.41045050621032714 0.681050443649292 0.16395215988159179 0.1468057632446289
0 0.5639244079589844 0.694092845916748 0.16936092376708983 0.13913116455078126
0 0.6838085174560546 0.6675464630126953 0.13111133575439454 0.10073204040527343
1 0.7903744220733643 0.6180825233459473 0.1229445457458496 0.07709541320800781
2 0.8302078247070312 0.5564559936523438 0.1320646286010742 0.10345706939697266
2 0.887116813659668 0.33846087455749513 0.20315265655517578 0.16413402557373047
2 0.8788257598876953 0.4586636066436768 0.17631759643554687 0.14637365341186523
