2 0.1600864052772522 0.4388000965118408 0.08989579677581787 0.08882875442504883
1 0.25529663562774657 0.4676370620727539 0.11510300636291504 0.10699148178100586
1 0.27802562713623047 0.5292244911193847 0.09328904151916503 0.10123748779296875
0 0.36566991806030275 0.5344512939453125 0.11487760543823242 0.12770090103149415
0 0.42841578722000123 0.4597200393676758 0.1692119359970093 0.1590203285217285
0 0.4613188743591309 0.5518754482269287 0.1119607925415039 0.10039682388305664
0 0.5622408866882325 0.5436635971069336 0.11926441192626953 0.11132335662841797
0 0.5922557830810546 0.45871944427490235 0.16545963287353516 0.150555419921875
0 0.6626361846923828 0.5341302871704101 0.10700931549072265 0.09139127731323242
0 0.706367826461792 0.45939788818359373 0.10079069137573242 0.1042287826538086
1 0.7424288749694824 0.5255754470825196 0.08982772827148437 0.08756008148193359
1 0.778095817565918 0.4565893650054932 0.08097515106201172 0.10495309829711914
2 0.8058951377868653 0.50205078125 0.06679325103759766 0.07956523895263672
2 0.8559897422790528 0.410113000869751 0.08577423095703125 0.07489147186279296
