2 0.08431048393249511 0.8255182266235351 0.08478608131408691 0.08834705352783204
2 0.10386647880077363 0.7638966560363769 0.10051851868629455 0.07675457000732422
2 0.11093871891498566 0.7036826133728027 0.10971283316612243 0.11342382431030273
2 0.12825786769390107 0.6055202007293701 0.09924698472023011 0.1251893997192383
2 0.1583290547132492 0.4861903667449951 0.13328190445899962 0.15895280838012696
1 0.1855090379714966 0.3308429718017578 0.14085125923156738 0.15396604537963868
0 0.27197747230529784 0.20120613574981688 0.1660623550415039 0.16648807525634765
0 0.43653311729431155 0.16358954906463624 0.21015825271606445 0.12486720085144043
0 0.636894702911377 0.16574420928955078 0.20375995635986327 0.12793378829956054
0 0.7823348045349121 0.20304515361785888 0.17676963806152343 0.168524169921875
1 0.8504401206970215 0.3184303045272827 0.1665802001953125 0.1656430721282959
2 0.8846494674682617 0.4440265655517578 0.17760238647460938 0.16206598281860352
2 0.9024271011352539 0.5715090751647949 0.1840351104736328 0.13942642211914064
2 0.9106441497802734 0.6696605682373047 0.1772287368774414 0.12143430709838868
2 0.9174075126647949 0.7845914840698243 0.15460281372070311 0.09742507934570313
