2 0.15015108585357667 0.5005745887756348 0.04788026809692383 0.0669647216796875
2 0.18421919345855714 0.5443120956420898 0.08044877052307128 0.13052749633789062
1 0.1901914119720459 0.4755694389343262 0.07667698860168456 0.12397823333740235
1 0.24750144481658937 0.5436255931854248 0.10224614143371583 0.1390374183654785
0 0.2752518177032471 0.42789487838745116 0.1379796028137207 0.15452222824096679
0 0.34280312061309814 0.5362812042236328 0.12900567054748535 0.14977951049804689
0 0.4076671123504639 0.4100435733795166 0.16861000061035156 0.1752629280090332
0 0.44907015562057495 0.5329436302185059 0.11748621463775635 0.1321319580078125
0 0.5625552177429199 0.4022486209869385 0.17659473419189453 0.16282415390014648
0 0.5515003204345703 0.523740005493164 0.11887702941894532 0.14308109283447265
0 0.6626296997070312 0.5276824474334717 0.13211431503295898 0.1610774040222168
0 0.7122381687164306 0.4007416248321533 0.15206289291381836 0.16096773147583007
1 0.7773320198059082 0.5329593658447266 0.12911415100097656 0.17153263092041016
1 0.8146487951278687 0.4259129524230957 0.11005673408508301 0.14699239730834962
2 0.8622350692749023 0.5254865646362304 0.08629188537597657 0.13988513946533204
2 0.8749122619628906 0.44342241287231443 0.06561393737792968 0.07459697723388672
