2 0.16245753765106202 0.6585109233856201 0.12836289405822754 0.07337064743041992
2 0.16153708696365357 0.6849543571472168 0.12405784130096435 0.08584785461425781
2 0.1976621627807617 0.594263744354248 0.1841196060180664 0.1558176040649414
1 0.23940844535827638 0.5142549037933349 0.1492868423461914 0.13830957412719727
0 0.31325554847717285 0.4231231212615967 0.13839120864868165 0.13472385406494142
0 0.4582735180854797 0.37125768661499026 0.1914071798324585 0.17417268753051757
0 0.6258693695068359 0.41898747682571413 0.18910179138183594 0.2066638708114624
0 0.7449697494506836 0.519119119644165 0.1459686279296875 0.14823274612426757
2 0.8310353279113769 0.6992570877075195 0.19736785888671876 0.13880424499511718
2 0.8445990562438965 0.77967848777771 0.16117382049560547 0.06091737747192383
