2 0.1407427668571472 0.7231752395629882 0.2131352663040161 0.17641181945800782
2 0.1514657258987427 0.5912125587463379 0.2163071632385254 0.1612274169921875
1 0.13992320299148558 0.4777212023735046 0.15828120708465576 0.16619570255279542
2 0.16790416538715364 0.8338268041610718 0.18345736861228942 0.11305813789367676
0 0.2612258195877075 0.3629202604293823 0.208268404006958 0.11569333076477051
0 0.5026848316192627 0.286466383934021 0.23179731369018555 0.16590361595153807
1 0.7147553443908692 0.3510739803314209 0.15785160064697265 0.15442276000976562
2 0.7552036285400391 0.46589078903198244 0.2013671875 0.21517791748046874
2 0.8257063865661621 0.5594137191772461 0.1940408706665039 0.17255277633666993
2 0.860955810546875 0.6710102081298828 0.18248291015625 0.13008346557617187
