2 0.13837034702301027 0.45603351593017577 0.22305502891540527 0.20603017807006835
2 0.20701401233673095 0.5843024253845215 0.18249030113220216 0.20929317474365233
1 0.2798205852508545 0.6556955337524414 0.12396669387817383 0.14153976440429689
0 0.3771540641784668 0.6788382530212402 0.10526523590087891 0.1111440658569336
0 0.47496757507324217 0.6824887275695801 0.11486854553222656 0.10542831420898438
0 0.5767305374145508 0.6770188331604003 0.11449317932128907 0.10490837097167968
0 0.679780912399292 0.6616367340087891 0.11642627716064453 0.1110006332397461
1 0.7823584079742432 0.6227334499359131 0.1396042823791504 0.14092435836791992
2 0.8441398620605469 0.5231929779052734 0.19103126525878905 0.18747711181640625
2 0.8935508728027344 0.37461421489715574 0.21289825439453125 0.2084646701812744
