
2 0.14971660375595092 0.6818050384521485 0.14932458400726317 0.07147064208984374
2 0.15121249854564667 0.6411261081695556 0.14775510430335997 0.08948564529418945
2 0.16392884254455567 0.5955507278442382 0.13782143592834473 0.08689556121826172
2 0.18446002006530762 0.5374008178710937 0.15802016258239746 0.12329845428466797
1 0.21338018774986267 0.4567929744720459 0.10635224580764771 0.11702699661254883
0 0.28425302505493166 0.4119150638580322 0.09672813415527344 0.10764875411987304
0 0.3903259992599487 0.40377144813537597 0.14055209159851073 0.10817108154296876
0 0.5221719741821289 0.40758299827575684 0.14225406646728517 0.1074666976928711
0 0.6300616264343262 0.4241639137268066 0.09767742156982422 0.11183443069458007
1 0.7112479209899902 0.4676370620727539 0.11507539749145508 0.1289011001586914
2 0.7489298820495606 0.5365444183349609 0.16712875366210939 0.12346839904785156
2 0.792188310623169 0.5934979438781738 0.14775171279907226 0.09446697235107422
2 0.8206245422363281 0.6427826881408691 0.1592477798461914 0.10904197692871094
2 0.8250467300415039 0.674522876739502 0.15477027893066406 0.07914524078369141
2 0.8391959190368652 0.6951610088348389 0.12576828002929688 0.07480268478393555
