2 0.11860878467559814 0.3993763208389282 0.22571225166320802 0.20193228721618653
2 0.1654883176088333 0.5257113933563232 0.1848235547542572 0.12155590057373047
2 0.20729992389678956 0.6409759521484375 0.18902392387390138 0.16724300384521484
1 0.2692026078701019 0.7224447727203369 0.17193299531936646 0.15093202590942384
0 0.34781978130340574 0.7783445358276367 0.1548149585723877 0.14154090881347656
0 0.4460581302642822 0.7979604721069335 0.15131874084472657 0.15306854248046875
0 0.5742010593414306 0.7832655429840087 0.1527231216430664 0.15348424911499023
0 0.7020588874816894 0.7431811809539794 0.16998977661132814 0.15561914443969727
1 0.807534122467041 0.6597424030303956 0.19143238067626953 0.16483964920043945
2 0.8458667993545532 0.5174654006958008 0.20707812309265136 0.16859912872314453
2 0.8829943180084229 0.4008761405944824 0.2340113639831543 0.1597376823425293
2 0.9037588119506836 0.23016567826271056 0.19224319458007813 0.19473036527633666
