2 0.14470580816268921 0.6940148353576661 0.1794525384902954 0.14434738159179689
2 0.17901551723480225 0.5914692401885986 0.15819745063781737 0.11609048843383789
2 0.21849870681762695 0.49194746017456054 0.1744234085083008 0.14532623291015626
1 0.2550207138061523 0.3771237850189209 0.12595834732055664 0.14991483688354493
0 0.35088324546813965 0.3002479076385498 0.150284481048584 0.15047316551208495
0 0.48228793144226073 0.24352673888206483 0.18965845108032225 0.15177708864212036
0 0.6579838752746582 0.2577765941619873 0.18633193969726564 0.15073142051696778
0 0.7488973617553711 0.3361816883087158 0.13863391876220704 0.13982772827148438
2 0.8051763772964478 0.5349417686462402 0.17689204216003418 0.13011913299560546
2 0.8175100326538086 0.7041181564331055 0.1869892120361328 0.11427822113037109
2 0.8139209747314453 0.7554439544677735 0.15970611572265625 0.06527957916259766
2 0.8259851217269898 0.6232828140258789 0.17381749153137208 0.10838031768798828
1 0.8133527517318726 0.42087726593017577 0.08956379890441894 0.09929189682006836
