2 0.13806169033050536 0.579530906677246 0.077179217338562 0.11565532684326171
1 0.17639875411987305 0.4990983009338379 0.11652345657348633 0.13375587463378907
2 0.200300931930542 0.5983632564544678 0.08637495040893554 0.11920003890991211
0 0.26709437370300293 0.5078009605407715 0.1272359848022461 0.1417724609375
1 0.27242116928100585 0.6124073028564453 0.10445022583007812 0.11477737426757813
0 0.38747529983520507 0.49833431243896487 0.17303800582885742 0.17719383239746095
0 0.36277012825012206 0.6149462699890137 0.12032709121704102 0.11977062225341797
0 0.4607532024383545 0.5980412483215332 0.1151352882385254 0.10378541946411132
0 0.5324191093444824 0.4828351974487305 0.16681528091430664 0.17802762985229492
0 0.5604744911193847 0.5745113372802735 0.11587162017822265 0.08800182342529297
0 0.6574728488922119 0.4540830135345459 0.13295335769653321 0.1465580940246582
0 0.6535585403442383 0.5336331367492676 0.1154388427734375 0.09533157348632812
1 0.7628568172454834 0.3829972743988037 0.12015905380249023 0.12788944244384765
2 0.8436001777648926 0.35819904804229735 0.08530731201171875 0.08970055580139161
