2 0.09695489406585693 0.3474449872970581 0.19390978813171386 0.18716530799865722
2 0.129411518573761 0.48238239288330076 0.16778838634490967 0.09500236511230468
1 0.17012569904327393 0.5615792751312256 0.1882559299468994 0.14093961715698242
0 0.2806221008300781 0.6450000762939453 0.17560462951660155 0.12117729187011719
0 0.40677924156188966 0.6766594886779785 0.15537405014038086 0.12653913497924804
0 0.5461752891540528 0.6847025871276855 0.1569009780883789 0.12881908416748047
0 0.6831931114196778 0.6581117630004882 0.16994295120239258 0.12771282196044922
2 0.8304198265075684 0.5249655723571778 0.18094215393066407 0.12448883056640625
1 0.7923833847045898 0.6204712867736817 0.08897819519042968 0.09141693115234376
2 0.8505234718322754 0.4336394786834717 0.17588348388671876 0.11039237976074219
2 0.8748722076416016 0.3217018604278564 0.20803394317626953 0.1720656394958496
