2 0.16349666118621825 0.5097695350646972 0.13676743507385253 0.15404319763183594
1 0.24793219566345215 0.5532452583312988 0.12424287796020508 0.12245063781738282
0 0.276936936378479 0.43591870069503785 0.12776560783386232 0.16949408054351806
0 0.34111971855163575 0.5365539073944092 0.11488714218139648 0.12896509170532228
0 0.42656970024108887 0.4561121940612793 0.2200075149536133 0.2132166862487793
0 0.4533424496650696 0.5827518463134765 0.12614495754241944 0.10262451171875
0 0.5720629692077637 0.583259105682373 0.1406026840209961 0.10977764129638672
0 0.6254911422729492 0.4591255307197571 0.22544116973876954 0.20940473079681396
0 0.69105224609375 0.5712082862854004 0.10105228424072266 0.1034693717956543
0 0.7859972476959228 0.4740759015083313 0.12238683700561523 0.1841743230819702
1 0.7759941577911377 0.5803677558898925 0.09617128372192382 0.11287593841552734
2 0.8646657943725586 0.550816822052002 0.09372100830078126 0.10262260437011719
2 0.8636537551879883 0.48560004234313964 0.08086662292480469 0.13195323944091797
