2 0.14368829727172852 0.3372142791748047 0.18884611129760742 0.14738168716430664
2 0.197854745388031 0.41904072761535643 0.11488306522369385 0.09244651794433593
1 0.22492919564247132 0.49059696197509767 0.1065714716911316 0.1021468162536621
0 0.36274895668029783 0.6520371913909913 0.13397455215454102 0.08887948989868164
0 0.4621303558349609 0.6884258270263672 0.1374126434326172 0.09259567260742188
0 0.5835819244384766 0.6938368797302246 0.132928466796875 0.08844194412231446
1 0.6822978019714355 0.674869155883789 0.13928489685058593 0.108856201171875
2 0.7768435955047608 0.5997523307800293 0.18577928543090821 0.14809036254882812
2 0.8322565078735351 0.4621891975402832 0.17340526580810547 0.11016998291015626
2 0.8503628730773926 0.36965169906616213 0.178375244140625 0.14931068420410157
