1 0.16615843772888184 0.4019200444221497 0.14716367721557616 0.09099385738372803
2 0.19122861623764037 0.4753438949584961 0.12115085124969482 0.10274229049682618
1 0.1945696234703064 0.5572059631347657 0.11421792507171631 0.14235172271728516
0 0.325141978263855 0.4175583362579346 0.20354962348937988 0.1802189826965332
0 0.29373300075531006 0.5465119361877442 0.13747906684875488 0.1475809097290039
0 0.41015549898147585 0.5568378448486329 0.14911038875579835 0.17897958755493165
0 0.5171638011932373 0.3977578401565552 0.22195730209350586 0.19614605903625487
0 0.5400835037231445 0.5578543186187744 0.16395111083984376 0.18351058959960936
0 0.6719122886657715 0.5177554130554199 0.16645469665527343 0.17053546905517578
0 0.6908367156982422 0.3607289791107178 0.1664907455444336 0.11904716491699219
1 0.7986928939819335 0.5136165618896484 0.13963775634765624 0.1464080810546875
1 0.8154085397720336 0.3514189481735229 0.12841715812683105 0.09064536094665528
2 0.8533348083496094 0.4561594009399414 0.17176570892333984 0.16484928131103516
