2 0.10983083248138428 0.587861967086792 0.18652710914611817 0.15570392608642578
2 0.14014532864093782 0.4935002326965332 0.16505927443504334 0.15990982055664063
1 0.1749284029006958 0.4211928367614746 0.11844220161437988 0.13472185134887696
0 0.2685012578964233 0.375703239440918 0.09403276443481445 0.08020429611206055
0 0.3722449779510498 0.3555822610855103 0.13528118133544922 0.06104211807250977
0 0.5166260242462158 0.35781230926513674 0.13938722610473633 0.07264337539672852
0 0.6289286613464355 0.37600274085998536 0.09554729461669922 0.11173048019409179
1 0.7256782531738282 0.43261919021606443 0.1297079086303711 0.14267892837524415
2 0.7748579025268555 0.5065091609954834 0.17808361053466798 0.17896604537963867
2 0.8166214942932128 0.607638931274414 0.2016284942626953 0.14959964752197266
