2 0.09959878921508789 0.7319554328918457 0.19672317504882814 0.14320640563964843
2 0.10381709337234497 0.6316630363464355 0.18204805850982667 0.11451053619384766
2 0.14111995697021484 0.5270707130432128 0.2013545513153076 0.1389533042907715
1 0.13770401775836943 0.3883131265640259 0.1612687051296234 0.15517001152038573
2 0.13912854194641114 0.8008259773254395 0.14112982749938965 0.09105033874511718
2 0.17069685459136963 0.8431295394897461 0.16682057380676268 0.06986198425292969
0 0.23891372680664064 0.2984594821929932 0.1808490753173828 0.1459195613861084
0 0.35191917419433594 0.21777703762054443 0.23008279800415038 0.1725926876068115
0 0.5743346214294434 0.22197313308715821 0.22705764770507814 0.17756595611572265
0 0.7110395431518555 0.28206887245178225 0.16900234222412108 0.15994796752929688
1 0.8071693420410156 0.3776301383972168 0.17619819641113282 0.19118976593017578
2 0.8302207708358764 0.5073519706726074 0.19932522773742675 0.1368936538696289
2 0.821992301940918 0.8215239524841309 0.11745071411132812 0.07762794494628907
2 0.8549094200134277 0.6010519027709961 0.18130455017089844 0.10871047973632812
2 0.8585012435913086 0.7633668422698975 0.15312328338623046 0.08876619338989258
2 0.8854711532592774 0.6936467170715332 0.19090595245361328 0.14146957397460938
