2 0.1347890168428421 0.30571162700653076 0.17153872847557067 0.14427542686462402
2 0.13328264951705932 0.40753021240234377 0.1668651819229126 0.0981903076171875
2 0.16438881158828736 0.4918544769287109 0.15279796123504638 0.11217899322509765
1 0.19914793968200684 0.5703469276428222 0.13492097854614257 0.08446598052978516
0 0.320674729347229 0.6485410690307617 0.13752274513244628 0.09798526763916016
0 0.445524787902832 0.6750116348266602 0.14091625213623046 0.12234458923339844
0 0.5715538024902344 0.6788616180419922 0.14293460845947265 0.1191263198852539
0 0.6979267120361328 0.6650122165679931 0.1487051010131836 0.1171417236328125
1 0.7778467178344727 0.6242991924285889 0.08979644775390624 0.08802900314331055
2 0.8223580360412598 0.5887694358825684 0.15787029266357422 0.1179922103881836
2 0.8806270837783814 0.4983558654785156 0.18948779106140137 0.12197942733764648
2 0.9109838485717774 0.3873178005218506 0.1780323028564453 0.1648625373840332
