2 0.14544751346111298 0.6887558460235595 0.17188292145729064 0.15272073745727538
2 0.16741544008255005 0.5769100189208984 0.15812766551971436 0.11522865295410156
2 0.20097591876983642 0.4805448532104492 0.15180644989013672 0.13082189559936525
0 0.3064044713973999 0.2955461502075195 0.11859979629516601 0.10981011390686035
0 0.41396236419677734 0.2576406002044678 0.13565530776977539 0.10152301788330079
0 0.547445821762085 0.2570009708404541 0.1317976951599121 0.11268224716186523
0 0.6568213939666748 0.29049365520477294 0.11376371383666992 0.12333979606628417
2 0.7845779895782471 0.4331474304199219 0.15130605697631835 0.11399307250976562
2 0.810818862915039 0.5353915214538574 0.16931400299072266 0.12184438705444336
2 0.8071258544921875 0.6985661506652832 0.15971145629882813 0.061432266235351564
2 0.8119029045104981 0.6402287483215332 0.16855792999267577 0.12560462951660156
