2 0.17083320617675782 0.7422852516174316 0.14142169952392578 0.08695545196533203
2 0.18327462673187256 0.6722661972045898 0.16224565505981445 0.10403900146484375
2 0.17743695974349977 0.6019711494445801 0.14728209972381592 0.10349578857421875
2 0.19567534923553467 0.5172686100006103 0.15204367637634278 0.13411550521850585
1 0.21888040900230407 0.43923014402389526 0.12181626558303833 0.11326353549957276
0 0.27388978004455566 0.37922451496124265 0.09680910110473633 0.1276501178741455
0 0.3807711124420166 0.347981595993042 0.1416499137878418 0.14360055923461915
0 0.5207302093505859 0.352947998046875 0.1537236213684082 0.1352621078491211
0 0.6451723098754882 0.3820916414260864 0.11517124176025391 0.13597607612609863
1 0.7224797248840332 0.4501581072807312 0.13307647705078124 0.1268261194229126
2 0.762842845916748 0.5436224937438965 0.16247692108154296 0.1350881576538086
2 0.7799216270446777 0.7146493911743164 0.17410888671875 0.11123485565185547
2 0.7720288276672364 0.6433852195739747 0.1560983657836914 0.10574817657470703
2 0.7847591400146484 0.7771711349487305 0.15267066955566405 0.07154064178466797
