2 0.08887739777565003 0.4639560699462891 0.06472309827804565 0.1009556770324707
2 0.12975488007068633 0.5263764381408691 0.096033376455307 0.0673593521118164
2 0.13547301292419434 0.4620644569396973 0.09549779891967773 0.11320505142211915
1 0.1965402841567993 0.4291863918304443 0.11468009948730469 0.17367229461669922
1 0.22089884281158448 0.519599199295044 0.11279215812683105 0.13195390701293946
0 0.2872480869293213 0.42748624086380005 0.12039670944213868 0.1243051290512085
0 0.3083252191543579 0.5242286682128906 0.1073732852935791 0.1386259078979492
0 0.4004819393157959 0.4331323504447937 0.12797670364379882 0.13242037296295167
0 0.39711570739746094 0.5311216354370117 0.11590442657470704 0.13619499206542968
0 0.49058876037597654 0.5369505882263184 0.11021137237548828 0.13803787231445314
0 0.5258231163024902 0.43532992601394654 0.15945835113525392 0.140311598777771
0 0.5834439277648926 0.5415867805480957 0.11371631622314453 0.1427898406982422
0 0.6454230785369873 0.447754430770874 0.13064126968383788 0.12962169647216798
1 0.6803650379180908 0.556351613998413 0.1186030387878418 0.14097013473510742
1 0.7409205913543702 0.4664116382598877 0.11807937622070312 0.15156869888305663
2 0.7599100112915039 0.5623058319091797 0.11031627655029297 0.11232166290283203
2 0.800758171081543 0.5482772827148438 0.07252426147460937 0.09131202697753907
2 0.8087621688842773 0.4688159942626953 0.08671875 0.10804634094238282

2 0.8321846008300782 0.5336165428161621 0.07346878051757813 0.0694955825805664
2 0.8563137054443359 0.4695768356323242 0.07220573425292968 0.08923358917236328
