2 0.038016554713249204 0.45992751121520997 0.07603310942649841 0.16560773849487304
2 0.13435136079788207 0.4389308452606201 0.07428240776062012 0.09523973464965821
1 0.190287446975708 0.44456896781921384 0.09137601852416992 0.11430902481079101
1 0.23942332863807678 0.6573655128479003 0.08933190107345582 0.09954395294189453
0 0.26041202545166015 0.42959100008010864 0.1164468765258789 0.14571893215179443
0 0.3236117362976074 0.6556136131286621 0.11276302337646485 0.1376575469970703
0 0.3814575672149658 0.4356096386909485 0.17927961349487304 0.2003560781478882
0 0.42243841886520384 0.6690664291381836 0.12516958713531495 0.14731788635253906
0 0.5426745414733887 0.45626058578491213 0.18997039794921874 0.19286642074584961
0 0.5279288291931152 0.6760140895843506 0.12250328063964844 0.14862241744995117
0 0.6232755661010743 0.6836893081665039 0.11406803131103516 0.12527751922607422
0 0.6690673351287841 0.461948299407959 0.12615509033203126 0.16096916198730468
1 0.693415641784668 0.7064994812011719 0.060964202880859374 0.05941562652587891
1 0.7538235664367676 0.44870777130126954 0.09672832489013672 0.13858165740966796
2 0.8093702316284179 0.47423806190490725 0.08726005554199219 0.11161165237426758
