2 0.1030494213104248 0.7095415592193604 0.18504202365875244 0.10792913436889648
2 0.11639535427093506 0.6487966537475586 0.18050050735473633 0.10846328735351562
2 0.141838002204895 0.5835164070129395 0.1997147560119629 0.13322124481201172
1 0.15785484313964843 0.4816903233528137 0.17789359092712403 0.18636071681976318
2 0.1450992375612259 0.7373213768005371 0.1286909520626068 0.07625007629394531
0 0.21844816207885742 0.39395415782928467 0.1423088550567627 0.16833157539367677
0 0.3946565866470337 0.35826451778411866 0.22959961891174316 0.19284329414367676
0 0.5920850753784179 0.31057190895080566 0.21426620483398437 0.14901151657104492
0 0.7101107597351074 0.3735776901245117 0.15086631774902343 0.1820730209350586
2 0.8219785690307617 0.5136374473571778 0.20021648406982423 0.1214437484741211
2 0.8573265075683594 0.6024887084960937 0.25999603271484373 0.17512035369873047
2 0.8550417184829712 0.5761975288391114 0.25409770011901855 0.11412372589111328
1 0.8169620275497437 0.43037118911743166 0.12473797798156738 0.17108840942382814
2 0.9113407135009766 0.6395630359649658 0.1668569564819336 0.10853071212768554
