2 0.11216161251068116 0.34229488372802735 0.2012814998626709 0.1841968536376953
2 0.13137423992156982 0.49847841262817383 0.17454743385314941 0.1409759521484375
1 0.16379084587097167 0.6193448066711426 0.20524897575378417 0.15272941589355468
0 0.23619584441185 0.7218888759613037 0.1913274884223938 0.11801958084106445
0 0.3427907466888428 0.7503073215484619 0.17956867218017578 0.14053564071655272
0 0.49605112075805663 0.7509248733520508 0.14822883605957032 0.12499675750732422
0 0.6070400238037109 0.7233248710632324 0.1283649444580078 0.10605907440185547
2 0.7748449325561524 0.5380853652954102 0.165802001953125 0.12454833984375
2 0.8008084297180176 0.4343487858772278 0.16211338043212892 0.10656507015228271
2 0.8307294845581055 0.30689587593078616 0.20435142517089844 0.18327770233154297
