2 0.2002579689025879 0.6091256618499756 0.1533034324645996 0.0933445930480957
2 0.22176861763000488 0.6750398635864258 0.16580028533935548 0.09659156799316407
2 0.2197275698184967 0.5329770088195801 0.15018633604049683 0.1137247085571289
1 0.2518750190734863 0.46108808517456057 0.11325197219848633 0.11115226745605469
0 0.3307713270187378 0.4122114062309265 0.09866147041320801 0.10727388858795166
0 0.4503452777862549 0.3597722053527832 0.17311697006225585 0.11483631134033204
0 0.6144423007965087 0.37640225887298584 0.17366180419921876 0.12790608406066895
0 0.7301670551300049 0.4484428405761719 0.14623842239379883 0.10519552230834961
2 0.835377860069275 0.742672061920166 0.16687817573547364 0.08711357116699218
1 0.8167049407958984 0.5373974323272706 0.12165184020996093 0.1175806999206543
2 0.8374105215072631 0.6156715869903564 0.14967961311340333 0.10727567672729492
2 0.8449471473693848 0.682804536819458 0.15860118865966796 0.08879079818725585
