2 0.14174726307392121 0.49759721755981445 0.12526726126670837 0.11037960052490234
2 0.1341345101594925 0.4905891418457031 0.10130352377891541 0.09123210906982422
2 0.1540388584136963 0.4268138885498047 0.0965649127960205 0.10085325241088867
2 0.22599062323570251 0.534118366241455 0.11866713762283325 0.13733377456665039
1 0.23283777832984925 0.44732279777526857 0.11536883115768433 0.11576309204101562
1 0.3092305660247803 0.5347618103027344 0.11114826202392578 0.14847164154052733
0 0.3452634811401367 0.44437923431396487 0.11717119216918945 0.10543451309204102
0 0.40048608779907224 0.5369719505310059 0.10093374252319336 0.1266468048095703
0 0.4582679271697998 0.44744205474853516 0.15306930541992186 0.13713865280151366
0 0.48752121925354003 0.5381480693817139 0.1126296043395996 0.12133331298828125
0 0.5826595306396485 0.5420097351074219 0.10727252960205078 0.12032947540283204
0 0.6157464504241943 0.4435100555419922 0.15010290145874022 0.1331695556640625
0 0.6713203907012939 0.5443421363830566 0.10744457244873047 0.1327718734741211
0 0.7302199363708496 0.4238323211669922 0.10581169128417969 0.11738033294677734
1 0.7704427242279053 0.5422341346740722 0.11891756057739258 0.1387653350830078
1 0.8327503204345703 0.4148023724555969 0.11973419189453124 0.12104146480560303
2 0.8506469488143921 0.5250685691833497 0.11941647529602051 0.13069095611572265
2 0.9109169006347656 0.3920427322387695 0.07892341613769531 0.10955657958984374
