2 0.08648241758346557 0.6368765830993652 0.1719735383987427 0.1615896224975586
2 0.07949326038360596 0.7509683609008789 0.15797796249389648 0.11681365966796875
1 0.10681202411651611 0.42930954694747925 0.1375889301300049 0.1417858362197876
0 0.1883234739303589 0.3166199207305908 0.17628135681152343 0.16239538192749023
0 0.3543866157531738 0.27083711624145507 0.22907428741455077 0.1699693202972412
0 0.5713691711425781 0.2644538342952728 0.23325729370117188 0.15624438524246215
0 0.7370087623596191 0.32201542854309084 0.17755203247070311 0.1599564552307129
2 0.8392199516296387 0.5373993873596191 0.20696601867675782 0.13424186706542968
1 0.819826602935791 0.4310931205749512 0.1256439208984375 0.12448396682739257
2 0.8634200096130371 0.6427769660949707 0.1945159912109375 0.11915340423583984
2 0.869838809967041 0.745028018951416 0.19450721740722657 0.12433719635009766
