2 0.09054684638977051 0.2616455316543579 0.18085145950317383 0.21424489021301268
2 0.09363699555397034 0.42236719131469724 0.18610719442367554 0.20284318923950195
2 0.12233610153198242 0.5469752788543701 0.23288445472717284 0.19379148483276368
2 0.14017554521560668 0.6676825523376465 0.17769839763641357 0.18496904373168946
1 0.2170900821685791 0.6992044925689698 0.16181349754333496 0.16386146545410157
0 0.2709230899810791 0.7755384922027588 0.20897207260131836 0.182785701751709
0 0.4362381935119629 0.7402203559875489 0.18743343353271485 0.2146535873413086
0 0.601533317565918 0.7228555679321289 0.18151912689208985 0.17390785217285157
1 0.7083545684814453 0.6508632659912109 0.14131755828857423 0.13216819763183593
2 0.7624428272247314 0.5409879684448242 0.22087450027465821 0.1727663040161133
2 0.8227995872497559 0.3929802894592285 0.23098430633544922 0.21384057998657227
2 0.8732151985168457 0.22144317626953125 0.22922840118408203 0.19393453598022461
