2 0.08409636616706848 0.45516033172607423 0.07306467294692993 0.08640832901000976
1 0.14953681230545043 0.4515688419342041 0.1310807943344116 0.14693937301635743
1 0.20253701210021974 0.5346365928649902 0.14538979530334473 0.14049930572509767
0 0.27451725006103517 0.4376253128051758 0.17605819702148437 0.1314671516418457
0 0.3483979940414429 0.5441923618316651 0.16419787406921388 0.16983518600463868
0 0.4164728045463562 0.40998110771179197 0.19386160373687744 0.1806774139404297
0 0.47115635871887207 0.5398374557495117 0.14473552703857423 0.17434730529785156
0 0.5349993228912353 0.4708270072937012 0.2544952392578125 0.1685206413269043
0 0.5852274417877197 0.558026123046875 0.10856904983520507 0.0938955307006836
0 0.6752961158752442 0.522783613204956 0.12032289505004883 0.15774765014648437
1 0.7374507904052734 0.46443537473678587 0.15564842224121095 0.1577749490737915
1 0.7725766181945801 0.5580550193786621 0.10694408416748047 0.08759651184082032
2 0.8105625152587891 0.4820404052734375 0.08198165893554688 0.11400356292724609
2 0.8413964986801148 0.5420931816101074 0.09659733772277831 0.09425582885742187
2 0.8637308120727539 0.4734036922454834 0.088116455078125 0.09165735244750976
