2 0.09902617931365967 0.336096978187561 0.18659236431121826 0.20705580711364746
2 0.07702339887619018 0.18733540773391724 0.13917868137359618 0.12420737743377686
2 0.14751494228839873 0.542238998413086 0.16844062209129335 0.1297473907470703
2 0.1854738712310791 0.6515681743621826 0.15913839340209962 0.1628589630126953
1 0.23683640956878663 0.7362656116485595 0.12905731201171874 0.14960355758666993
0 0.32801213264465334 0.7732914924621582 0.12272081375122071 0.13779373168945314
0 0.4341745853424072 0.8075803756713867 0.12451210021972656 0.12516937255859376
0 0.5421258449554444 0.8090067863464355 0.12623720169067382 0.10148601531982422
0 0.6439204692840577 0.7800766944885253 0.12813329696655273 0.10372352600097656
1 0.7190420150756835 0.7321226596832275 0.12193880081176758 0.10688543319702148
2 0.7714897155761719 0.6571338653564454 0.15188865661621093 0.11766719818115234
2 0.8192059516906738 0.5688657760620117 0.15969085693359375 0.12408246994018554
2 0.8892259359359741 0.4164263248443604 0.19700779914855956 0.1927194595336914
