2 0.14823083579540253 0.7352442264556884 0.1544558584690094 0.06886615753173828
2 0.1648450165987015 0.6806710720062256 0.1688137471675873 0.16527442932128905
2 0.2012753427028656 0.5769888877868652 0.15313016176223754 0.11926565170288086
2 0.24210338592529296 0.4857309341430664 0.14940252304077148 0.12573719024658203
0 0.3675387382507324 0.32126650810241697 0.10724296569824218 0.10075435638427735
0 0.4815479278564453 0.2963469743728638 0.1363729476928711 0.08766918182373047
0 0.6129290580749511 0.3075687885284424 0.12843151092529298 0.11052770614624023
0 0.7146722316741944 0.35199642181396484 0.10972385406494141 0.12121210098266602
2 0.8266708374023437 0.716608190536499 0.17359142303466796 0.13413572311401367
2 0.8201017141342163 0.5125500679016113 0.14361310005187988 0.10894279479980469
1 0.7968889236450195 0.4075408101081848 0.0955801010131836 0.08747727870941162
2 0.8347222328186035 0.6124130725860596 0.16867504119873047 0.1251011848449707
