2 0.10873290300369262 0.32241597175598147 0.12628598213195802 0.1305903434753418
2 0.18459447622299194 0.43097386360168455 0.13969075679779053 0.151153564453125
2 0.24830479621887208 0.5394983768463135 0.12017669677734374 0.15448312759399413
1 0.3059223175048828 0.6302942276000977 0.092498779296875 0.11264877319335938
0 0.393267560005188 0.6487928867340088 0.11366543769836426 0.1233285903930664
0 0.4917898178100586 0.6699413299560547 0.11555862426757812 0.11760940551757812
0 0.5921637058258057 0.6630731582641601 0.10780086517333984 0.1150430679321289
0 0.6728344917297363 0.6395020961761475 0.10156822204589844 0.12158784866333008
2 0.7616179466247559 0.5169203758239747 0.12755756378173827 0.1501302719116211
1 0.7481849670410157 0.6315212249755859 0.0920572280883789 0.13497686386108398
2 0.7976117610931397 0.40982426404953004 0.11869611740112304 0.12861578464508056
