2 0.17187340259552003 0.5939315319061279 0.08658776283264161 0.06594438552856445
1 0.22302441596984862 0.470003604888916 0.10857715606689453 0.15447111129760743
2 0.2269416093826294 0.5909446716308594 0.08387746810913085 0.061285400390625
0 0.30998365879058837 0.4672660708427429 0.13597893714904785 0.15981295108795165
1 0.31314926147460936 0.5854298114776612 0.12698011398315429 0.08366689682006836
0 0.4541788101196289 0.4748208999633789 0.18584461212158204 0.17976760864257812
0 0.42303051948547366 0.5953211784362793 0.12252244949340821 0.10236110687255859
0 0.5265520095825196 0.5869028091430664 0.11770877838134766 0.11425952911376953
0 0.6361736297607422 0.42476712465286254 0.25497779846191404 0.15115201473236084
0 0.6075891017913818 0.44768389463424685 0.17282915115356445 0.1722637414932251
0 0.6272271156311036 0.5730062484741211 0.11137027740478515 0.09447097778320312
0 0.6732968330383301 0.4255518436431885 0.17835159301757814 0.15859375
0 0.711190938949585 0.423677396774292 0.10122108459472656 0.14699764251708985
1 0.7346534729003906 0.569126033782959 0.13786907196044923 0.11435279846191407
2 0.7833209037780762 0.5390300750732422 0.14506072998046876 0.07956867218017578
1 0.7871846199035645 0.41381287574768066 0.10959892272949219 0.1571359634399414
