2 0.153223979473114 0.7110583782196045 0.169217848777771 0.1133641242980957
2 0.1505185842514038 0.767082405090332 0.15135092735290528 0.07068138122558594
2 0.17383179664611817 0.6138459205627441 0.16763439178466796 0.1482410430908203
1 0.22081013321876525 0.4926470756530762 0.1289861559867859 0.15700531005859375
0 0.3073556423187256 0.38841953277587893 0.13902034759521484 0.1260896682739258
0 0.4035101056098938 0.3398165464401245 0.13149430751800537 0.12603192329406737
0 0.5496213912963868 0.3388485908508301 0.14779529571533204 0.1260157585144043
0 0.6724903106689453 0.38283390998840333 0.12914180755615234 0.11378726959228516
1 0.7491055488586426 0.48067126274108884 0.1304962158203125 0.13595809936523437
2 0.7914477825164795 0.5751723289489746 0.13636255264282227 0.1417623519897461
2 0.8342386484146118 0.6675464153289795 0.17345080375671387 0.10266008377075195
2 0.8369598627090454 0.718653678894043 0.15671839714050292 0.06755924224853516
