2 0.10550067126750946 0.46572237014770507 0.07582846283912659 0.07904682159423829
2 0.13131215572357177 0.5444406509399414 0.11990041732788086 0.09882946014404297
2 0.1513808012008667 0.45862770080566406 0.08763742446899414 0.10692691802978516
1 0.2026505947113037 0.44748797416687014 0.09449558258056641 0.12896032333374025
1 0.23093767166137696 0.5652083396911621 0.13484058380126954 0.09451189041137695
0 0.29525084495544435 0.42302578687667847 0.1534489631652832 0.1805176019668579
0 0.3485260009765625 0.5570087432861328 0.1348414421081543 0.14684810638427734
0 0.44761821031570437 0.42078614234924316 0.21265828609466553 0.19312124252319335
0 0.45768251419067385 0.5718084335327148 0.13355741500854493 0.15621337890625
0 0.5729525089263916 0.5797609329223633 0.13448991775512695 0.16520042419433595
0 0.6354801177978515 0.4252006530761719 0.2045989990234375 0.20647649765014647
0 0.6884054183959961 0.5746622085571289 0.13659019470214845 0.14789237976074218
0 0.7796289920806885 0.4316914439201355 0.12843809127807618 0.16714308261871338
1 0.7765429496765137 0.5869979858398438 0.0900491714477539 0.10329418182373047
2 0.8391238212585449 0.5626637458801269 0.11609363555908203 0.10778846740722656
2 0.8975883483886719 0.44955005645751955 0.11868095397949219 0.12759389877319335
