2 0.13565914630889891 0.4870139122009277 0.12459993362426758 0.10547122955322266
2 0.15148305892944336 0.4975325584411621 0.1509549140930176 0.0918349266052246
2 0.15441585779190065 0.44587059020996095 0.11854088306427002 0.07941532135009766
2 0.1552528738975525 0.5277055740356446 0.09772799015045167 0.10550174713134766
2 0.170724356174469 0.5496496200561524 0.07645657062530517 0.08908748626708984
2 0.18660221099853516 0.42092647552490237 0.05331034660339355 0.09210491180419922
1 0.22436084747314453 0.547625732421875 0.07844839096069336 0.09776096343994141
1 0.23083242774009705 0.4191282749176025 0.08498126268386841 0.1402796745300293
0 0.30171804428100585 0.5465217590332031 0.12543706893920897 0.1169881820678711
0 0.3081543445587158 0.4200881004333496 0.12184414863586426 0.13990983963012696
0 0.4068324565887451 0.5578147888183593 0.12263145446777343 0.12960777282714844
0 0.439452064037323 0.4351870656013489 0.17732794284820558 0.1593148946762085
0 0.5070329666137695 0.5608334541320801 0.12320079803466796 0.1364591598510742
0 0.5991026878356933 0.42556180953979494 0.18233661651611327 0.14963855743408203
0 0.6105487823486329 0.5576377868652344 0.12955093383789062 0.1228851318359375
1 0.6834838390350342 0.5627007961273194 0.0838841438293457 0.12129001617431641
0 0.7106292724609375 0.41235626935958863 0.09492816925048828 0.1388468027114868
2 0.7495673179626465 0.5567960739135742 0.09791011810302734 0.14354686737060546
1 0.7839507579803466 0.4132855892181396 0.0965651512145996 0.13522825241088868
2 0.784954023361206 0.4860393524169922 0.07707796096801758 0.05034313201904297
2 0.8216366767883301 0.5490213394165039 0.11974525451660156 0.11139135360717774
2 0.8335759162902832 0.4124149322509766 0.07343063354492188 0.09425735473632812
2 0.8480137825012207 0.48480472564697263 0.09622707366943359 0.10130805969238281
2 0.883275032043457 0.39701850414276124 0.09630050659179687 0.07310795783996582
