2 0.18914942741394042 0.47225399017333985 0.07436108589172363 0.11116199493408203
2 0.2005244493484497 0.5447399139404296 0.05047993659973145 0.07979812622070312
1 0.23150866031646727 0.46523733139038087 0.08774271011352539 0.12514209747314453
2 0.2433680295944214 0.5481616973876953 0.07674455642700195 0.09805583953857422
0 0.30527725219726565 0.47749876976013184 0.11367206573486328 0.15980873107910157
1 0.30109100341796874 0.5571059226989746 0.07778997421264648 0.07775650024414063
0 0.3727564334869385 0.5609397411346435 0.07233362197875977 0.06829843521118165
0 0.4174957752227783 0.4817647814750671 0.15402641296386718 0.19768126010894777
0 0.4495955467224121 0.5699017524719239 0.09289722442626953 0.055334854125976565
0 0.5519774436950684 0.48668594360351564 0.15465688705444336 0.1909942626953125
0 0.6276472091674805 0.5440553665161133 0.081182861328125 0.0769866943359375
0 0.6681365966796875 0.46140060424804685 0.11348972320556641 0.1538167953491211
0 0.69393892288208 0.5394822120666504 0.07647895812988281 0.09001789093017579
0 0.74758882522583 0.46022785902023317 0.09359359741210938 0.12177202701568604
1 0.7371549606323242 0.5397585868835449 0.053236961364746094 0.08703479766845704
2 0.768971586227417 0.5342143058776856 0.04721813201904297 0.06870622634887695

1 0.795611047744751 0.4722701072692871 0.08556146621704101 0.11877803802490235
2 0.7899179458618164 0.5260984420776367 0.06882781982421875 0.05767631530761719
