2 0.05682342052459717 0.44912118911743165 0.10512521266937255 0.10362710952758789
1 0.12921065092086792 0.4497803211212158 0.11095228195190429 0.13098621368408203
2 0.14813857078552245 0.5680206298828125 0.09362716674804687 0.11763725280761719
0 0.23408293724060059 0.43396319150924684 0.1604933738708496 0.1818340539932251
1 0.22103641033172608 0.5863665580749512 0.1200639247894287 0.16140003204345704
0 0.3282836198806763 0.5968042373657226 0.16065402030944825 0.19158687591552734
0 0.41651716232299807 0.4018363833427429 0.24446353912353516 0.23704912662506103
0 0.46858605146408083 0.5675017356872558 0.16129686832427978 0.18510150909423828
0 0.6424819946289062 0.38952620029449464 0.2507288932800293 0.2391200542449951
0 0.6140702247619629 0.5739259719848633 0.16205291748046874 0.1888941764831543
0 0.740391731262207 0.5855504035949707 0.14105300903320311 0.18105487823486327
0 0.8137636423110962 0.4201188564300537 0.15083613395690917 0.19473505020141602
1 0.8294869422912597 0.5809689521789551 0.08434486389160156 0.15923652648925782
2 0.8807214736938477 0.5748665809631348 0.09864540100097656 0.14108142852783204
1 0.9020015716552734 0.40504117012023927 0.09202156066894532 0.15937108993530275
2 0.9204401016235352 0.44333977699279786 0.10381126403808594 0.12575511932373046
