2 0.19597610235214233 0.4062740445137024 0.18533270359039306 0.1271106481552124
2 0.1709873914718628 0.334365177154541 0.13399138450622558 0.09170694351196289
2 0.20132813453674317 0.4737367630004883 0.14911336898803712 0.10116367340087891
2 0.2132350206375122 0.5291172981262207 0.09839210510253907 0.10254106521606446
1 0.28139524459838866 0.5571703433990478 0.1008331298828125 0.12404508590698242
0 0.3712277412414551 0.5862469673156738 0.11693172454833985 0.131451416015625
0 0.47539267539978025 0.597473430633545 0.11710786819458008 0.1343658447265625
0 0.5778813362121582 0.5934847354888916 0.1162118911743164 0.14200067520141602
0 0.6747511386871338 0.5884346008300781 0.11148004531860352 0.1332061767578125
2 0.780052375793457 0.5337055206298829 0.15194549560546874 0.13611221313476562
1 0.7538917064666748 0.562466812133789 0.09607305526733398 0.1322568893432617
2 0.8061493873596192 0.42437516450881957 0.18617172241210939 0.12686669826507568
2 0.8223982810974121 0.35284924507141113 0.1457925796508789 0.09287233352661133
