2 0.10649193525314331 0.31240904331207275 0.18415510654449463 0.15412607192993164
2 0.12315282821655274 0.43920178413391114 0.21122803688049316 0.17292346954345703
2 0.18841958045959473 0.540617561340332 0.20134201049804687 0.1576944351196289
2 0.24268817901611328 0.6251713275909424 0.16476993560791015 0.10188961029052734
0 0.4293485641479492 0.6954592227935791 0.13541393280029296 0.08153533935546875
0 0.5515933990478515 0.7085451126098633 0.13319110870361328 0.08883113861083984
0 0.6684840679168701 0.693439531326294 0.13319902420043944 0.09779825210571289
0 0.7730621337890625 0.6411853790283203 0.13889579772949218 0.11108322143554687
1 0.8078673362731934 0.5986510276794433 0.1373159408569336 0.08344478607177734
2 0.8527972936630249 0.5425295829772949 0.1599731922149658 0.12688264846801758
2 0.8851844787597656 0.42676628828048707 0.20765247344970703 0.1652233362197876
2 0.8920316696166992 0.2963468074798584 0.1825836181640625 0.1662013053894043
