2 0.05064622014760971 0.48507080078125 0.08001561462879181 0.1004293441772461
2 0.08583635091781616 0.48594188690185547 0.07310757637023926 0.11270637512207031
2 0.11239707469940186 0.5862233161926269 0.0780120849609375 0.11758213043212891
1 0.1631496787071228 0.49573330879211425 0.13687198162078856 0.16361360549926757
2 0.1818706512451172 0.605747127532959 0.12966532707214357 0.12842998504638672
1 0.2459506094455719 0.6468935966491699 0.11948975324630737 0.1518178939819336
0 0.27685065269470216 0.5096724510192872 0.13787412643432617 0.16534996032714844
0 0.34287075996398925 0.6244088172912597 0.12154150009155273 0.16119203567504883
0 0.4267059326171875 0.5280008316040039 0.19440078735351562 0.1812185287475586
0 0.4516779899597168 0.6576088905334473 0.12748594284057618 0.13468246459960936
0 0.5560346603393554 0.6465631484985351 0.12166614532470703 0.1268599510192871
0 0.5958118438720703 0.5212188243865967 0.18498516082763672 0.1872279167175293
0 0.6617063522338867 0.6242895126342773 0.12930622100830078 0.15851078033447266
1 0.7425639152526855 0.4938500881195068 0.13846683502197266 0.17648839950561523
1 0.751126480102539 0.6314424514770508 0.1150167465209961 0.16912612915039063
2 0.8228894233703613 0.5881872177124023 0.10331707000732422 0.13085193634033204
2 0.8345012664794922 0.47841309309005736 0.10056533813476562 0.1755535364151001
2 0.8915035247802734 0.45130147933959963 0.06570167541503906 0.11403141021728516
2 0.9381258010864257 0.4072218418121338 0.07811050415039063 0.11296215057373046
