2 0.16320864856243134 0.3543905258178711 0.15087857842445374 0.17128334045410157
2 0.2061237335205078 0.46771945953369143 0.1430109977722168 0.09589996337890624
2 0.24445643424987792 0.5601479530334472 0.13520174026489257 0.11085014343261719
1 0.3089937686920166 0.6274220466613769 0.08209261894226075 0.05591106414794922
0 0.38349366188049316 0.6843767166137695 0.10524253845214844 0.07579879760742188
0 0.4599966049194336 0.719800615310669 0.09487037658691407 0.05542173385620117
0 0.5464569568634033 0.7396755695343018 0.10822868347167969 0.06350193023681641
0 0.6294882774353028 0.7050895690917969 0.1251911163330078 0.08782405853271484
1 0.6973082065582276 0.6705855369567871 0.08231048583984375 0.06658267974853516
2 0.7584529876708984 0.611518383026123 0.13027000427246094 0.10585918426513671
2 0.8063186645507813 0.5218075752258301 0.1592256546020508 0.13642749786376954
2 0.838063907623291 0.3853166580200195 0.11313819885253906 0.16688966751098633
