2 0.11436700820922852 0.6759190559387207 0.20076842308044435 0.13082218170166016
2 0.12032828629016876 0.5618971347808838 0.18497294783592225 0.16213493347167968
2 0.1252559930086136 0.7513909816741944 0.19073347449302674 0.11837167739868164
1 0.14408000707626342 0.4215580940246582 0.15640709400177003 0.18078374862670898
0 0.24442171454429626 0.30846576690673827 0.1829562306404114 0.1833253860473633
0 0.42593430280685424 0.25223593711853026 0.2406233072280884 0.21721286773681642
0 0.6471189498901367 0.24627684950828552 0.2393482208251953 0.20168458223342894
0 0.8214998483657837 0.28723042011260985 0.17948641777038574 0.18823003768920898
2 0.8994224786758422 0.5108939170837402 0.20082926750183105 0.16558704376220704
2 0.9010065078735352 0.5927008628845215 0.19661712646484375 0.08485660552978516
2 0.9063516616821289 0.6682418823242188 0.1858386993408203 0.13753890991210938
1 0.8979558944702148 0.3799822092056274 0.15777130126953126 0.16808705329895018
