2 0.06588860154151917 0.5115262031555176 0.06693041324615479 0.12932262420654297

2 0.09515563249588013 0.5027312278747559 0.07609322071075439 0.13176937103271485
2 0.11860227584838867 0.6013140678405762 0.08224880695343018 0.11486854553222656
2 0.11964097023010253 0.49844961166381835 0.0717942476272583 0.12468948364257812
1 0.16668928861618043 0.4785308837890625 0.12314636707305908 0.18038225173950195
2 0.15530591011047362 0.6144723892211914 0.08845000267028809 0.1397686004638672
1 0.2143247365951538 0.6181747913360596 0.0964576244354248 0.1450704574584961
0 0.2542614221572876 0.4855969429016113 0.11876916885375977 0.1645101547241211
0 0.30482797622680663 0.6143639087677002 0.11678504943847656 0.142559814453125
0 0.3814923048019409 0.46743165254592894 0.2093506336212158 0.22630650997161866
0 0.40822582244873046 0.6257055759429931 0.13486642837524415 0.15465097427368163
0 0.5592586517333984 0.4731253147125244 0.21250972747802735 0.2313386917114258
0 0.5156292915344238 0.6220507621765137 0.12353525161743165 0.1476644515991211
0 0.6150945663452149 0.6225434303283691 0.12489709854125977 0.13707523345947265
0 0.7017632484436035 0.49672689437866213 0.14031124114990234 0.17406139373779297
1 0.7103304862976074 0.6207475662231445 0.10412273406982422 0.1293424606323242
2 0.7848982810974121 0.613380765914917 0.09665451049804688 0.12822885513305665
1 0.8080596685409546 0.49811534881591796 0.11944241523742676 0.17767038345336914
2 0.8389643669128418 0.6051191329956055 0.08957786560058593 0.11140689849853516
2 0.8702971458435058 0.5014897346496582 0.08318881988525391 0.13927230834960938
2 0.9104467391967773 0.4982818603515625 0.07169914245605469 0.10687427520751953
2 0.939338493347168 0.5089207649230957 0.0639801025390625 0.08862819671630859
