2 0.22132028937339782 0.3630174160003662 0.18026658296585082 0.15889034271240235
2 0.23392012119293212 0.46515722274780275 0.16198830604553222 0.1302640914916992
2 0.23623123168945312 0.5587912559509277 0.14008636474609376 0.12082500457763672
1 0.241902756690979 0.6349862098693848 0.09749279022216797 0.06528263092041016
0 0.31149675846099856 0.6535208702087403 0.10070796012878418 0.060410499572753906
0 0.40285382270812986 0.6689217567443848 0.11765928268432617 0.06546497344970703
0 0.5095101356506347 0.6702006340026856 0.11446475982666016 0.0651540756225586
0 0.6149087429046631 0.6396842479705811 0.12762002944946288 0.06731204986572266
1 0.7209585666656494 0.612088680267334 0.13514022827148436 0.07405414581298828
2 0.7755375862121582 0.5383648872375488 0.15108299255371094 0.13764514923095703
2 0.8232935190200805 0.43238344192504885 0.18066134452819824 0.1546142578125
2 0.8585597991943359 0.3050781011581421 0.1802915573120117 0.17124180793762206
