2 0.09778136610984803 0.8201593637466431 0.14173046350479127 0.05880923271179199
2 0.12043074369430543 0.7437253952026367 0.15976669788360595 0.1371297836303711
2 0.15718250572681428 0.6390322685241699 0.17967342734336852 0.18368167877197267
2 0.20024389624595643 0.524963092803955 0.16281548738479615 0.13383541107177735
2 0.23440890312194823 0.41876040697097777 0.1645801544189453 0.1440488576889038
1 0.2714193344116211 0.31387488842010497 0.14132471084594728 0.14258241653442383
0 0.3433990955352783 0.24835386872291565 0.12919206619262696 0.1429503321647644
0 0.45024995803833007 0.23386142253875733 0.14564647674560546 0.12933077812194824
0 0.5857170104980469 0.23835179805755616 0.1417757034301758 0.12466883659362793
0 0.6957745552062988 0.25206522941589354 0.1203857421875 0.1330235481262207
1 0.7762229919433594 0.3456203699111938 0.15516586303710939 0.14383482933044434
2 0.8105460166931152 0.45966086387634275 0.18725051879882812 0.15612354278564453
2 0.8458596229553222 0.5722566604614258 0.1720977783203125 0.14220333099365234
2 0.8993247985839844 0.7058168411254883 0.1960895538330078 0.20485687255859375
2 0.9381589889526367 0.7981469631195068 0.12367477416992187 0.10177583694458008
