2 0.13149080276489258 0.4740747451782227 0.058625197410583495 0.04747295379638672
2 0.1501163959503174 0.5259160995483398 0.07323660850524902 0.06490287780761719
1 0.19598156213760376 0.46924991607666017 0.10451724529266357 0.12663230895996094
2 0.20739593505859374 0.5422587394714355 0.09055328369140625 0.07247247695922851
0 0.27854084968566895 0.4336105227470398 0.12834081649780274 0.14288923740386963
1 0.2702524185180664 0.5376484870910645 0.09297256469726563 0.10182991027832031
0 0.3457562685012817 0.5592069625854492 0.12068839073181152 0.09157733917236328
0 0.41621413230896 0.42998218536376953 0.18913021087646484 0.17274694442749022
0 0.45403285026550294 0.5627985000610352 0.12079687118530273 0.13039665222167968
0 0.5869877815246582 0.43529419898986815 0.1794038772583008 0.17512617111206055
0 0.5622784614562988 0.5650485038757325 0.12624473571777345 0.1293588638305664
0 0.6887317657470703 0.5597060680389404 0.1583578109741211 0.11796340942382813
0 0.7197454452514649 0.44044588804244994 0.12287406921386719 0.13959639072418212
2 0.7749210357666015 0.5596800804138183 0.06689567565917968 0.07555904388427734
1 0.7859100341796875 0.48703532218933104 0.0882720947265625 0.10758171081542969
2 0.8024404525756836 0.5513287544250488 0.09506645202636718 0.0653951644897461
2 0.8482450485229492 0.4781953811645508 0.0848541259765625 0.09094505310058594
