2 0.12336934804916382 0.4021622180938721 0.07425839900970459 0.09411935806274414
1 0.1873048186302185 0.4066963195800781 0.0957944631576538 0.12044973373413086
0 0.28268885612487793 0.4455709457397461 0.15540876388549804 0.1692516326904297
0 0.3453167676925659 0.5547204971313476 0.18151440620422363 0.11048517227172852
0 0.4235881805419922 0.4708395481109619 0.17402334213256837 0.1724480628967285
0 0.4828145980834961 0.5623552322387695 0.11897773742675781 0.10886211395263672
0 0.5584049701690674 0.48554143905639646 0.1340099334716797 0.11873226165771485
0 0.586906909942627 0.5609472274780274 0.12001991271972656 0.11600456237792969
0 0.6684104919433593 0.49436559677124026 0.13074398040771484 0.12087554931640625
1 0.7756175994873047 0.49356517791748045 0.11828823089599609 0.1215280532836914
