2 0.09603781700134277 0.705555534362793 0.19098525047302245 0.12605743408203124
2 0.09616029262542725 0.5882288455963135 0.19062118530273436 0.125531005859375
2 0.11008119583129883 0.47687597274780275 0.19465131759643556 0.15253372192382814
1 0.15655380487442017 0.3253438949584961 0.13363730907440186 0.15031681060791016
0 0.24357089400291443 0.2164635181427002 0.1549561619758606 0.182568359375
0 0.41940630674362184 0.18852246999740602 0.2382122278213501 0.19735305309295653
0 0.6518195629119873 0.20662343502044678 0.2233973503112793 0.21259756088256837
0 0.814288878440857 0.2512443482875824 0.1488804340362549 0.18425742387771607
1 0.869478416442871 0.39831678867340087 0.1387004852294922 0.1453345775604248
2 0.9031320571899414 0.5352858066558838 0.19292182922363282 0.15626859664916992
2 0.9119641304016113 0.7483606338500977 0.17489948272705078 0.12021198272705078
2 0.9141633987426758 0.635677433013916 0.17141952514648437 0.09941616058349609
