2 0.10669424533843994 0.6566125869750976 0.207374906539917 0.1053232192993164
2 0.13889389038085936 0.578963327407837 0.20232129096984863 0.12402715682983398
2 0.1764235019683838 0.527649211883545 0.21981139183044435 0.17152786254882812
1 0.20645245909690857 0.4324022769927979 0.17135125398635864 0.19649858474731446
0 0.2964545726776123 0.35630748271942136 0.15605249404907226 0.18295273780822754
0 0.4913575053215027 0.3362422943115234 0.24892065525054932 0.21800012588500978
0 0.7003073215484619 0.31051077842712405 0.22222547531127929 0.18614377975463867
0 0.7883183479309082 0.3953541278839111 0.15711898803710939 0.19954748153686525
2 0.8169538497924804 0.6055756568908691 0.15258255004882812 0.09393882751464844
2 0.8582111358642578 0.5463294506072998 0.20287666320800782 0.13846216201782227
2 0.8879295587539673 0.6250451087951661 0.21857256889343263 0.16495742797851562
2 0.8940485954284668 0.6638534069061279 0.2089536666870117 0.08654441833496093
1 0.8701703071594238 0.46420917510986326 0.15458602905273439 0.18555374145507814
