2 0.12325018644332886 0.7258617401123046 0.17262814044952393 0.13974151611328126
2 0.12189079523086548 0.7893887996673584 0.13269007205963135 0.04734926223754883
2 0.13652204275131224 0.632019329071045 0.1604252576828003 0.10682439804077148
1 0.1672241657972336 0.4743792057037354 0.13455138802528382 0.1501920700073242
0 0.2437443494796753 0.3770415782928467 0.13549332618713378 0.13649492263793944
0 0.3829812049865723 0.30576605796813966 0.1893742561340332 0.16340303421020508
0 0.5667726516723632 0.30342984199523926 0.18946237564086915 0.1582010269165039
0 0.7155379295349121 0.35655794143676756 0.13437137603759766 0.12565164566040038
1 0.804561710357666 0.4548255443572998 0.1277690887451172 0.14404468536376952
2 0.8260402679443359 0.5325428009033203 0.14457321166992188 0.09114704132080079
2 0.8689543724060058 0.6073460102081298 0.1335622787475586 0.10761938095092774
2 0.8786895751953125 0.6986379623413086 0.13192100524902345 0.11426162719726562
2 0.8885688781738281 0.7578208923339844 0.10596389770507812 0.058293914794921874
