2 0.14473533928394317 0.30729875564575193 0.1673503339290619 0.14981937408447266
2 0.16697330474853517 0.4369983196258545 0.16826210021972657 0.13336601257324218
2 0.22898557186126708 0.532472801208496 0.15849857330322265 0.11980171203613281
1 0.279892110824585 0.6160736083984375 0.10900583267211914 0.10958671569824219
0 0.3898475646972656 0.6340530395507813 0.14426498413085936 0.15833606719970703
0 0.4823013782501221 0.6828481674194335 0.15728940963745117 0.09237041473388671
0 0.6012818813323975 0.6589875221252441 0.1547473907470703 0.1304245948791504
0 0.7077552795410156 0.6026516914367676 0.14609699249267577 0.13572044372558595
2 0.8169131278991699 0.4851343631744385 0.15553245544433594 0.11339712142944336
1 0.7956142425537109 0.5558324813842773 0.09798870086669922 0.08373613357543945
2 0.8618720054626465 0.2614350557327271 0.18757781982421876 0.15748744010925292
2 0.854730224609375 0.3864251136779785 0.16044960021972657 0.12259750366210938
