2 0.13339712619781494 0.3992288589477539 0.22572646141052247 0.19907169342041015
2 0.17994083166122438 0.5427904605865479 0.1954402208328247 0.1473844528198242
2 0.2237133264541626 0.6335635185241699 0.1775218963623047 0.16246500015258789
1 0.28657896518707277 0.7107113838195801 0.16324925422668457 0.14772872924804686
0 0.3619976997375488 0.7601219177246094 0.15644044876098634 0.13866863250732422
0 0.46399173736572263 0.7710412979125977 0.15234746932983398 0.15555057525634766
0 0.5875714302062989 0.7551490783691406 0.1440643310546875 0.14680614471435546
0 0.7082765579223633 0.7107309818267822 0.16141204833984374 0.14893465042114257
1 0.808965015411377 0.6305340766906739 0.18300628662109375 0.16191482543945312
2 0.8382688522338867 0.49022655487060546 0.20682506561279296 0.1581477165222168
2 0.8764579772949219 0.37841129302978516 0.2433795928955078 0.14571790695190429
2 0.8990715026855469 0.21205711364746094 0.19983901977539062 0.18249788284301757
2 0.935466194152832 0.3803226470947266 0.12644195556640625 0.13075742721557618
