2 0.16751492023468018 0.42775578498840333 0.1682075023651123 0.11371641159057617
2 0.17753973007202148 0.5087610244750976 0.15509133338928222 0.10251331329345703
2 0.2037879705429077 0.5699310779571534 0.15757336616516113 0.11574029922485352
1 0.24859375953674318 0.619002103805542 0.08570775985717774 0.11042394638061523
0 0.3222752332687378 0.6366705894470215 0.09294438362121582 0.1233642578125
0 0.40265655517578125 0.6487855911254883 0.09457063674926758 0.1290372848510742
0 0.4859298229217529 0.6479395866394043 0.09184350967407226 0.12678966522216797
0 0.5696982383728028 0.6493777275085449 0.10089092254638672 0.12988739013671874
1 0.6484487533569336 0.6319547653198242 0.089288330078125 0.12383766174316406
2 0.7109869003295899 0.6039287090301514 0.13478527069091797 0.12838077545166016
2 0.748112154006958 0.5418401718139648 0.15368032455444336 0.11489295959472656
2 0.7962285995483398 0.4803020477294922 0.1814647674560547 0.11172752380371094
