2 0.13068965673446656 0.5593453407287597 0.08851900100708007 0.10746498107910156
2 0.18962689638137817 0.5689940929412842 0.11270201206207275 0.12594900131225586
2 0.18681563138961793 0.6232708930969239 0.08168127536773681 0.060405540466308597
1 0.2249941349029541 0.5235650539398193 0.13202505111694335 0.15453519821166992
2 0.2500335931777954 0.621640682220459 0.09740705490112304 0.09898757934570312
0 0.32579917907714845 0.523558521270752 0.12686405181884766 0.1485748291015625
1 0.32052412033081057 0.6171048641204834 0.1008718490600586 0.0922607421875
0 0.4417695999145508 0.479179847240448 0.194992733001709 0.19823877811431884
0 0.39626569747924806 0.5815366268157959 0.07258234024047852 0.07967395782470703
0 0.47974863052368166 0.5828227519989013 0.12454509735107422 0.09753141403198243
0 0.6076541900634765 0.46933917999267577 0.1871002197265625 0.1922250747680664
0 0.5797980308532715 0.5712518692016602 0.09804391860961914 0.08404750823974609
0 0.6603368759155274 0.564923906326294 0.08979625701904297 0.0718541145324707
0 0.7251224040985107 0.4889223098754883 0.09884862899780274 0.13512496948242186
1 0.7361842155456543 0.560201358795166 0.09430713653564453 0.062183380126953125
2 0.7968382358551025 0.547952127456665 0.08301286697387696 0.0846323013305664
2 0.826719093322754 0.4987168312072754 0.08899097442626953 0.1135986328125
2 0.8401436805725098 0.5501436233520508 0.07942218780517578 0.057171058654785153
