2 0.05841072201728821 0.4219643473625183 0.09801777601242065 0.13409731388092042
2 0.10720226466655731 0.5264390468597412 0.1199829638004303 0.12829437255859374
2 0.12111132144927979 0.5474181175231934 0.12663729190826417 0.17096939086914062
1 0.13399770259857177 0.4282785296440125 0.12510719299316406 0.1561016321182251
0 0.1991096019744873 0.5662277698516845 0.15087924003601075 0.18185873031616212
0 0.289158296585083 0.41385105848312376 0.24626102447509765 0.23290865421295165
0 0.32713582515716555 0.5801022529602051 0.15151505470275878 0.17535629272460937
0 0.4606695055961609 0.5752689361572265 0.15721437931060792 0.19136009216308594
0 0.5077568531036377 0.4237053394317627 0.23821725845336914 0.22500162124633788
0 0.6051228523254395 0.5752584934234619 0.16749725341796876 0.18636083602905273
0 0.6903257369995117 0.42467039823532104 0.16851634979248048 0.16576082706451417
1 0.7162278175354004 0.5383970260620117 0.13157148361206056 0.16382408142089844
