2 0.10673198401927948 0.6853822231292724 0.18159757256507875 0.08765592575073242
2 0.1099854588508606 0.7590331554412841 0.1848710298538208 0.10513677597045898
2 0.10896115303039551 0.6199697017669678 0.17992355823516845 0.1069748878479004
1 0.12063056230545044 0.5380221366882324 0.1554555892944336 0.1414928436279297
0 0.18433376550674438 0.45816888809204104 0.1475111722946167 0.1335521697998047
0 0.29605422019958494 0.3928926229476929 0.18132514953613282 0.1539933681488037
0 0.47033425569534304 0.3732635974884033 0.19870412349700928 0.15463495254516602
0 0.6256081104278565 0.401099956035614 0.13955459594726563 0.1393902063369751
1 0.7517180919647217 0.4481367588043213 0.1150925636291504 0.12059478759765625
2 0.7924546241760254 0.5330083847045899 0.12764568328857423 0.09669704437255859
2 0.8696830987930297 0.6339389324188233 0.1416675090789795 0.15620594024658202
