2 0.17728128433227539 0.30045790672302247 0.14342374801635743 0.14499731063842775
2 0.20351576805114746 0.42338075637817385 0.17443294525146485 0.1579059600830078
1 0.2564858436584473 0.5228176116943359 0.13752269744873047 0.1266000747680664
0 0.33345303535461424 0.6012945652008057 0.1425919532775879 0.10824079513549804
0 0.44725775718688965 0.6399364471435547 0.12199268341064454 0.09940710067749023
0 0.5687769889831543 0.6518852233886718 0.12898693084716797 0.11355447769165039
0 0.6839469909667969 0.6370131015777588 0.13545570373535157 0.13375387191772461
1 0.7737906455993653 0.5801929950714111 0.14929428100585937 0.1708221435546875
2 0.838752269744873 0.4843036651611328 0.1836801528930664 0.20660009384155273
2 0.8684249877929687 0.34152779579162595 0.16773681640625 0.16801366806030274
