2 0.14130187034606934 0.5770527839660644 0.07277708053588867 0.09664306640625

2 0.15241268873214722 0.49911036491394045 0.07549326419830323 0.06681146621704101
2 0.17798384428024291 0.5799644947052002 0.09093258380889893 0.09340887069702149
1 0.21132371425628663 0.4874887943267822 0.09291582107543946 0.1027287483215332
2 0.23399159908294678 0.5620913982391358 0.07430624961853027 0.08847312927246094
1 0.2909098625183105 0.5881683349609375 0.11761932373046875 0.14241104125976561
0 0.2984694719314575 0.4617599010467529 0.1309197425842285 0.1296367645263672
0 0.3841607332229614 0.5658013343811035 0.10901827812194824 0.11740274429321289
0 0.43523807525634767 0.4565743327140808 0.18334693908691407 0.1584839105606079
0 0.475831127166748 0.5707286357879638 0.12961845397949218 0.13881187438964843
0 0.5894647121429444 0.4446582794189453 0.1712801933288574 0.1582164764404297
0 0.5737377166748047 0.571382713317871 0.11784172058105469 0.14666595458984374
0 0.6572689056396485 0.5520845890045166 0.09300041198730469 0.1168290138244629
0 0.7107732772827149 0.449208402633667 0.11269607543945312 0.14704456329345703
1 0.7320012092590332 0.5500743389129639 0.09346923828125 0.11039371490478515
1 0.7812830448150635 0.4509153366088867 0.0724410057067871 0.09603290557861328
2 0.783500862121582 0.5465307235717773 0.07537040710449219 0.10071659088134766
2 0.8128676414489746 0.5358628273010254 0.06966953277587891 0.0897256851196289
