1 0.1878253698348999 0.5052484512329102 0.08342490196228028 0.12929325103759765
0 0.2941784143447876 0.47631096839904785 0.21336064338684083 0.1809685707092285
1 0.2588002920150757 0.595046091079712 0.1385441780090332 0.11931524276733399
0 0.38292360305786133 0.5726055145263672 0.13612842559814453 0.10107955932617188
0 0.46430201530456544 0.4567582607269287 0.18237199783325195 0.18006372451782227
0 0.49071474075317384 0.5652807712554931 0.13578414916992188 0.1255718231201172
0 0.6094626426696778 0.4212193489074707 0.1494455337524414 0.14940252304077148
0 0.6190398216247559 0.5464550018310547 0.14578838348388673 0.1393451690673828
0 0.7193339347839356 0.551512622833252 0.12380867004394532 0.1220663070678711
0 0.7338070392608642 0.4215080261230469 0.13553228378295898 0.14016313552856446
1 0.8511922836303711 0.4326876163482666 0.16056289672851562 0.1324106216430664
