2 0.14320989847183227 0.6088510513305664 0.16808507442474366 0.13004207611083984
2 0.14232612848281861 0.6892938613891602 0.16073033809661866 0.09280204772949219
2 0.17684910595417022 0.5141791343688965 0.16690210700035096 0.14764118194580078
1 0.20810455679893494 0.4260519504547119 0.12638999223709108 0.1601856231689453
0 0.32149128913879393 0.3585024118423462 0.11046571731567383 0.11327528953552246
0 0.4420499801635742 0.3240660667419434 0.1436612129211426 0.1223689079284668
0 0.5877707481384278 0.34063985347747805 0.14641380310058594 0.12441935539245605
0 0.6976505279541015 0.38857302665710447 0.10665454864501953 0.12442855834960938
1 0.7887864589691163 0.46162387132644656 0.12306833267211914 0.13518521785736085
2 0.8269960403442382 0.5401680946350098 0.17498302459716797 0.15642051696777343
2 0.8444787979125976 0.6474575996398926 0.19885520935058593 0.1231851577758789
2 0.8420278549194335 0.7232113361358643 0.17048511505126954 0.09200267791748047
