2 0.17335814237594604 0.28441534042358396 0.18437345027923585 0.13509745597839357
2 0.20114195346832275 0.3828544616699219 0.1658327579498291 0.13121089935302735
2 0.2209993779659271 0.48704042434692385 0.15867797136306763 0.13501443862915039
1 0.2748861312866211 0.5841486930847168 0.1495142936706543 0.10554485321044922
0 0.3421163558959961 0.6392319679260254 0.1411458969116211 0.10845823287963867
0 0.42957229614257814 0.6657594680786133 0.1144266128540039 0.09871158599853516
0 0.5273696899414062 0.6630018711090088 0.11888837814331055 0.09655437469482422
0 0.6162907600402832 0.6414930820465088 0.1296457290649414 0.09982528686523437
1 0.6976425170898437 0.6037337303161621 0.12591838836669922 0.09699459075927734
2 0.7498230457305908 0.5192509651184082 0.1492478370666504 0.1418455123901367
2 0.7855278968811035 0.4113646984100342 0.15781898498535157 0.13454828262329102
2 0.8210136651992798 0.2964911460876465 0.186958646774292 0.15680990219116211
