2 0.19520702362060546 0.6368600845336914 0.18727846145629884 0.15025825500488282
2 0.1848214864730835 0.6945512771606446 0.15436182022094727 0.06203374862670898
2 0.18124012947082518 0.747020149230957 0.1402688980102539 0.0936441421508789
2 0.19673095941543578 0.5110505580902099 0.1614762544631958 0.12735748291015625
1 0.23379835486412048 0.45452537536621096 0.11349459886550903 0.12993841171264647
0 0.29987123012542727 0.382924222946167 0.13541407585144044 0.1267925262451172
0 0.4033454418182373 0.3243413925170898 0.1687607765197754 0.09099874496459961
0 0.5681844234466553 0.3379702091217041 0.16800708770751954 0.11424732208251953
0 0.6841847419738769 0.3774869441986084 0.10495758056640625 0.1416715621948242
1 0.7451455116271972 0.4509786605834961 0.11775188446044922 0.13632869720458984
2 0.7554351329803467 0.6503052711486816 0.12315931320190429 0.11832189559936523
2 0.7684661865234375 0.5378359794616699 0.14707469940185547 0.11174802780151367
2 0.7615526199340821 0.6956685543060303 0.10991172790527344 0.058677959442138675
