2 0.13088195621967316 0.33566281795501707 0.12600449919700624 0.1317741870880127
2 0.14850343465805055 0.4552268981933594 0.15480320453643798 0.1477642059326172
1 0.22241969108581544 0.5681795120239258 0.15100560188293458 0.10149803161621093
0 0.30917582511901853 0.6328571796417236 0.15810842514038087 0.0893223762512207
0 0.44585132598876953 0.6722071647644043 0.153961181640625 0.1014547348022461
0 0.5974723815917968 0.6772378921508789 0.1587505340576172 0.09971408843994141
0 0.7307844161987305 0.6505684852600098 0.15695133209228515 0.1324300765991211
1 0.8177388906478882 0.5909970283508301 0.14506688117980956 0.13807897567749022
2 0.8528962135314941 0.3420864582061768 0.1620878219604492 0.13652353286743163
2 0.8549610376358032 0.4625386118888855 0.1633674144744873 0.1671947717666626
2 0.8486752510070801 0.25270819664001465 0.14832687377929688 0.08102331161499024
