2 0.14927628338336946 0.35821900367736814 0.1367163121700287 0.153823184967041
2 0.20234436988830568 0.4823022365570068 0.19660301208496095 0.18933391571044922
2 0.3162830829620361 0.5812848091125489 0.13846969604492188 0.10601224899291992
1 0.36176223754882814 0.6522150039672852 0.12238388061523438 0.15223236083984376
0 0.4689748764038086 0.6499932289123536 0.12589950561523439 0.11706428527832032
0 0.5628132820129395 0.6697218894958497 0.11865043640136719 0.11924476623535156
0 0.6658500671386719 0.6601549625396729 0.11074295043945312 0.12139425277709961
0 0.7293965816497803 0.624942398071289 0.10537328720092773 0.10993900299072265
1 0.7908238410949707 0.5856674194335938 0.1298431396484375 0.1315521240234375
2 0.8273447275161743 0.3983797550201416 0.19785914421081544 0.17343034744262695
2 0.8121019124984741 0.503028678894043 0.1670300006866455 0.14932098388671874
2 0.8463778495788574 0.26265084743499756 0.16444740295410157 0.16126933097839355
