2 0.14255644083023072 0.6128488063812256 0.1887047052383423 0.14828758239746093
2 0.14191036224365233 0.7157967567443848 0.1747868537902832 0.12079391479492188
2 0.14511789977550507 0.48241004943847654 0.17533770203590393 0.17518081665039062
1 0.17419836521148682 0.36711549758911133 0.14683680534362792 0.16988201141357423
1 0.24116182923316956 0.24324095249176025 0.14715288877487182 0.14963736534118652
0 0.6871531009674072 0.209891676902771 0.16493635177612304 0.11024584770202636
1 0.789631462097168 0.3060528039932251 0.14450855255126954 0.14641823768615722
2 0.8413047552108764 0.5417704582214355 0.21149182319641113 0.14910440444946288
2 0.8293035745620727 0.4183945655822754 0.1847480297088623 0.16862993240356444
2 0.8457275390625 0.647543478012085 0.18901596069335938 0.1242976188659668
