2 0.1337471455335617 0.5618359565734863 0.08127732872962952 0.06845760345458984
2 0.1448196530342102 0.5102708816528321 0.0904536247253418 0.06960887908935547
1 0.17867593765258788 0.477609920501709 0.08941278457641602 0.10340766906738282
0 0.251838231086731 0.4400160789489746 0.13776607513427735 0.13776655197143556
1 0.24561727046966553 0.5175766944885254 0.09086346626281738 0.0791168212890625
0 0.32629761695861814 0.5286934852600098 0.10120067596435547 0.1187276840209961
0 0.39638006687164307 0.4304327487945557 0.18256821632385253 0.17459630966186523
0 0.4259027481079102 0.5374404907226562 0.11666374206542969 0.11618518829345703
0 0.5308060646057129 0.5315467834472656 0.11588859558105469 0.12890701293945311
0 0.574602746963501 0.43875846862792967 0.1773906707763672 0.1515824317932129
0 0.6294618606567383 0.5301265716552734 0.098101806640625 0.11221389770507813
0 0.7111644744873047 0.455245578289032 0.11901531219482422 0.1419456720352173
1 0.7032809734344483 0.5313893318176269 0.08055124282836915 0.0872039794921875
1 0.7776906013488769 0.495538330078125 0.08335647583007813 0.11010169982910156
2 0.796694278717041 0.5805193901062011 0.10632591247558594 0.09903030395507813
2 0.8265589714050293 0.5178674697875977 0.0674530029296875 0.07582473754882812
