2 0.10449577569961548 0.5303955078125 0.10824697017669678 0.13788776397705077

1 0.1407374382019043 0.4700556755065918 0.11230838298797607 0.14949588775634765
2 0.13803065121173858 0.5743725299835205 0.09871372580528259 0.10588674545288086
0 0.22630341053009034 0.44096221923828127 0.13163404464721679 0.16693782806396484
1 0.20399871468544006 0.5596220016479492 0.08700655698776245 0.11515216827392578
0 0.28626246452331544 0.5454675197601319 0.11423015594482422 0.10927495956420899
0 0.36501517295837405 0.4278517603874207 0.187766170501709 0.19821226596832275
0 0.38869352340698243 0.54004807472229 0.11787757873535157 0.09172658920288086
0 0.49140262603759766 0.5240989685058594 0.12257022857666015 0.10684413909912109
0 0.5445964813232422 0.42253975868225097 0.20188159942626954 0.18809089660644532
0 0.6013461112976074 0.5232051849365235 0.1218881607055664 0.09931316375732421
0 0.6982776641845703 0.43508100509643555 0.15005855560302733 0.1593926429748535
0 0.7124250411987305 0.5362930774688721 0.12570686340332032 0.10923042297363281
0 0.8067593574523926 0.4519674777984619 0.1194875717163086 0.16170053482055663
1 0.8087318420410157 0.5524255752563476 0.10898342132568359 0.12347736358642578
1 0.8673690795898438 0.5045536041259766 0.09589920043945313 0.12083740234375
1 0.9096699714660644 0.6508007049560547 0.16370754241943358 0.20222759246826172
