2 0.07838729619979859 0.4194051265716553 0.15677459239959718 0.18067693710327148
2 0.07575212717056275 0.26742780208587646 0.1515042543411255 0.19367022514343263
2 0.11906418800354004 0.5388653755187989 0.1601346969604492 0.12379646301269531
1 0.16058887243270875 0.6255453109741211 0.12001640796661377 0.10139217376708984
0 0.24677047729492188 0.6919893264770508 0.13639726638793945 0.09199542999267578
0 0.3566800355911255 0.7198756217956543 0.12543129920959473 0.08652915954589843
0 0.4711148738861084 0.7310772895812988 0.12169466018676758 0.09637603759765626
0 0.5874790191650391 0.7249924659729003 0.13642349243164062 0.09977798461914063
1 0.6965410232543945 0.6870594978332519 0.1265422821044922 0.1008636474609375
2 0.7613380432128907 0.5996034622192383 0.15286617279052733 0.14590206146240234
2 0.8136299133300782 0.49655632972717284 0.15677452087402344 0.18143110275268554
2 0.8490012884140015 0.35746145248413086 0.15988583564758302 0.17105789184570314
