2 0.16865087747573854 0.5115773200988769 0.15572803020477294 0.12226829528808594
2 0.1775757074356079 0.41149163246154785 0.12580904960632325 0.10846948623657227
2 0.2252122640609741 0.5172212600708008 0.10279746055603027 0.11468734741210937
1 0.2359153687953949 0.4042065739631653 0.07948743104934693 0.08773190975189209
1 0.28072757720947267 0.5402846336364746 0.0805130958557129 0.13080425262451173
0 0.30787627696990966 0.40427733659744264 0.09743366241455079 0.1489654302597046
0 0.3573641538619995 0.5510275363922119 0.10802454948425293 0.15462217330932618
0 0.4198562741279602 0.4206243991851807 0.1752462148666382 0.18522329330444337
0 0.45395478010177615 0.5533995628356934 0.12704355716705323 0.15233001708984376
0 0.5800251960754395 0.4318257808685303 0.17427616119384765 0.16396150588989258
0 0.5627293109893798 0.5511975288391113 0.12544002532958984 0.14055938720703126
0 0.6715381622314454 0.5467418670654297 0.12142925262451172 0.1334543228149414
0 0.7114659309387207 0.43113203048706056 0.11594924926757813 0.15066709518432617
1 0.7625575065612793 0.545262622833252 0.09546470642089844 0.11840171813964843
2 0.8445064544677734 0.5481961250305176 0.11611080169677734 0.11245059967041016
2 0.8752422332763672 0.5197333812713623 0.12399253845214844 0.12532510757446289
