2 0.20630381107330323 0.5937331676483154 0.09060468673706054 0.07133846282958985
1 0.22762298583984375 0.5435354232788085 0.08041219711303711 0.08237371444702149
2 0.27609682083129883 0.5985246658325195 0.09298954010009766 0.09839515686035157
1 0.2952888488769531 0.5308401107788085 0.11622114181518554 0.11076431274414063
0 0.3623676061630249 0.47059383392333987 0.12741541862487793 0.11507892608642578
0 0.36475424766540526 0.603697395324707 0.12010173797607422 0.10809555053710937
0 0.4967204093933105 0.4458625793457031 0.19179534912109375 0.1274017333984375
0 0.46937360763549807 0.6021167755126953 0.12587051391601561 0.11501312255859375
0 0.5864956378936768 0.5968929767608643 0.125205135345459 0.1180750846862793
0 0.6618879795074463 0.448411750793457 0.1686796188354492 0.12648429870605468
0 0.6883683204650879 0.5868871688842774 0.11212711334228516 0.10731468200683594
0 0.7637757301330567 0.467108154296875 0.11243000030517578 0.12947845458984375
1 0.7651918888092041 0.5781668663024903 0.0776789665222168 0.08835430145263672
2 0.8125673294067383 0.5690959453582763 0.07544441223144531 0.0800297737121582
1 0.8220792770385742 0.5064477920532227 0.08808135986328125 0.11281967163085938
2 0.867642879486084 0.5149115562438965 0.06237945556640625 0.08851747512817383
