2 0.14836871922016143 0.48847179412841796 0.13859013915061952 0.1243856430053711
1 0.16414761543273926 0.4194140911102295 0.07174735069274903 0.049474334716796874
1 0.20302584171295165 0.5237196445465088 0.10245985984802246 0.12915506362915039
0 0.2636564254760742 0.4179698467254639 0.12356815338134766 0.0936915397644043
0 0.2967555522918701 0.5364038467407226 0.12182426452636719 0.13433170318603516
0 0.403364360332489 0.4206784725189209 0.185310959815979 0.12774934768676757
0 0.40296311378479005 0.5369130134582519 0.13388395309448242 0.14417724609375
0 0.5186727523803711 0.538206958770752 0.13404197692871095 0.15073184967041015
0 0.568623161315918 0.4206561088562012 0.18448104858398437 0.13649463653564453
0 0.6296786308288574 0.5206112861633301 0.12534122467041015 0.13164691925048827
0 0.7049117088317871 0.3952860593795776 0.11590080261230469 0.1125730037689209
1 0.723979902267456 0.5011950492858886 0.10870437622070313 0.15638484954833984
2 0.7935757160186767 0.4760302543640137 0.09633302688598633 0.120111083984375
1 0.8014562606811524 0.3741121768951416 0.08239879608154296 0.04538021087646484
2 0.8336477518081665 0.4198143005371094 0.12017550468444824 0.10983715057373047
