2 0.08681023269891738 0.43485493659973146 0.08808626830577851 0.07036008834838867
2 0.10007617175579071 0.46355609893798827 0.07583542466163636 0.06579532623291015
1 0.1735822319984436 0.4434789180755615 0.11706125736236572 0.11594276428222657
2 0.17526755332946778 0.5026657104492187 0.10699343681335449 0.07999191284179688
1 0.2503203868865967 0.510551643371582 0.10924148559570312 0.0948516845703125
0 0.27251739501953126 0.4293436884880066 0.11730003356933594 0.12373278141021729
0 0.3493011474609375 0.5150128364562988 0.12540006637573242 0.14759187698364257
0 0.40366878509521487 0.4263595700263977 0.15746784210205078 0.1457000494003296
0 0.4489885807037354 0.5334089756011963 0.11162757873535156 0.12173471450805665
0 0.5429268836975097 0.4297379612922668 0.16206836700439453 0.147763991355896
0 0.5329485893249511 0.5346980094909668 0.10427484512329102 0.1086496353149414
0 0.6246299266815185 0.5171612739562989 0.11087112426757813 0.1373288154602051
0 0.6841193199157715 0.4461882710456848 0.11874866485595703 0.12951486110687255
1 0.7118179321289062 0.530418062210083 0.09985103607177734 0.11841964721679688
1 0.7736880302429199 0.4712376594543457 0.10773601531982421 0.11659774780273438
2 0.794067096710205 0.5481390953063965 0.09898967742919922 0.08539905548095703
2 0.8362350463867188 0.4811099052429199 0.10108203887939453 0.10923900604248046
