2 0.11364521980285644 0.3261063575744629 0.2077167510986328 0.18754081726074218
2 0.15170111358165742 0.4953582644462585 0.19629650712013244 0.1916889429092407
2 0.20740909576416017 0.62442946434021 0.19555788040161132 0.18696975708007812
1 0.2742279291152954 0.7207794189453125 0.1389371395111084 0.1345541000366211
0 0.3825948476791382 0.7868788719177247 0.1557492733001709 0.10520648956298828
0 0.4992556095123291 0.7937902927398681 0.10686626434326171 0.09663877487182618
0 0.6207465171813965 0.7891827583312988 0.14159679412841797 0.1021331787109375
1 0.7094333171844482 0.735250997543335 0.15592641830444337 0.13160238265991211
2 0.7948413848876953 0.6511290550231934 0.14289188385009766 0.13551292419433594
2 0.8262619018554688 0.5393735885620117 0.18213348388671874 0.18660154342651367
2 0.8514862060546875 0.40753974914550783 0.17664051055908203 0.19560375213623046
2 0.8579644203186035 0.22577785849571227 0.18355350494384765 0.21108542680740355
