2 0.05474090576171875 0.7434369564056397 0.10914406776428223 0.12595243453979493
2 0.0671127438545227 0.6331453323364258 0.11023650169372559 0.08343677520751953
1 0.09691005945205688 0.5640703678131104 0.09939537048339844 0.09062986373901367
0 0.18349931240081788 0.48538637161254883 0.11841773986816406 0.11241035461425782
0 0.3304282188415527 0.44739713668823244 0.16735219955444336 0.09014759063720704
0 0.5031171321868897 0.45218853950500487 0.1678689956665039 0.0787968635559082
0 0.6745594024658204 0.49378275871276855 0.10827674865722656 0.08946599960327148
1 0.7715399742126465 0.5613415718078614 0.12548885345458985 0.10879688262939453
2 0.8119674444198608 0.6426613807678223 0.15729451179504395 0.11127586364746093
2 0.8634389638900757 0.7194599151611328 0.15460476875305176 0.08496818542480469
