2 0.18154340982437134 0.3906548976898193 0.16197173595428466 0.1031306266784668

2 0.1623302459716797 0.30722551345825194 0.11464853286743164 0.09545364379882812
2 0.19867773056030275 0.4663584232330322 0.1836883544921875 0.11182279586791992
2 0.25178847908973695 0.5402567863464356 0.13984707593917847 0.09349117279052735
1 0.28948800563812255 0.5806722640991211 0.11929383277893066 0.097589111328125
0 0.3557216882705688 0.654499864578247 0.12197957038879395 0.0914229393005371
0 0.4701982021331787 0.6765016078948974 0.1286977767944336 0.10758790969848633
0 0.5887187480926513 0.6791212081909179 0.13101377487182617 0.11099920272827149
0 0.7024290084838867 0.6680768966674805 0.12296724319458008 0.10149364471435547
1 0.7622765064239502 0.6063144683837891 0.12677602767944335 0.11602115631103516
2 0.7885268211364747 0.5421277046203613 0.16723194122314453 0.13029098510742188

2 0.8257767677307128 0.44342697858810426 0.15481891632080078 0.12396490573883057
2 0.85633544921875 0.33197436332702634 0.12883319854736328 0.1524134635925293
