2 0.16927728354930877 0.4296407699584961 0.16037469506263732 0.17347888946533202
2 0.18401172161102294 0.5677932739257813 0.14757194519042968 0.19087352752685546
1 0.22198028564453126 0.6342264175415039 0.09854288101196289 0.11295299530029297
0 0.3006306171417236 0.6448493957519531 0.10961999893188476 0.10857315063476562
0 0.40140312910079956 0.6591447830200196 0.11173479557037354 0.09746303558349609
0 0.5053340435028076 0.6592199325561523 0.11941556930541992 0.09712963104248047
0 0.6115140438079834 0.6561343193054199 0.11792669296264649 0.09582271575927734
1 0.7059803962707519 0.6482447147369385 0.11556587219238282 0.1124190330505371
2 0.7652089118957519 0.5652318000793457 0.16756362915039064 0.19374847412109375
2 0.8124431848526001 0.4570465087890625 0.16744227409362794 0.18727893829345704
