2 0.12622445821762085 0.6688351631164551 0.09704391956329346 0.08473091125488282
2 0.13893152475357057 0.6118865489959717 0.10914504528045654 0.10251741409301758
2 0.169836163520813 0.5371876716613769 0.11307892799377442 0.09501018524169921
1 0.20653467774391174 0.46189250946044924 0.1208687663078308 0.08690338134765625
0 0.30278525352478025 0.40726571083068847 0.1198197364807129 0.07673730850219726
0 0.4246052742004395 0.3863743543624878 0.14580421447753905 0.09990582466125489
0 0.5666901111602783 0.3852203607559204 0.151938533782959 0.10852608680725098
0 0.6964290618896485 0.4042283892631531 0.12154541015625 0.10540602207183838
1 0.8047302484512329 0.4555129885673523 0.12992777824401855 0.11935389041900635
2 0.8520174980163574 0.5346585273742676 0.15567703247070314 0.11553897857666015
2 0.8720840454101563 0.614739990234375 0.14383354187011718 0.09242324829101563
2 0.8850574493408203 0.6834230422973633 0.10657215118408203 0.08719673156738281
