2 0.11495625972747803 0.31295175552368165 0.16363401412963868 0.12658214569091797
2 0.13917250633239747 0.4157872200012207 0.15543680191040038 0.15531005859375
2 0.21490955948829651 0.4891235828399658 0.12243508100509644 0.12596616744995118
1 0.24740054607391357 0.5480278015136719 0.12721877098083495 0.14726543426513672
0 0.30952041149139403 0.6474010467529296 0.14489808082580566 0.140625
0 0.4317189693450928 0.6542796134948731 0.14167356491088867 0.14740676879882814
0 0.555476188659668 0.6698618412017823 0.14477252960205078 0.15668888092041017
0 0.6827180862426758 0.6490601539611817 0.13441858291625977 0.15473833084106445
1 0.756252384185791 0.5681511878967285 0.11933727264404297 0.12946701049804688
2 0.8065824747085572 0.4978452682495117 0.14190974235534667 0.15493240356445312
2 0.857480812072754 0.40279245376586914 0.14119033813476561 0.14154272079467772
2 0.8783360481262207 0.29568650722503664 0.12111320495605468 0.13082776069641114
