2 0.16542928218841552 0.6883838653564454 0.10556635856628419 0.09601516723632812
2 0.16163315773010253 0.7495723724365234 0.0768744945526123 0.0728729248046875
2 0.2247905969619751 0.6212959289550781 0.15389637947082518 0.12039909362792969
1 0.2697513341903687 0.5358670234680176 0.13841662406921387 0.12957935333251952
0 0.34461750984191897 0.43480844497680665 0.15901556015014648 0.1541604995727539
0 0.5043886661529541 0.36673383712768554 0.20638761520385743 0.15560998916625976
0 0.6852095603942872 0.35999298095703125 0.17497329711914061 0.14904356002807617
2 0.7563999652862549 0.6998781204223633 0.17171201705932618 0.11372318267822265
0 0.7655593872070312 0.40409059524536134 0.12401847839355469 0.11925468444824219
2 0.7781885147094727 0.6511992931365966 0.14493179321289062 0.08827390670776367
2 0.7937273502349853 0.5807984352111817 0.15566396713256836 0.15615291595458985
1 0.7891372203826904 0.4905970096588135 0.1235661506652832 0.12146005630493165
