1 0.16801984310150148 0.4692089080810547 0.08598103523254394 0.05692987442016602
1 0.23478097915649415 0.5178610801696777 0.08322649002075196 0.14032306671142578
0 0.27533717155456544 0.4604485988616943 0.11321096420288086 0.10113935470581055
0 0.30372190475463867 0.539121437072754 0.0991403579711914 0.10034389495849609
0 0.39974045753479004 0.45948266983032227 0.17129364013671874 0.10101165771484374
0 0.37502050399780273 0.5327043533325195 0.11588306427001953 0.11078815460205078
0 0.473813533782959 0.5312717437744141 0.12700061798095702 0.11307926177978515
0 0.5605937957763671 0.4537909507751465 0.17557010650634766 0.09934825897216797
0 0.5744383335113525 0.5291215896606445 0.12039527893066407 0.12101783752441406
0 0.6662139892578125 0.5308466911315918 0.10289192199707031 0.1307981491088867
0 0.6983132362365723 0.44796104431152345 0.12809810638427735 0.0944000244140625
0 0.7549872398376465 0.5350646018981934 0.11458492279052734 0.13455562591552733
0 0.7978303909301758 0.44863004684448243 0.10818939208984375 0.09591684341430665
1 0.8174101829528808 0.5317359924316406 0.06899299621582031 0.11131181716918945
2 0.854615592956543 0.5233953475952149 0.06347007751464843 0.09215793609619141
1 0.8633049011230469 0.4474513530731201 0.08064727783203125 0.1085214614868164
