2 0.11880019903182984 0.3057363510131836 0.2013601541519165 0.20533647537231445
2 0.16966514587402343 0.44464545249938964 0.15233469009399414 0.15245599746704103
2 0.23741936683654785 0.5460994720458985 0.14870176315307618 0.12589054107666015
1 0.3149106025695801 0.6222982406616211 0.1370528221130371 0.09008932113647461
0 0.4045682907104492 0.6535332679748536 0.09742813110351563 0.10032501220703124
0 0.4780449867248535 0.6801341533660888 0.10513267517089844 0.08445873260498046
0 0.5780959129333496 0.6693614959716797 0.10830764770507813 0.10513954162597657
0 0.6678763389587402 0.6345857620239258 0.1233154296875 0.10669307708740235
1 0.7422374725341797 0.5726397514343262 0.1296112060546875 0.11546077728271484
2 0.7884158134460449 0.4856687545776367 0.127801513671875 0.1255725860595703
2 0.8395298957824707 0.3730130672454834 0.17556533813476563 0.2032162666320801
2 0.8545820236206054 0.24517374038696288 0.2005237579345703 0.10286421775817871
