2 0.021051125228405 0.6017245292663574 0.04192196428775787 0.1621692657470703
2 0.03269520699977875 0.7352687835693359 0.06506807208061219 0.179437255859375
2 0.12960025072097778 0.694401216506958 0.1639317274093628 0.09369335174560547
2 0.1275945782661438 0.7394243240356445 0.15007011890411376 0.052872085571289064
2 0.130575430393219 0.6277145385742188 0.15328686237335204 0.09583158493041992
2 0.12422159016132354 0.7619122505187989 0.13312291502952575 0.05913467407226562
2 0.1497542142868042 0.542602252960205 0.17240328788757325 0.1522817611694336
1 0.15990928411483765 0.46019530296325684 0.13923852443695067 0.1540736198425293
0 0.22063899636268616 0.38713560104370115 0.11929425001144409 0.12042179107666015
0 0.3397322177886963 0.3509721040725708 0.15827713012695313 0.13201651573181153
0 0.4944777488708496 0.34475796222686766 0.16409339904785156 0.12393479347229004
0 0.617928409576416 0.368639612197876 0.13237743377685546 0.10738296508789062
1 0.6987795829772949 0.4141118049621582 0.13479232788085938 0.1190938949584961
2 0.7267700672149658 0.4899641990661621 0.1811131477355957 0.1618213653564453
2 0.7726581573486329 0.5649981021881103 0.1621469497680664 0.13605594635009766
2 0.7914144039154053 0.637214183807373 0.16833791732788086 0.12274093627929687
2 0.8139096260070801 0.6877219200134277 0.17305469512939453 0.11365699768066406
