2 0.18607397079467775 0.44809279441833494 0.08367114067077637 0.10307168960571289
2 0.2245642602443695 0.5479403495788574 0.11710511445999146 0.06546306610107422
1 0.25501289367675783 0.44649151563644407 0.0986818790435791 0.13667356967926025
1 0.312717342376709 0.5607536315917969 0.08513870239257812 0.07372722625732422
0 0.34586215019226074 0.45215903520584105 0.12094573974609375 0.14623010158538818
0 0.39390549659729 0.5651101112365723 0.1032414436340332 0.1011129379272461
0 0.47158212661743165 0.4603428363800049 0.17247381210327148 0.1898566246032715
0 0.488570499420166 0.5820750713348388 0.12264213562011719 0.10885581970214844
0 0.5882122993469239 0.5833259582519531 0.11859989166259766 0.11646804809570313
0 0.6216724395751954 0.461821985244751 0.1672210693359375 0.1650714874267578
0 0.6853147506713867 0.5811133861541748 0.10932369232177734 0.0978623390197754
0 0.7333391666412353 0.46921138763427733 0.09181337356567383 0.13622722625732422
1 0.7557177066802978 0.5891481399536133 0.06985597610473633 0.07812786102294922
1 0.7969584465026855 0.48679342269897463 0.08237247467041016 0.12529869079589845
2 0.8069680213928223 0.5870800495147706 0.07100887298583984 0.06771574020385743
2 0.8491476058959961 0.5020334243774414 0.062247848510742186 0.09403362274169921
