2 0.18209277391433715 0.545500373840332 0.14502875804901122 0.11385688781738282
2 0.19871779680252075 0.630360746383667 0.11451432704925538 0.09068775177001953
1 0.21101836562156678 0.45177760124206545 0.12969838380813598 0.13619279861450195
0 0.2804724216461182 0.366131854057312 0.1517660140991211 0.1344052791595459
0 0.42387913465499877 0.338210391998291 0.17910463809967042 0.13669633865356445
0 0.6038415908813477 0.3414306640625 0.17424383163452148 0.12334308624267579
0 0.7340874671936035 0.39489126205444336 0.13158836364746093 0.10709180831909179
1 0.7890538215637207 0.4889548301696777 0.10823326110839844 0.09677238464355468
2 0.8327168464660645 0.6605481147766114 0.17205448150634767 0.1330240249633789
2 0.8195082664489746 0.570379114151001 0.1374990463256836 0.08926897048950196
2 0.8484501123428345 0.7421099185943604 0.17485995292663575 0.09651527404785157
2 0.848083782196045 0.7114385604858399 0.1734682083129883 0.07369613647460938
2 0.8497733831405639 0.7958572387695313 0.13315815925598146 0.052745819091796875
