2 0.12869429290294648 0.3107741832733154 0.14220986962318422 0.13768453598022462
2 0.15097036063671113 0.43524961471557616 0.16196351647377014 0.15154705047607422
2 0.200303053855896 0.5496091842651367 0.12797150611877442 0.07683954238891602
1 0.2573023557662964 0.6226278305053711 0.11698074340820312 0.08408756256103515
0 0.3259943962097168 0.6848444938659668 0.11605272293090821 0.09297122955322265
0 0.4171605587005615 0.7159077644348144 0.1147242546081543 0.1030416488647461
0 0.5179094314575196 0.7161483764648438 0.12450141906738281 0.10963420867919922
0 0.6059199333190918 0.7015932083129883 0.12827510833740235 0.09954957962036133
1 0.6645208358764648 0.6610343933105469 0.14411659240722657 0.0930145263671875
2 0.7072591781616211 0.582946491241455 0.143402099609375 0.1095367431640625
2 0.7466864585876465 0.48529987335205077 0.1536701202392578 0.11922874450683593
2 0.7648166656494141 0.3842374324798584 0.1783742904663086 0.16566200256347657
2 0.7942612648010254 0.25703224539756775 0.10740318298339843 0.11753970384597778
