2 0.1526008129119873 0.6773077011108398 0.13357458114624024 0.08306026458740234
2 0.16640915870666503 0.6154520988464356 0.15516624450683594 0.09701309204101563
2 0.20011799335479735 0.5481643199920654 0.15678625106811522 0.10268850326538086
1 0.23338699340820312 0.4787925720214844 0.1047541618347168 0.10768852233886719
0 0.33653812408447265 0.4389968395233154 0.1269561767578125 0.11973733901977539
0 0.4725545883178711 0.42843998670578004 0.17468032836914063 0.11621706485748291
0 0.6282052040100098 0.4276739239692688 0.16577682495117188 0.10225446224212646
0 0.7269118309020997 0.47280378341674806 0.12518444061279296 0.11736164093017579
2 0.8243050575256348 0.6069752216339112 0.17737979888916017 0.10377225875854493
1 0.8120433568954468 0.5214425086975097 0.11165318489074708 0.13824520111083985
2 0.8535557746887207 0.713675594329834 0.16422710418701172 0.08835639953613281
2 0.8504679679870606 0.6498135089874267 0.12560768127441407 0.06577491760253906
