2 0.10930962562561035 0.6854111671447753 0.16416351795196532 0.10687294006347656
2 0.10106418132781983 0.7454193115234375 0.1218071699142456 0.06384696960449218
2 0.13269426822662353 0.5952332973480224 0.18001132011413573 0.1608736991882324
2 0.18022692203521729 0.5004450798034668 0.15685672760009767 0.15673160552978516
1 0.21946153044700623 0.4036258697509766 0.13433791399002076 0.14604635238647462
0 0.29934215545654297 0.3265395641326904 0.12170476913452148 0.1424135684967041
0 0.43347597122192383 0.3123912334442139 0.16816463470458984 0.14311389923095702
0 0.5994968414306641 0.3183462619781494 0.16466159820556642 0.15098352432250978
0 0.7242136001586914 0.3623814582824707 0.13158760070800782 0.14736862182617189
1 0.7970700263977051 0.43526514768600466 0.1454456329345703 0.14898302555084228
2 0.8202816009521484 0.5364200592041015 0.17767257690429689 0.14856529235839844
2 0.8518988609313964 0.6424433708190918 0.19404544830322265 0.1620096206665039
2 0.8645600318908692 0.7398306846618652 0.19241199493408204 0.10707321166992187
2 0.8503853797912597 0.8011296272277832 0.102691650390625 0.058240509033203124
