2 0.16824179887771606 0.6508646965026855 0.17158715724945067 0.14881820678710939
2 0.16436872482299805 0.7319987297058106 0.15306897163391114 0.08945674896240234
2 0.14409695863723754 0.5453167915344238 0.11132516860961914 0.09169626235961914
1 0.20127720832824708 0.46656026840209963 0.11669588088989258 0.0804229736328125
0 0.24285735487937926 0.3997257947921753 0.08927823305130005 0.08523354530334473
0 0.33649866580963134 0.3555417537689209 0.1527184009552002 0.07884445190429687
0 0.4860228538513184 0.3465269565582275 0.16019582748413086 0.08012580871582031
0 0.6099673271179199 0.3754685878753662 0.11198253631591797 0.09684648513793945
1 0.708176565170288 0.4168556690216064 0.07328557968139648 0.06216001510620117
2 0.7693634986877441 0.5195615291595459 0.15403099060058595 0.15208024978637696
2 0.8181876182556153 0.6137298107147217 0.17397708892822267 0.1650470733642578
2 0.8537830352783203 0.7221469879150391 0.12706356048583983 0.12313804626464844
