2 0.15709844827651978 0.5877903938293457 0.1875060796737671 0.17585229873657227
2 0.151847767829895 0.6355213165283203 0.16528401374816895 0.08026180267333985
2 0.1541062355041504 0.6871184349060059 0.16008005142211915 0.09289007186889649
2 0.1667617827653885 0.47102774381637574 0.181557697057724 0.15195906162261963
2 0.1544010281562805 0.7353297233581543 0.13641607761383057 0.05835037231445313
1 0.21767332553863525 0.41190003156661986 0.14826931953430175 0.12328512668609619
0 0.28731324672698977 0.3422389984130859 0.1433051586151123 0.10859904289245606
0 0.3744727611541748 0.3118447780609131 0.13338890075683593 0.07891263961791992
0 0.5379144668579101 0.32122364044189455 0.10228710174560547 0.07914934158325196
0 0.6353499889373779 0.35164475440979004 0.1192779541015625 0.06752362251281738
2 0.7362641334533692 0.4626202702522278 0.16773948669433594 0.13951451778411866
2 0.7769805908203125 0.544340705871582 0.17344970703125 0.14101428985595704
2 0.7990996360778808 0.6264380931854248 0.17625255584716798 0.08947954177856446
2 0.8013122797012329 0.6652100563049317 0.1749194622039795 0.10424118041992188
2 0.8080121040344238 0.7076502799987793 0.15200977325439452 0.05826244354248047
