1 0.17582733631134034 0.47977542877197266 0.137947416305542 0.1547769546508789
2 0.18997846841812133 0.6027677059173584 0.08709485530853271 0.12552452087402344
1 0.24676189422607422 0.5918609619140625 0.08664007186889648 0.12638750076293945
0 0.2628514528274536 0.4544677734375 0.10016808509826661 0.16523199081420897
0 0.3214090824127197 0.5762235164642334 0.09863147735595704 0.12722997665405272
0 0.38335442543029785 0.43617973327636717 0.1835041046142578 0.19179058074951172
0 0.4095864772796631 0.5622110366821289 0.12188501358032226 0.14255332946777344
0 0.5132071495056152 0.5550009727478027 0.1294534683227539 0.12823257446289063
0 0.5512877941131592 0.41709222793579104 0.19490289688110352 0.19453039169311523
0 0.6236632347106934 0.5654374122619629 0.12335376739501953 0.12506542205810547
0 0.6897824764251709 0.41078710556030273 0.12352399826049805 0.19149961471557617
1 0.7243343830108643 0.5849714756011963 0.10731468200683594 0.11375703811645507
1 0.8068385124206543 0.4790209770202637 0.15792522430419922 0.14533548355102538
2 0.8419034004211425 0.6086501121520996 0.18270549774169922 0.121209716796875
2 0.9391384124755859 0.5798545837402344 0.09705810546875 0.09701213836669922
