2 0.14232608079910278 0.45041985511779786 0.1356434106826782 0.1074416160583496
1 0.2092259407043457 0.5097456932067871 0.1186943531036377 0.12990360260009765
0 0.28963546752929686 0.44841461181640624 0.1353550910949707 0.09585437774658204
0 0.3195346355438232 0.5345478534698487 0.14075098037719727 0.12846698760986328
0 0.4292327046394348 0.44673724174499513 0.17853848934173583 0.12024383544921875
0 0.4470879554748535 0.5218803405761718 0.13795862197875977 0.08870658874511719
0 0.5765439033508301 0.4416029453277588 0.16175003051757814 0.11738319396972656
0 0.5555007934570313 0.5083381652832031 0.11594505310058593 0.07158584594726562
0 0.6406054019927978 0.5015441417694092 0.08683919906616211 0.08402681350708008
0 0.6854570388793946 0.4154208302497864 0.10106334686279297 0.11134984493255615
1 0.7283138275146485 0.4975696563720703 0.11639060974121093 0.11996612548828126
1 0.7610832214355469 0.4064475059509277 0.09531135559082031 0.0992422103881836
2 0.8172371864318848 0.3957155704498291 0.07640094757080078 0.1000868797302246
