2 0.15427480936050414 0.6708846092224121 0.15730912685394288 0.10559539794921875
2 0.15650510787963867 0.5142167091369629 0.15805506706237793 0.16947994232177735
2 0.1650222897529602 0.728140926361084 0.149194598197937 0.10722188949584961
2 0.16450586616992952 0.7460643768310546 0.1433896005153656 0.0735260009765625
2 0.16883525848388672 0.6102039337158203 0.10974211692810058 0.10130691528320312
0 0.24471068978309632 0.4086286544799805 0.17606514692306519 0.12443742752075196
0 0.3371125221252441 0.3247265338897705 0.19406795501708984 0.14158716201782226
0 0.43272991180419923 0.2874861717224121 0.059969329833984376 0.0739741325378418
1 0.5408530235290527 0.28755574226379393 0.11540164947509765 0.07650785446166992
0 0.5778077125549317 0.36542091369628904 0.18176536560058593 0.10470075607299804
2 0.8189446449279785 0.7127333164215088 0.09126853942871094 0.10479736328125
2 0.8744112014770508 0.6183168411254882 0.14116897583007812 0.11035194396972656
