2 0.18104279041290283 0.5315217971801758 0.07517075538635254 0.1076284408569336
1 0.21902127861976622 0.5486498832702636 0.12219065427780151 0.18860321044921874

0 0.31642770767211914 0.5595463752746582 0.1410140037536621 0.1815401077270508
0 0.39076473712921145 0.41872601509094237 0.2083423137664795 0.17218542098999023
0 0.3837512254714966 0.5865585803985596 0.07604365348815918 0.08210525512695313
0 0.45900521278381345 0.5661483764648437 0.1222203254699707 0.18652839660644532
0 0.6120655536651611 0.5620204448699951 0.13546285629272461 0.1820755958557129
0 0.7081053256988525 0.5755618572235107 0.11925115585327148 0.18824357986450196
1 0.7862291812896729 0.5799419403076171 0.09736299514770508 0.16439647674560548
2 0.8541208267211914 0.6061050415039062 0.079095458984375 0.11661415100097657
