2 0.1594837188720703 0.49339613914489744 0.07492098808288575 0.07796545028686523
1 0.21506399512290955 0.48058280944824217 0.10062199831008911 0.10124835968017579
2 0.21456687450408934 0.5868611812591553 0.07646856307983399 0.08115005493164062
1 0.2705690860748291 0.5821945190429687 0.08659276962280274 0.09752874374389649
0 0.30403172969818115 0.45224785804748535 0.13536496162414552 0.13445110321044923
0 0.3514847755432129 0.5815776824951172 0.11487913131713867 0.12332191467285156
0 0.4404138088226318 0.4354647159576416 0.18536748886108398 0.16002931594848632
0 0.4528977394104004 0.5670451164245606 0.12338819503784179 0.14436712265014648
0 0.5621748447418213 0.5609299659729003 0.12461977005004883 0.14007225036621093
0 0.6128600120544434 0.44188756942749025 0.18449020385742188 0.15348005294799805
0 0.6643164157867432 0.5727728843688965 0.11466121673583984 0.12053890228271484
1 0.7334578514099122 0.4697731018066406 0.10532550811767578 0.11776504516601563
1 0.7383558273315429 0.57325439453125 0.09080085754394532 0.1121683120727539
