2 0.17860476970672606 0.3530106544494629 0.20174956321716309 0.1363528251647949
2 0.17091203033924102 0.47063117027282714 0.181708425283432 0.17357358932495118
2 0.16545126140117644 0.6201561450958252 0.16231265664100647 0.16051673889160156
1 0.17962659597396852 0.6570295810699462 0.09811828136444092 0.1257645606994629
0 0.2552204608917236 0.6772313594818116 0.09962491989135742 0.0983738899230957
0 0.3539276599884033 0.6928788185119629 0.1339099884033203 0.0872431755065918
0 0.4678018569946289 0.6933904647827148 0.131821346282959 0.07427043914794922
0 0.5917773246765137 0.6729743003845214 0.13398122787475586 0.07357463836669922
1 0.6907029151916504 0.641148853302002 0.12292003631591797 0.09303569793701172
2 0.7902300357818604 0.6129870414733887 0.15832014083862306 0.12473297119140625
2 0.810915756225586 0.49637727737426757 0.19358444213867188 0.20256414413452148
