2 0.24403696060180663 0.45644407272338866 0.12341585159301757 0.1069955825805664
1 0.26273813247680666 0.43018670082092286 0.09647207260131836 0.074639892578125
1 0.3046962976455688 0.4797806739807129 0.09482831954956054 0.11391830444335938
0 0.3557786226272583 0.4333173751831055 0.11234345436096191 0.08274078369140625
0 0.3865572452545166 0.5104001045227051 0.11789255142211914 0.10993442535400391
0 0.4666443824768066 0.44721556901931764 0.14405994415283202 0.10635240077972412
0 0.48389568328857424 0.5284834861755371 0.10882234573364258 0.1069005012512207
0 0.5970438957214356 0.45356303453445435 0.15372695922851562 0.10760705471038819
0 0.581391716003418 0.5384675025939941 0.10940771102905274 0.11224899291992188
0 0.6723715782165527 0.5365456104278564 0.10382909774780273 0.12370805740356446
0 0.7150219440460205 0.449750280380249 0.12154045104980468 0.08986072540283203
1 0.7582850933074952 0.5199280738830566 0.10323133468627929 0.13455867767333984
1 0.8234107971191407 0.4500606536865234 0.11386337280273437 0.07015628814697265
2 0.8380046844482422 0.4963834762573242 0.09743213653564453 0.09402446746826172
