2 0.10822025537490845 0.2510372638702393 0.19414989948272704 0.09448542594909667
2 0.15027315616607667 0.3531254053115845 0.1958925247192383 0.18999266624450684
2 0.1954258680343628 0.47029500007629393 0.15529723167419435 0.1712214469909668
1 0.2467750608921051 0.5776744842529297 0.1400187373161316 0.15456180572509765
0 0.3278465747833252 0.6339252471923829 0.15056772232055665 0.1319286346435547
0 0.42433584928512574 0.6649760246276856 0.1384065866470337 0.148016357421875
0 0.546048355102539 0.6640458106994629 0.13662357330322267 0.14975471496582032
0 0.6411742210388184 0.6149199485778809 0.1511911392211914 0.14946956634521485
1 0.7258352279663086 0.5526576042175293 0.13013343811035155 0.15240392684936524
2 0.7748690605163574 0.47040491104125975 0.16401443481445313 0.17237119674682616
2 0.8226351737976074 0.34779250621795654 0.19489173889160155 0.19886336326599122