2 0.14821677207946776 0.36008219718933104 0.1920562744140625 0.14296388626098633
2 0.17297624349594115 0.4549695014953613 0.1521005868911743 0.09017295837402343
2 0.19331114292144774 0.5281783103942871 0.1530309200286865 0.1278289794921875
1 0.23006815910339357 0.584567928314209 0.10296640396118165 0.14215049743652344
0 0.3003413200378418 0.6217730522155762 0.11491899490356446 0.1626649856567383
0 0.41146397590637207 0.6302283763885498 0.13495731353759766 0.15143308639526368
0 0.5337233543395996 0.6201424121856689 0.13102550506591798 0.12576990127563475
0 0.6550015449523926 0.6098360061645508 0.1304403305053711 0.10921897888183593
1 0.7461198806762696 0.5881936550140381 0.10193672180175781 0.11518974304199218
2 0.8188002586364747 0.46109914779663086 0.17655467987060547 0.14092445373535156
2 0.8111790657043457 0.5574777603149415 0.13124504089355468 0.12799949645996095
