2 0.11861450672149658 0.3501725673675537 0.20721964836120604 0.14922266006469725
2 0.1640056848526001 0.4904733538627625 0.22478203773498534 0.2027517557144165
2 0.31305851936340334 0.528618335723877 0.16476020812988282 0.17921104431152343
1 0.39058642387390136 0.624887752532959 0.13101348876953126 0.16520195007324218
0 0.49601125717163086 0.6200408935546875 0.1366729736328125 0.16846761703491211
0 0.617521858215332 0.6083704471588135 0.13736305236816407 0.16496429443359376
0 0.7255762100219727 0.5850999832153321 0.12119102478027344 0.1504962921142578
0 0.8026176452636719 0.557538366317749 0.11256179809570313 0.15566682815551758
2 0.8539800643920898 0.4438360333442688 0.17513637542724608 0.161246657371521
1 0.8500442266464233 0.5084532737731934 0.15794720649719238 0.1560312271118164
2 0.8481154441833496 0.2524768829345703 0.11218471527099609 0.10224828720092774
2 0.8698887825012207 0.35599446296691895 0.15008945465087892 0.09728107452392579