2 0.16658984422683715 0.38887581825256345 0.20589582920074462 0.15987863540649414
2 0.1636270761489868 0.25830199718475344 0.1480001449584961 0.13204474449157716
1 0.2354961395263672 0.6345701694488526 0.17470650672912597 0.16366300582885743
2 0.2250887393951416 0.5159830570220947 0.1411879539489746 0.12546157836914062
0 0.3265219688415527 0.6789438247680664 0.13670072555541993 0.14063167572021484
0 0.46390169858932495 0.6851656913757325 0.14806501865386962 0.1769573211669922
0 0.5736324310302734 0.6875821590423584 0.14957618713378906 0.16907033920288086
0 0.6383452415466309 0.7189427375793457 0.1469818115234375 0.12745351791381837
0 0.7323278427124024 0.688648796081543 0.14017066955566407 0.13316993713378905
1 0.7902186393737793 0.6119172096252441 0.15741004943847656 0.152215576171875
2 0.8338136672973633 0.2796776831150055 0.18137855529785157 0.20667942762374877
