2 0.14486799240112305 0.5044538497924804 0.11623573303222656 0.0843973159790039
2 0.19501981735229493 0.5461153030395508 0.09942402839660644 0.1133035659790039
1 0.18556149005889894 0.44896588325500486 0.0747899055480957 0.07654743194580078
1 0.24007647037506102 0.43297634124755857 0.1319974899291992 0.08882150650024415
1 0.2705585718154907 0.5606675148010254 0.11009306907653808 0.1286844253540039
0 0.37148280143737794 0.5911151885986328 0.11831855773925781 0.13241100311279297
0 0.4011537551879883 0.4674902081489563 0.17472591400146484 0.14398839473724365
0 0.47171759605407715 0.589161729812622 0.11538619995117187 0.14374666213989257
0 0.573527717590332 0.4692228317260742 0.17091407775878906 0.1269200325012207
0 0.5690735816955567 0.5956886291503907 0.11428089141845703 0.14236268997192383
0 0.667745304107666 0.5869542598724365 0.11308174133300782 0.14050931930541993
0 0.6950841903686523 0.4491438031196594 0.10920391082763672 0.11652562618255616
1 0.7651899337768555 0.5540728569030762 0.10610446929931641 0.13624515533447265
1 0.7684189796447753 0.4154218196868896 0.06896629333496093 0.05659675598144531
2 0.8212077856063843 0.5262320518493653 0.09266743659973145 0.13908958435058594
2 0.8373870849609375 0.487745475769043 0.11540641784667968 0.07358455657958984
1 0.8144065618515015 0.416546630859375 0.06273770332336426 0.04298477172851563
