2 0.07091010212898255 0.46753835678100586 0.08985220193862915 0.1140054702758789
2 0.09999498724937439 0.4169173717498779 0.07085405588150025 0.10313253402709961
2 0.12439029216766358 0.4951930999755859 0.10202295780181884 0.09325923919677734
2 0.16052603721618652 0.4449408531188965 0.09646940231323242 0.10616302490234375
1 0.2223052740097046 0.44875059127807615 0.11537575721740723 0.12645063400268555
2 0.21456148624420165 0.5168190956115722 0.07503533363342285 0.08612251281738281
0 0.2775937974452972 0.41566014289855957 0.16542016267776488 0.1734175682067871
1 0.28096928596496584 0.5347507953643799 0.11642589569091796 0.11404809951782227
0 0.36002697944641116 0.5950248718261719 0.15902814865112305 0.16612606048583983
0 0.43997983932495116 0.4570326805114746 0.2220468521118164 0.22890872955322267
0 0.48424463272094725 0.5977892875671387 0.13314008712768555 0.14953212738037108
0 0.5992830276489258 0.60452241897583 0.13770198822021484 0.15663566589355468
0 0.636727237701416 0.46042566299438475 0.20998859405517578 0.20651865005493164
0 0.7102662563323975 0.5862504005432129 0.12884645462036132 0.17169361114501952
0 0.7865945339202881 0.44756627082824707 0.13508729934692382 0.1462569236755371
1 0.7807494163513183 0.5427237987518311 0.07965450286865235 0.11376752853393554
2 0.8286895751953125 0.5263004302978516 0.07692279815673828 0.08439903259277344
