1 0.1386636972427368 0.5265954017639161 0.10475356578826904 0.07784309387207031
2 0.19177175760269166 0.5948463916778565 0.17462489604949952 0.10565347671508789
2 0.19053027629852295 0.6610280036926269 0.1689901351928711 0.08819541931152344
0 0.25164846777915956 0.5053584575653076 0.14946595430374146 0.1371476173400879
0 0.3543867111206055 0.46812286376953127 0.18057289123535156 0.11367549896240234
0 0.526544713973999 0.45451955795288085 0.1977686882019043 0.10515003204345703
0 0.6807720184326171 0.4747322082519531 0.14532604217529296 0.11015663146972657
1 0.7887618541717529 0.5081088066101074 0.1462782859802246 0.1096999168395996
2 0.8218684196472168 0.5793701171875 0.1791839599609375 0.1262065887451172
2 0.8696609735488892 0.6351310729980468 0.14683184623718262 0.11258068084716796
