2 0.1701716423034668 0.41288347244262696 0.08226165771484376 0.11109943389892578
2 0.20534343123435975 0.6186530113220214 0.11184483766555786 0.09182624816894532
2 0.2329972505569458 0.6420141696929932 0.1099123477935791 0.10719366073608398
1 0.22913269996643065 0.40140475034713746 0.09190850257873535 0.13296568393707275
0 0.2907747268676758 0.370413613319397 0.12034759521484376 0.12791743278503417
1 0.2697789669036865 0.6402739524841309 0.07685718536376954 0.09933910369873047
0 0.335947322845459 0.6281769752502442 0.09306936264038086 0.13398151397705077
0 0.4049850940704346 0.3694179534912109 0.1482111930847168 0.14386348724365233
0 0.41898231506347655 0.6237807750701905 0.10083131790161133 0.1347142219543457
0 0.5048596382141113 0.6207756996154785 0.10145530700683594 0.14091138839721679
0 0.5430332660675049 0.3685250520706177 0.1554788589477539 0.1516467571258545
0 0.5936093330383301 0.6251827239990234 0.10443134307861328 0.1282400131225586
0 0.6503466606140137 0.37540521621704104 0.11847343444824218 0.12970809936523436
1 0.6722844123840332 0.6278899192810059 0.08260383605957031 0.11346302032470704
2 0.7112833976745605 0.6223478317260742 0.15885353088378906 0.12085704803466797
1 0.7374600410461426 0.38791356086730955 0.10581188201904297 0.12240114212036132
2 0.8017771720886231 0.40077552795410154 0.08810806274414062 0.10356855392456055
