2 0.15580873489379882 0.22535114288330077 0.12078886032104492 0.10919981002807617
2 0.18372223079204558 0.3319497346878052 0.17220941185951233 0.16718745231628418
2 0.2077183485031128 0.445707893371582 0.16579113006591797 0.1332016944885254
2 0.21914596557617189 0.5494519233703613 0.1613083839416504 0.1378498077392578
1 0.26010904312133787 0.657231616973877 0.1453145980834961 0.1479412078857422
0 0.3194716453552246 0.7001798152923584 0.1161722183227539 0.12605228424072265
0 0.4274741649627686 0.718546724319458 0.12291917800903321 0.11475629806518554
0 0.5396681785583496 0.7214200019836425 0.12193660736083985 0.1078298568725586
0 0.6525195121765137 0.7001005172729492 0.13368873596191405 0.11421775817871094
1 0.7578471660614013 0.6620937824249268 0.14603643417358397 0.1368122100830078
2 0.8222908973693848 0.5807158946990967 0.17000923156738282 0.1804965019226074
2 0.8310202598571778 0.4611628532409668 0.12114734649658203 0.11670665740966797
2 0.8858127593994141 0.3506966829299927 0.20762596130371094 0.15509600639343263
