2 0.08994559645652771 0.4724257469177246 0.09171174764633179 0.12877998352050782
1 0.1535739302635193 0.5004644393920898 0.08523213863372803 0.12719650268554689
0 0.2252643346786499 0.49501686096191405 0.11895279884338379 0.17086009979248046
1 0.21399462223052979 0.6020030975341797 0.09491009712219238 0.1154219627380371
0 0.29476284980773926 0.606117057800293 0.12207088470458985 0.11997966766357422
0 0.3640272617340088 0.468654727935791 0.2262594223022461 0.24051475524902344
0 0.40568127632141116 0.6113521575927734 0.12888975143432618 0.11829853057861328
0 0.5662829399108886 0.4805533528327942 0.2264415740966797 0.23555734157562255
0 0.5218844413757324 0.6084364414215088 0.13537464141845704 0.1164205551147461
0 0.6540693759918212 0.584097957611084 0.11465044021606445 0.13682918548583983
0 0.7279648780822754 0.4816015362739563 0.13550567626953125 0.16502244472503663
1 0.7400771141052246 0.593688678741455 0.09234180450439453 0.11439342498779297
2 0.8155210733413696 0.5982438087463379 0.10768389701843262 0.10492630004882812
1 0.8188318014144897 0.5140401363372803 0.11165394783020019 0.12437276840209961
2 0.8870100021362305 0.5042710304260254 0.09625663757324218 0.13643321990966797
2 0.9303510665893555 0.5393585205078125 0.10984306335449219 0.188018798828125
