2 0.14406694173812867 0.6677114009857178 0.15408456325531006 0.08621091842651367
2 0.16166993379592895 0.5886548042297364 0.17288320064544677 0.11999187469482422
2 0.1755072593688965 0.5122931957244873 0.14828014373779297 0.13681726455688475
1 0.1987147569656372 0.4432186961174011 0.10459351539611816 0.12643377780914306
0 0.2366863965988159 0.3787961006164551 0.12687969207763672 0.11451282501220703
0 0.36656641960144043 0.3549045085906982 0.1878816604614258 0.15551557540893554
0 0.5463446617126465 0.3658762454986572 0.18596668243408204 0.1399685859680176
0 0.6786197662353516 0.41222920417785647 0.13801040649414062 0.11958446502685546
1 0.7249048709869385 0.49078006744384767 0.10785493850708008 0.12263689041137696
2 0.7810694694519043 0.6507325649261475 0.1991851806640625 0.13021230697631836
2 0.7584537506103516 0.5598043918609619 0.14167461395263672 0.12815322875976562
2 0.8011199951171875 0.7197904586791992 0.17119827270507812 0.0901123046875
