2 0.1283411502838135 0.7223856449127197 0.15273118019104004 0.05649499893188477

2 0.1450546771287918 0.670348834991455 0.16112737059593202 0.11901664733886719
2 0.170171058177948 0.5674806594848633 0.13426730632781983 0.12963180541992186
1 0.20524631142616273 0.46709427833557127 0.11634520292282105 0.13544998168945313
0 0.28057284355163575 0.3721906661987305 0.11898813247680665 0.12520828247070312
0 0.40264010429382324 0.3208466529846191 0.16629152297973632 0.1406540870666504
0 0.5699162483215332 0.31932692527770995 0.17451229095458984 0.128372859954834
0 0.6967171669006348 0.36588025093078613 0.12485885620117188 0.14039525985717774
2 0.769316291809082 0.4820591926574707 0.11752033233642578 0.13018245697021485
2 0.8121943473815918 0.5760776996612549 0.15840091705322265 0.12468471527099609
2 0.8314739227294922 0.6876201629638672 0.18937530517578124 0.13900470733642578
2 0.7886794090270997 0.45587449073791503 0.08411960601806641 0.07495079040527344
2 0.8331255197525025 0.7351740837097168 0.17145953178405762 0.053233909606933597
2 0.8563399314880371 0.7718908786773682 0.19179821014404297 0.07722635269165039
