2 0.12948698699474334 0.30193214416503905 0.12154317498207093 0.15052599906921388
2 0.1542732983827591 0.4381202220916748 0.16506332755088807 0.16659698486328126
2 0.19301459789276124 0.5668856620788574 0.16232600212097167 0.15993690490722656
1 0.24108691811561583 0.6489630699157715 0.12440975904464721 0.14333715438842773
0 0.31044702529907225 0.712547779083252 0.12221336364746094 0.10393199920654297
0 0.41486825942993166 0.7334285736083984 0.13333463668823242 0.12259426116943359
0 0.5304368495941162 0.7272058010101319 0.13060293197631836 0.12390222549438476
0 0.6490683078765869 0.7022418022155762 0.1420217514038086 0.12099933624267578
1 0.733354902267456 0.6209402561187745 0.14211301803588866 0.16066865921020507
2 0.7687170028686523 0.5326786994934082 0.15940456390380858 0.14751529693603516
2 0.8003619194030762 0.40615143775939944 0.14991264343261718 0.15671215057373047
2 0.8067883491516114 0.27790155410766604 0.14698467254638672 0.1497102737426758
2 0.8242679834365845 0.18326053619384766 0.06716151237487793 0.07152261734008789
