2 0.1609943151473999 0.7272314071655274 0.17593960762023925 0.10314044952392579
2 0.15904853343963624 0.7771943569183349 0.16615524291992187 0.07027063369750977
2 0.17223467528820038 0.6505570411682129 0.18609562516212463 0.1458192825317383
2 0.1867210626602173 0.5497138977050782 0.1575742244720459 0.12906885147094727
1 0.19990192651748656 0.4604377746582031 0.1155200719833374 0.0917398452758789
0 0.24989423751831055 0.3871713161468506 0.09990248680114747 0.08661003112792968
0 0.3577261924743652 0.3157609462738037 0.19790878295898437 0.09119548797607421
0 0.5504909515380859 0.3050410270690918 0.19682998657226564 0.08700380325317383
0 0.6800760269165039 0.34759087562561036 0.09073762893676758 0.07126541137695312
1 0.7293962001800537 0.4176471710205078 0.10970525741577149 0.09494218826293946
2 0.757501745223999 0.5086651802062988 0.1571293830871582 0.12908334732055665
2 0.7827268600463867 0.6064635276794433 0.18076667785644532 0.13712196350097655
2 0.7966367721557617 0.7059649467468262 0.16949005126953126 0.12577476501464843
