2 0.13005056083202363 0.3053243637084961 0.09949336647987365 0.11896772384643554
2 0.17034528255462647 0.41835293769836424 0.13675904273986816 0.13498563766479493
1 0.2318241834640503 0.5379064559936524 0.14325380325317383 0.12921142578125
0 0.30870110988616944 0.6281975269317627 0.1319784164428711 0.11648674011230468
0 0.4195084452629089 0.6710629463195801 0.12609426975250243 0.10438013076782227
0 0.5349109649658204 0.6748824119567871 0.13373031616210937 0.103546142578125
0 0.6431063175201416 0.6479061126708985 0.1500176429748535 0.1101034164428711
2 0.7337120056152344 0.5464088439941406 0.17384719848632812 0.17589712142944336
2 0.7342878341674804 0.5214262485504151 0.1707019805908203 0.12483692169189453
2 0.7727392673492431 0.4415261745452881 0.15179948806762694 0.11072340011596679
2 0.826559042930603 0.33288161754608153 0.13800549507141113 0.14297089576721192
