2 0.1644529938697815 0.3422984600067139 0.1530195951461792 0.1327040672302246
2 0.1798211932182312 0.4403954029083252 0.1682439088821411 0.10580759048461914
2 0.19282252788543702 0.5124867916107178 0.1344527244567871 0.09882030487060547
1 0.23085324764251708 0.5939857482910156 0.10168795585632324 0.11668720245361328
0 0.3214576244354248 0.6203483581542969 0.12237043380737304 0.11788520812988282
0 0.40957642793655397 0.6316303730010986 0.11922643184661866 0.1318303108215332
0 0.5240692138671875 0.6367884635925293 0.12930622100830078 0.1396169662475586
0 0.6467598915100098 0.6183926105499268 0.13452835083007814 0.1270357131958008
1 0.7517249107360839 0.575869083404541 0.10833663940429687 0.13021354675292968
2 0.8133224487304688 0.4074694156646729 0.16178665161132813 0.11915645599365235
2 0.8027938842773438 0.5035364151000976 0.12763919830322265 0.12334251403808594
2 0.8378714561462403 0.2894354104995728 0.14362545013427735 0.12243080139160156
