2 0.17185420989990235 0.45737624168395996 0.08120493888854981 0.09268760681152344
2 0.20055413246154785 0.5206881523132324 0.10445203781127929 0.08498249053955079
1 0.24406819939613342 0.4551877975463867 0.1377811312675476 0.11512727737426758
1 0.2576876640319824 0.5183138370513916 0.08988304138183593 0.08176956176757813
0 0.33910722732543946 0.5086946010589599 0.11138572692871093 0.08527727127075195
0 0.3988938808441162 0.4412210464477539 0.18726911544799804 0.13504409790039062
0 0.4402780532836914 0.5202210426330567 0.12947750091552734 0.12449703216552735
0 0.548278522491455 0.5283479690551758 0.12708683013916017 0.13936347961425782
0 0.5778398990631104 0.4342386722564697 0.17818222045898438 0.1145106315612793
0 0.6449480056762695 0.5088129997253418 0.11103477478027343 0.09646282196044922
1 0.7146670341491699 0.4574100971221924 0.11761417388916015 0.07261972427368164
2 0.7757663726806641 0.4830751419067383 0.1370555877685547 0.11436290740966797
2 0.7982285022735596 0.4768381118774414 0.09041299819946289 0.10142135620117188
