2 0.13449010550975798 0.729423189163208 0.09680624604225159 0.0938528060913086
2 0.14390635788440703 0.5948244094848633 0.11486186385154724 0.09070854187011719
2 0.1326148271560669 0.6670618057250977 0.08926026821136475 0.08153095245361328
1 0.15924400091171265 0.5092267513275146 0.11557347774505615 0.12719802856445311
0 0.22530968189239503 0.4278423309326172 0.1406196117401123 0.12169666290283203
0 0.3714358568191528 0.3816361904144287 0.19240946769714357 0.1343770980834961
0 0.5585392951965332 0.36132588386535647 0.1962648391723633 0.13359689712524414
0 0.715339469909668 0.38738188743591306 0.14909286499023439 0.12944765090942384
1 0.8015004158020019 0.44646873474121096 0.13225574493408204 0.13970985412597656
2 0.8159781455993652 0.5468571662902832 0.13703422546386718 0.10429401397705078
2 0.8300809860229492 0.680602741241455 0.15378379821777344 0.11288032531738282
2 0.8346751213073731 0.6125688552856445 0.11542530059814453 0.07533435821533203
