1 0.1617372989654541 0.5317368507385254 0.12902679443359374 0.11512928009033203
2 0.17544112205505372 0.4319923400878906 0.10730915069580078 0.0966684341430664
1 0.24691361784934998 0.534608268737793 0.12401572465896607 0.13796615600585938
0 0.2706397771835327 0.424606990814209 0.1270751476287842 0.1146245002746582
0 0.3453738451004028 0.5507638454437256 0.12867445945739747 0.11919374465942383
0 0.43061213493347167 0.43336440324783326 0.19501848220825196 0.14484117031097413
0 0.45636372566223143 0.5657638549804688 0.13184661865234376 0.1616302490234375
0 0.568743896484375 0.5759984016418457 0.13069400787353516 0.17043609619140626
0 0.6040152549743653 0.4510471224784851 0.18407649993896485 0.14064295291900636
0 0.6652433395385742 0.5781621932983398 0.10197362899780274 0.10438709259033203
0 0.7268062591552734 0.4574066162109375 0.0970235824584961 0.10862197875976562
1 0.7353096008300781 0.5744077205657959 0.0914773941040039 0.12591962814331054
1 0.7855381488800048 0.47243375778198243 0.08285303115844726 0.12651119232177735

2 0.8153556823730469 0.5845863342285156 0.08753299713134766 0.10616779327392578
2 0.824550986289978 0.485246467590332 0.07710652351379395 0.09761772155761719
