2 0.17876806259155273 0.37377290725708007 0.14746541976928712 0.14019241333007812
2 0.22649187445640565 0.4753712177276611 0.16793051958084107 0.1282957077026367
2 0.2764887809753418 0.5666086196899414 0.12781553268432616 0.14095287322998046
1 0.33356781005859376 0.6143798351287841 0.11177797317504883 0.12378177642822266
0 0.4229860305786133 0.6337248802185058 0.13422183990478515 0.11209125518798828
0 0.5239486694335938 0.6429205894470215 0.12714023590087892 0.13630504608154298
0 0.6341347694396973 0.6331419944763184 0.12050971984863282 0.14040279388427734
0 0.730781364440918 0.6121857643127442 0.11774482727050781 0.09550189971923828
1 0.7991998672485352 0.5716207504272461 0.10354804992675781 0.12315540313720703
2 0.825349235534668 0.5116567134857177 0.1335123062133789 0.12115449905395508
2 0.8529026985168457 0.42812457084655764 0.15985546112060547 0.11996870040893555
2 0.8782587051391602 0.3318098306655884 0.13717575073242189 0.11964216232299804
