2 0.16659656763076783 0.7040592670440674 0.12961552143096924 0.11337881088256836
2 0.1734231948852539 0.6663414001464844 0.13985958099365234 0.05575408935546875
2 0.18420932292938233 0.6169012546539306 0.15594472885131835 0.12671194076538086
2 0.2068703889846802 0.5225558280944824 0.15468831062316896 0.13254318237304688
1 0.24394903779029847 0.4187308311462402 0.12606714963912963 0.1325058937072754
0 0.3414499521255493 0.3427267551422119 0.12416110038757325 0.12109432220458985
0 0.4836756706237793 0.2979415416717529 0.19598960876464844 0.11365690231323242
0 0.6669845581054688 0.32697205543518065 0.18572711944580078 0.15563631057739258
2 0.8500459432601929 0.572325611114502 0.16588444709777833 0.10975475311279297
2 0.8628103494644165 0.6608582496643066 0.1647643566131592 0.12275180816650391
1 0.8421354055404663 0.47414259910583495 0.11748051643371582 0.15267572402954102
2 0.8785143852233886 0.7416343688964844 0.1380594253540039 0.10259990692138672
