2 0.12196687459945679 0.402955162525177 0.16308815479278566 0.17046926021575928
2 0.1696135640144348 0.5162874221801758 0.17449967861175536 0.13305282592773438
2 0.22642775177955626 0.5967068195343017 0.15595997571945192 0.13049402236938476
1 0.29406688213348386 0.6732072830200195 0.14078240394592284 0.11366462707519531
0 0.4032889485359192 0.6812905311584473 0.1360095739364624 0.12058162689208984
0 0.5011431694030761 0.7030793190002441 0.1326059341430664 0.08948040008544922
0 0.6021217346191406 0.6748438835144043 0.13095855712890625 0.10160446166992188
0 0.6881521224975586 0.6314851760864257 0.12857208251953126 0.09376602172851563
2 0.798091983795166 0.33825340270996096 0.20352821350097655 0.185577392578125
2 0.7616349697113037 0.5503276348114013 0.1299159049987793 0.0676198959350586
2 0.7875152587890625 0.4682025909423828 0.1695608139038086 0.13167304992675782
1 0.7649751663208008 0.5909537315368653 0.1007547378540039 0.059595680236816405
2 0.7992593765258789 0.22666871547698975 0.12040138244628906 0.061752939224243165
