2 0.1573455214500427 0.3347099781036377 0.16802003383636474 0.1858736038208008
2 0.18779237568378448 0.4809978485107422 0.17724613547325135 0.1782588005065918
1 0.25193381905555723 0.5753541469573975 0.1412845492362976 0.15598478317260742
0 0.32999672889709475 0.6491779327392578 0.14661722183227538 0.10084037780761719
0 0.4596408724784851 0.6643168449401855 0.1550222635269165 0.12854700088500975
0 0.5941359519958496 0.6601863861083984 0.15804920196533204 0.1293346405029297
1 0.7579404830932617 0.6071574211120605 0.14849720001220704 0.14345502853393555
2 0.8164226770401001 0.49713935852050783 0.1764441967010498 0.18896541595458985
2 0.8482196807861329 0.3368032693862915 0.1769479751586914 0.1938143253326416
2 0.8562007665634155 0.222021746635437 0.15759587287902832 0.10454492568969727
