2 0.16292941570281982 0.5326194286346435 0.08506226539611816 0.08922033309936524
2 0.16512386798858641 0.4234810948371887 0.0785327434539795 0.0675037145614624
2 0.20708062648773193 0.5725459098815918 0.07072758674621582 0.0777827262878418
1 0.23341894149780273 0.4221341133117676 0.10556306838989257 0.12950077056884765
1 0.2588041305541992 0.5688224315643311 0.0812504768371582 0.13962154388427733
0 0.3337590217590332 0.590369987487793 0.10991096496582031 0.11312885284423828
0 0.3735244035720825 0.42288731336593627 0.18490242958068848 0.17529833316802979
0 0.4317043304443359 0.5612689018249511 0.1282650947570801 0.18685789108276368
0 0.5353236198425293 0.5408029556274414 0.13507556915283203 0.177154541015625
0 0.5719538688659668 0.4006719708442688 0.19023799896240234 0.17519376277923585
0 0.6480648994445801 0.5273313522338867 0.13037567138671874 0.12708053588867188
1 0.7291288375854492 0.47865724563598633 0.09597492218017578 0.1294708251953125

2 0.7888301849365235 0.5250295639038086 0.10031547546386718 0.1455598831176758
2 0.8316585779190063 0.44605317115783694 0.09230914115905761 0.08232965469360351
