2 0.09678226709365845 0.7297965049743652 0.11926703453063965 0.14368343353271484
2 0.1289416193962097 0.6232598304748536 0.14926683902740479 0.08954372406005859
2 0.10174131393432617 0.7920820236206054 0.06029102802276611 0.04265041351318359
2 0.1757015347480774 0.5371238231658936 0.17178189754486084 0.13552045822143555
3 0.2516405820846558 0.45138322114944457 0.1836623191833496 0.16040437221527098
0 0.3312932014465332 0.3996897220611572 0.15495967864990234 0.15180692672729493
0 0.4283557415008545 0.29729886054992677 0.19882259368896485 0.11183176040649415
0 0.5569886207580567 0.3804731845855713 0.19400806427001954 0.15764617919921875
0 0.7022500991821289 0.4097766399383545 0.14660301208496093 0.1302663803100586
2 0.8126701354980469 0.5367866516113281 0.19181594848632813 0.14247970581054686
2 0.8298940658569336 0.6412879943847656 0.19368019104003906 0.12631969451904296
2 0.8363819122314453 0.7104672908782959 0.2007455825805664 0.07562294006347656
2 0.8314721822738648 0.7663885116577148 0.18703312873840333 0.07938461303710938
2 0.8377755165100098 0.7313195705413819 0.19744529724121093 0.055268383026123045
