2 0.1388106107711792 0.5717364311218261 0.07050743103027343 0.060943889617919925
2 0.16473946571350098 0.5214906692504883 0.08369956016540528 0.08448314666748047
2 0.19046822786331177 0.5721200466156006 0.0795673131942749 0.10050249099731445
1 0.2271040916442871 0.49961342811584475 0.10270938873291016 0.09112777709960937
1 0.2625225782394409 0.5613757133483886 0.10867276191711425 0.1297391891479492
0 0.319336462020874 0.4816893577575684 0.11194915771484375 0.10347442626953125
0 0.36111979484558104 0.5559893608093261 0.11684885025024414 0.12298774719238281
0 0.4494502067565918 0.47484302520751953 0.17225799560546876 0.12462749481201171
0 0.4523508071899414 0.5598222255706787 0.11102581024169922 0.10030288696289062
0 0.5480272769927979 0.5525548458099365 0.1164093017578125 0.10777244567871094
0 0.6054282188415527 0.474293851852417 0.15996150970458983 0.13286476135253905
0 0.6447841644287109 0.553193187713623 0.10917243957519532 0.09612674713134765
1 0.7091119766235352 0.5349971294403076 0.07444229125976562 0.1206772804260254
1 0.748723030090332 0.4856372356414795 0.0992767333984375 0.10771722793579101
2 0.7711009979248047 0.5575774192810059 0.08921279907226562 0.0706756591796875
2 0.789491081237793 0.5057122230529785 0.06941471099853516 0.0765981674194336
