2 0.16701943874359132 0.4516176700592041 0.08118214607238769 0.09186210632324218
2 0.1980218768119812 0.5571023941040039 0.09137723445892335 0.09987344741821289
1 0.23192753791809081 0.461561119556427 0.08972578048706055 0.1271972417831421
1 0.2551788330078125 0.5699728488922119 0.09305896759033203 0.0984827995300293
0 0.3097289800643921 0.45028157234191896 0.11870865821838379 0.12699413299560547
0 0.3277043342590332 0.5596390724182129 0.09474430084228516 0.12150421142578124
0 0.43002206087112427 0.4690053462982178 0.16172540187835693 0.15465755462646485
0 0.4117258548736572 0.5694263935089111 0.11671829223632812 0.11346025466918945
0 0.5053645133972168 0.5745536327362061 0.12053432464599609 0.12345285415649414
0 0.5718770980834961 0.473677396774292 0.16424922943115233 0.14499940872192382
0 0.6002728462219238 0.5736216068267822 0.11952972412109375 0.1221461296081543
0 0.6879541397094726 0.46570544242858886 0.1095510482788086 0.13032197952270508
1 0.6903288841247559 0.5718423366546631 0.09044342041015625 0.11204166412353515
2 0.7521039962768554 0.5696933746337891 0.09105348587036133 0.10501976013183593
1 0.7944921493530274 0.46238107681274415 0.11230525970458985 0.10069303512573242
2 0.7945313453674316 0.5685884952545166 0.06984233856201172 0.07264499664306641
