2 0.1874450445175171 0.5482690811157227 0.1519394874572754 0.13658447265625
1 0.23167903423309327 0.4330411911010742 0.10745115280151367 0.10852088928222656
1 0.2912709712982178 0.5651384830474854 0.14263172149658204 0.15024242401123047
0 0.3307602882385254 0.4374539852142334 0.13780322074890136 0.14002695083618164
0 0.3955798625946045 0.5900543212890625 0.15393571853637694 0.11137866973876953
0 0.48389277458190916 0.4511563181877136 0.2351442337036133 0.1978546380996704
0 0.5335224151611329 0.5909201622009277 0.16617507934570314 0.13764591217041017
0 0.6591385841369629 0.578890323638916 0.15024871826171876 0.13756141662597657
0 0.6921220779418945 0.45078258514404296 0.20898513793945311 0.18659095764160155
1 0.7729937553405761 0.5631567955017089 0.12022933959960938 0.12645816802978516
1 0.7985137462615967 0.43804659843444826 0.0638962745666504 0.11657152175903321
1 0.8261736154556274 0.4355916500091553 0.06624331474304199 0.11782045364379883
