2 0.1359058141708374 0.5423660755157471 0.12554385662078857 0.14274835586547852
2 0.20139777660369873 0.3721160411834717 0.12589306831359864 0.12474069595336915
2 0.20649471282958984 0.5566418647766114 0.12983827590942382 0.1439849853515625
1 0.2881313800811768 0.5680591583251953 0.14070281982421876 0.14173355102539062
0 0.3346635103225708 0.3806289196014404 0.15649495124816895 0.18844947814941407
0 0.4054861068725586 0.544949722290039 0.14354877471923827 0.16274776458740234
0 0.45819897651672364 0.32042151093482973 0.23009786605834961 0.2492456316947937
0 0.5225215911865234 0.5660285472869873 0.15685749053955078 0.17519235610961914
0 0.5746774673461914 0.40044296979904176 0.23757076263427734 0.19787390232086183
0 0.6382283210754395 0.5605140686035156 0.1458881378173828 0.17517833709716796
0 0.7371653556823731 0.4072565197944641 0.17973098754882813 0.16999356746673583
0 0.7435653686523438 0.5462351322174073 0.12524738311767578 0.15051803588867188
1 0.8270424842834473 0.5699740409851074 0.10893745422363281 0.1470028877258301
1 0.8740683555603027 0.4245108485221863 0.15860767364501954 0.12103884220123291
2 0.8968450546264648 0.5641557216644287 0.08969650268554688 0.11958656311035157
2 0.8815969467163086 0.5987598896026611 0.05807304382324219 0.07668342590332031
2 0.9171966552734375 0.519385814666748 0.10202980041503906 0.09697608947753907
