2 0.16959738731384277 0.45274105072021487 0.12173919677734375 0.08504581451416016
2 0.15494749546051026 0.5231287002563476 0.08226957321166992 0.07895774841308593
2 0.21512808799743652 0.5486957550048828 0.11167049407958984 0.12725086212158204
1 0.3104388952255249 0.5688846588134766 0.12572088241577148 0.10941009521484375
0 0.3220553159713745 0.4639663577079773 0.1356736660003662 0.15712130069732666
0 0.4130682945251465 0.5548693656921386 0.12994709014892578 0.09721240997314454
0 0.46022595167160035 0.45715454816818235 0.18411295413970946 0.17189505100250244
0 0.5184465885162354 0.5516243934631347 0.12272882461547852 0.09325790405273438
0 0.616633129119873 0.4477578639984131 0.1780414581298828 0.1539626121520996
0 0.6161295890808105 0.5432625770568847 0.11251363754272461 0.09273242950439453
0 0.7008464813232422 0.5373622894287109 0.09083366394042969 0.09246845245361328
0 0.73172607421875 0.4440798878669739 0.10751638412475586 0.13519208431243895
1 0.7645271301269532 0.5241810798645019 0.07168045043945312 0.10722942352294922
1 0.8037429809570312 0.43428807258605956 0.07576503753662109 0.10001792907714843
2 0.8041946411132812 0.5226763725280762 0.07646827697753907 0.09649581909179687
2 0.8238273620605469 0.4647970676422119 0.10799407958984375 0.11537733078002929
