2 0.13304097652435304 0.6823147773742676 0.14678359031677246 0.10577373504638672

2 0.14473659694194793 0.5560793399810791 0.15543165802955627 0.13391551971435547
2 0.13297018706798552 0.6234119415283204 0.12535038590431213 0.06575069427490235
3 0.1994723677635193 0.49886322021484375 0.12755777835845947 0.10221824645996094
0 0.2490511417388916 0.41953749656677247 0.12801885604858398 0.12688722610473632
0 0.39191226959228515 0.37137019634246826 0.18446826934814453 0.12132163047790527
0 0.5713562965393066 0.36420962810516355 0.19491729736328126 0.10478444099426269
0 0.6837884426116944 0.4219904899597168 0.1435173988342285 0.07845687866210938
2 0.8031819343566895 0.58808274269104 0.16859817504882812 0.13257007598876952
2 0.8406394720077515 0.6861142635345459 0.17289013862609864 0.11767854690551757
2 0.844337272644043 0.7491232872009277 0.16300048828125 0.08404216766357422
