2 0.1696060299873352 0.5743203163146973 0.11873500347137451 0.09701032638549804
1 0.1754317045211792 0.47574005126953123 0.10304727554321289 0.13071050643920898
0 0.27147441506385805 0.44439077377319336 0.14838389158248902 0.14077377319335938
1 0.25581570267677306 0.5639912605285644 0.11393355131149292 0.12453193664550781
0 0.3567373752593994 0.5603082656860352 0.13080854415893556 0.14305877685546875
0 0.41995781660079956 0.43102240562438965 0.19919817447662352 0.1473607063293457
0 0.4740426063537598 0.5507152557373047 0.13685836791992187 0.1499319076538086
0 0.6050296306610108 0.4237368583679199 0.20098609924316407 0.1293031692504883
0 0.5960160255432129 0.5464154720306397 0.14351253509521483 0.1495530128479004
0 0.7128841876983643 0.549723768234253 0.12109336853027344 0.1443324089050293
0 0.7542598724365235 0.4359164237976074 0.13648300170898436 0.12075481414794922
1 0.7921395301818848 0.5589322090148926 0.08496284484863281 0.11266574859619141
1 0.833228325843811 0.4762722969055176 0.08799242973327637 0.09111309051513672
2 0.8416990280151367 0.5719752788543702 0.07365970611572266 0.06392469406127929
