2 0.13100660145282744 0.3257490396499634 0.1656671941280365 0.1654050350189209
2 0.1606644034385681 0.4615325450897217 0.17092087268829345 0.15293340682983397
2 0.20236430168151856 0.5583679676055908 0.141556978225708 0.12094097137451172
1 0.24931111931800842 0.6341588973999024 0.11968439817428589 0.12647686004638672
0 0.36260137557983396 0.6549483299255371 0.14629478454589845 0.12598915100097657
0 0.45175957679748535 0.690539026260376 0.12073192596435547 0.09753303527832032
0 0.5594719886779785 0.6783750534057618 0.12032747268676758 0.10332288742065429
0 0.6630858421325684 0.661567211151123 0.12730026245117188 0.0980743408203125
1 0.7238022804260253 0.6141547679901123 0.12102842330932617 0.12905664443969728
2 0.7913281917572021 0.45949727296829224 0.17961511611938477 0.16690213680267335
2 0.8237961769104004 0.32826733589172363 0.18690433502197265 0.1502521514892578
2 0.7947070121765136 0.5644116401672363 0.10007133483886718 0.08079671859741211
