2 0.12134147882461548 0.3511835813522339 0.1567202091217041 0.14379124641418456
2 0.12659415006637573 0.45586166381835935 0.13936078548431396 0.12449026107788086
2 0.17151132822036744 0.5511296272277832 0.16169288158416747 0.11952400207519531
1 0.2387023687362671 0.627039909362793 0.13039593696594237 0.14040107727050782
0 0.3512133598327637 0.6591897010803223 0.15481033325195312 0.10174179077148438
0 0.4830147743225098 0.6858655929565429 0.14881696701049804 0.11258468627929688
0 0.612789249420166 0.6861182689666748 0.1397157669067383 0.1135986328125
0 0.717221736907959 0.6786788940429688 0.12915515899658203 0.1185760498046875
2 0.8086910247802734 0.5733211517333985 0.1542287826538086 0.08172836303710937
2 0.8290188789367676 0.4318865776062012 0.19488182067871093 0.17947568893432617
1 0.796259880065918 0.6520278453826904 0.10281505584716796 0.1240234375
2 0.8372810125350952 0.29817728996276854 0.17886662483215332 0.12372169494628907
