2 0.0918397307395935 0.7228205680847168 0.1434643030166626 0.12949562072753906
2 0.12780816853046417 0.636290454864502 0.1686616361141205 0.15072336196899414
2 0.1687304139137268 0.530843448638916 0.13081271648406984 0.1135793685913086
1 0.2143464505672455 0.4509371280670166 0.13589755296707154 0.14293184280395507
0 0.3035114765167236 0.3522205114364624 0.13681859970092775 0.1320197582244873
0 0.4411949157714844 0.3320016384124756 0.1658557891845703 0.11796231269836426
0 0.6014273166656494 0.3178868293762207 0.16753816604614258 0.11907711029052734
0 0.7057302474975586 0.3564645767211914 0.11423625946044921 0.11460313796997071
3 0.714775800704956 0.42577495574951174 0.1238821029663086 0.1006021499633789
2 0.7707232475280762 0.4790976524353027 0.18687877655029297 0.14875316619873047
2 0.7844854354858398 0.6111418724060058 0.20614013671875 0.1717924118041992
2 0.8050060272216797 0.6954824924468994 0.19327907562255858 0.12120304107666016
