2 0.11927483081817628 0.6982860565185547 0.1343996286392212 0.10578556060791015
2 0.1469963788986206 0.6056472778320312 0.16928462982177733 0.13902702331542968
2 0.20762300491333008 0.5189247131347656 0.16592588424682617 0.17228355407714843
1 0.2687528610229492 0.42021836042404176 0.1344095230102539 0.1564220666885376
0 0.36898155212402345 0.35786349773406984 0.11715612411499024 0.1213676929473877
0 0.5344955444335937 0.3326040983200073 0.20203609466552735 0.11648507118225097
0 0.7150726795196534 0.3471179246902466 0.17371778488159179 0.11172471046447754
2 0.8350365638732911 0.6900506973266601 0.17877979278564454 0.09937801361083984
2 0.8577594518661499 0.6184078216552734 0.181992769241333 0.11324090957641601
2 0.8525192499160766 0.5369626045227051 0.1569922924041748 0.13624992370605468
0 0.828646183013916 0.38138999938964846 0.10214767456054688 0.09348182678222657
1 0.8619047164916992 0.4391133785247803 0.11875343322753906 0.1077718734741211
