2 0.10271055698394775 0.7146232604980469 0.1581810712814331 0.05467090606689453
2 0.11036375761032105 0.661683988571167 0.16736142635345458 0.08417110443115235
2 0.14598524570465088 0.5929248809814454 0.15430078506469727 0.08810691833496094
2 0.1730061560869217 0.506531047821045 0.15140194296836854 0.12056941986083984
1 0.22782082557678224 0.3827803611755371 0.13368844985961914 0.12278709411621094
0 0.31569342613220214 0.28872365951538087 0.11944441795349121 0.1257028579711914
0 0.45063105821609495 0.2622706413269043 0.16287152767181395 0.11525564193725586
0 0.6124334812164307 0.278691840171814 0.16084413528442382 0.12395505905151367
0 0.7395002365112304 0.3264464855194092 0.10937118530273438 0.11568140983581543
1 0.808705997467041 0.4263306617736816 0.13974342346191407 0.1229313850402832
2 0.8560647010803223 0.5330289363861084 0.14020977020263672 0.11010208129882812
2 0.8715340614318847 0.6166154861450195 0.14839401245117187 0.08331680297851562
2 0.894410514831543 0.6966808319091797 0.1634368896484375 0.09610881805419921
2 0.8988503456115723 0.7166666030883789 0.1618631362915039 0.12596435546875
2 0.9047117233276367 0.7573439121246338 0.15360488891601562 0.061380863189697266
