2 0.10502557456493378 0.6516001701354981 0.08344565033912658 0.10202884674072266
2 0.14020791053771972 0.5883779525756836 0.08789927959442138 0.09280357360839844
2 0.1731499195098877 0.5238681316375733 0.12292861938476562 0.10057764053344727
1 0.19274113178253174 0.4378688812255859 0.1355306625366211 0.11114559173583985
0 0.29505743980407717 0.3518706798553467 0.17544565200805665 0.132369327545166
0 0.47510288953781127 0.3246723175048828 0.21952764987945556 0.14905834197998047
0 0.6774901390075684 0.33504581451416016 0.2097116470336914 0.15799274444580078
0 0.8228021383285522 0.38291015625 0.1434093952178955 0.107769775390625
1 0.8813606262207031 0.4727738380432129 0.12657546997070312 0.10052642822265626
2 0.9006291389465332 0.557987117767334 0.13926753997802735 0.11467018127441406
2 0.9209531784057617 0.6313874244689941 0.13219528198242186 0.09448795318603516
2 0.9228422164916992 0.6561400413513183 0.13391952514648436 0.13862781524658202
2 0.9237960815429688 0.6763765335083007 0.12968368530273439 0.10382051467895508
