2 0.14032442569732667 0.5358633041381836 0.21340470314025878 0.1486297607421875
2 0.10183351039886475 0.43622984886169436 0.09516570568084717 0.08921070098876953
2 0.1596861243247986 0.4355760097503662 0.10473482608795166 0.11251287460327149
1 0.21591994762420655 0.4024651527404785 0.11544156074523926 0.12387847900390625
1 0.2994980335235596 0.6100085258483887 0.11976661682128906 0.16001472473144532
0 0.32033910751342776 0.4067813754081726 0.14497604370117187 0.16039087772369384
0 0.4012014389038086 0.5896484851837158 0.13246688842773438 0.14683332443237304
0 0.4674049258232117 0.3934293746948242 0.1973766565322876 0.19485816955566407
0 0.5124552726745606 0.6122204780578613 0.12687244415283203 0.18547210693359376
0 0.6421161651611328 0.4023317337036133 0.1905426025390625 0.18969478607177734
0 0.6273155212402344 0.5973493576049804 0.13017730712890624 0.17529754638671874
0 0.7312317371368409 0.5761454582214356 0.1123870849609375 0.14145030975341796
0 0.7787168025970459 0.413393497467041 0.12385072708129882 0.15436267852783203
1 0.8135932922363281 0.583980941772461 0.09197349548339843 0.1313479423522949
1 0.8619348526000976 0.42162480354309084 0.09947681427001953 0.11775903701782227
2 0.9036273956298828 0.5264739036560059 0.14419937133789062 0.1227193832397461
2 0.9090699195861817 0.4345561027526855 0.09341964721679688 0.11648406982421874
