2 0.18909651041030884 0.5752530097961426 0.15148160457611085 0.08670597076416016
2 0.19723789691925048 0.5262971878051758 0.13443703651428224 0.08193798065185547
1 0.22020506858825684 0.4790169715881348 0.07661986351013184 0.04234867095947266
0 0.2703983306884766 0.4322587847709656 0.10998377799987794 0.08226454257965088
0 0.3838789939880371 0.38761334419250487 0.15315990447998046 0.06768016815185547
0 0.5588137626647949 0.4066192626953125 0.18028125762939454 0.13039255142211914
0 0.6929070472717285 0.42535277605056765 0.11434860229492187 0.09884793758392334
1 0.7395457744598388 0.48991050720214846 0.12694711685180665 0.13463058471679687
2 0.7846644401550293 0.5512873649597168 0.16689300537109375 0.11585693359375
2 0.8302801370620727 0.6086181640625 0.15484881401062012 0.09104433059692382
