2 0.18119337558746337 0.3111875534057617 0.2218193531036377 0.18567018508911132
2 0.19975290298461915 0.4253420829772949 0.17246384620666505 0.13051862716674806
2 0.2236897051334381 0.5138550281524659 0.14496420621871947 0.10847759246826172
1 0.2566217839717865 0.5940362930297851 0.13893615007400512 0.09992809295654297
0 0.3428492546081543 0.648538875579834 0.12983169555664062 0.0946969985961914
0 0.4454354763031006 0.6623382568359375 0.11586503982543946 0.08395805358886718
0 0.5465035438537598 0.6722297668457031 0.12455101013183593 0.1018259048461914
0 0.6511154174804688 0.6724785804748535 0.11694355010986328 0.09243106842041016
1 0.7135265827178955 0.6258782386779785 0.13981733322143555 0.11286067962646484
2 0.7694911003112793 0.5681494235992431 0.14088268280029298 0.09561853408813477
2 0.7769968986511231 0.4857036590576172 0.14750900268554687 0.1040262222290039
2 0.8126866340637207 0.36919488906860354 0.2089313507080078 0.1860677719116211
