2 0.16226962804794312 0.4461962699890137 0.09114887714385986 0.09897613525390625
2 0.21603338718414306 0.4654870510101318 0.07291603088378906 0.08439826965332031
2 0.23152075409889222 0.5397340774536132 0.0867686152458191 0.0937103271484375
2 0.2244345188140869 0.5310653686523438 0.07220277786254883 0.07480411529541016
2 0.25495471954345705 0.5454238891601563 0.08481264114379883 0.09644889831542969
1 0.2705089569091797 0.4599255442619324 0.10139846801757812 0.12469046115875244
1 0.3129918575286865 0.5513250350952148 0.0812490463256836 0.10990486145019532
0 0.3541714668273926 0.457634437084198 0.11354131698608398 0.14096014499664306
0 0.3845247268676758 0.5569572448730469 0.10261268615722656 0.10629959106445312
0 0.46213493347167967 0.45334858894348146 0.15662078857421874 0.15994758605957032
0 0.471441650390625 0.56668119430542 0.10849132537841796 0.11216201782226562
0 0.5596131801605224 0.5680255889892578 0.1083439826965332 0.12294502258300781
0 0.594841194152832 0.45408002138137815 0.1580179214477539 0.1648263692855835
0 0.6498207092285156 0.5653597831726074 0.11233234405517578 0.12041187286376953
0 0.7010514259338378 0.46106120347976687 0.10965547561645508 0.13095490932464598
1 0.7225651264190673 0.562379264831543 0.0793365478515625 0.11921100616455078
1 0.7807819366455078 0.4711009502410889 0.09276485443115234 0.1087906837463379
2 0.7861079216003418 0.5588644504547119 0.08545856475830078 0.10193338394165039
2 0.8400442123413085 0.4792353630065918 0.08143253326416015 0.08066654205322266
