1 0.13761639595031738 0.4081565022468567 0.1284609317779541 0.2015613317489624
2 0.13800184428691864 0.5068397521972656 0.09883614182472229 0.08322658538818359
1 0.21339574456214905 0.5188891410827636 0.11648997068405151 0.12073326110839844
0 0.25733916759490966 0.41658987998962405 0.1678248405456543 0.1877351760864258
0 0.3222801208496094 0.5492588996887207 0.15226707458496094 0.1460428237915039
0 0.4242298126220703 0.44003859758377073 0.21226949691772462 0.20795514583587646
0 0.4516156196594238 0.561861228942871 0.14864759445190429 0.13596534729003906
0 0.5680397510528564 0.5637772083282471 0.13846616744995116 0.14355993270874023
0 0.611884593963623 0.4372673988342285 0.21370677947998046 0.20911617279052735
0 0.6859522819519043 0.5617069721221923 0.14322032928466796 0.15373897552490234
0 0.7801639556884765 0.422267484664917 0.16944293975830077 0.19982709884643554
1 0.7889353275299072 0.5462511062622071 0.11966466903686523 0.1307342529296875
1 0.8910831451416016 0.42238329648971557 0.11570148468017578 0.19573214054107665
