2 0.12198941707611084 0.713493824005127 0.20061559677124025 0.09700098037719726
2 0.12641589641571044 0.6561415672302247 0.17783765792846679 0.08208904266357422
2 0.13912467658519745 0.6013184547424316 0.186435467004776 0.15039243698120117
2 0.1556706190109253 0.5092514038085938 0.1642848491668701 0.16611042022705078
1 0.1789074182510376 0.40386000871658323 0.1334990978240967 0.152475905418396
0 0.23563986420631408 0.31947357654571534 0.12497881650924683 0.10624828338623046
0 0.3559530258178711 0.29570536613464354 0.16873912811279296 0.14555835723876953
0 0.5169833183288575 0.2969204425811768 0.17997512817382813 0.14319982528686523
0 0.66169753074646 0.326017951965332 0.13863353729248046 0.13137521743774414
1 0.7408328533172608 0.41876107454299927 0.13605241775512694 0.14599435329437255
2 0.7757060050964355 0.5297218322753906 0.17430706024169923 0.1751100540161133
2 0.8088607549667358 0.6492578029632569 0.20844693183898927 0.15457048416137695
2 0.841816520690918 0.727139949798584 0.22476158142089844 0.1238779067993164
