2 0.09393244385719299 0.6938446044921875 0.18786488771438598 0.13242340087890625
2 0.15811980068683623 0.4948844909667969 0.1838364064693451 0.13501415252685547
1 0.21075939536094665 0.3866738796234131 0.18366919755935668 0.14427490234375
0 0.2777374029159546 0.3151582717895508 0.12515645027160643 0.1397028923034668
0 0.40777682065963744 0.27641587257385253 0.1548706293106079 0.12402887344360351
0 0.56009840965271 0.27215008735656737 0.14396390914916993 0.12719287872314453
0 0.6794217109680176 0.3074882745742798 0.11126327514648438 0.12902956008911132
1 0.7536946773529053 0.37372002601623533 0.14389314651489257 0.13001632690429688
2 0.7859529495239258 0.48227782249450685 0.165533447265625 0.1253377914428711
2 0.8248284339904786 0.5711301803588867 0.16567535400390626 0.10425662994384766
2 0.8463987588882447 0.6607733726501465 0.17802348136901855 0.11780433654785157
2 0.840869140625 0.756430721282959 0.1496976852416992 0.0808349609375
