2 0.14777714014053345 0.5099933624267579 0.09678361415863038 0.08591365814208984
2 0.14046498537063598 0.4467358112335205 0.07293341159820557 0.07964658737182617
2 0.1945267915725708 0.4832736968994141 0.0897562026977539 0.09125137329101562
2 0.20196494460105896 0.556184959411621 0.09275513887405396 0.09664535522460938
1 0.23630304932594298 0.48170900344848633 0.08052233457565308 0.0913553237915039
2 0.2549621343612671 0.5360767364501953 0.08027925491333007 0.07263431549072266
0 0.2870140314102173 0.46934118270874026 0.08652749061584472 0.11082496643066406
1 0.31152706146240233 0.5451682567596435 0.09210405349731446 0.10618448257446289
0 0.36019330024719237 0.4748960494995117 0.09736061096191406 0.08978824615478516
0 0.385501766204834 0.5576599597930908 0.09507684707641602 0.10789146423339843
0 0.45412192344665525 0.4364930033683777 0.1583993911743164 0.15355989933013917
0 0.46753201484680174 0.5458271503448486 0.10941743850708008 0.13976926803588868
0 0.562070369720459 0.5491408348083496 0.10742778778076172 0.1385427474975586
0 0.6008617401123046 0.46768139600753783 0.14766254425048828 0.1490572214126587
0 0.6401832580566407 0.5593466758728027 0.09476909637451172 0.09623794555664063
1 0.7205744743347168 0.48917436599731445 0.1286020278930664 0.1457493782043457
1 0.7188362121582031 0.5708662509918213 0.09598674774169921 0.07300710678100586

2 0.7859006881713867 0.5231285095214844 0.09934749603271484 0.08469600677490234
