2 0.1265612006187439 0.6847379207611084 0.18287146091461182 0.11359052658081055
2 0.112434983253479 0.5134078025817871 0.15078768730163575 0.07695159912109376
2 0.13425256907939911 0.5983572959899902 0.18296385407447815 0.13944149017333984
1 0.13106049299240113 0.4394245624542236 0.1378244400024414 0.13603057861328124
0 0.26349036693572997 0.31638031005859374 0.18573074340820311 0.13691892623901367
0 0.45723376274108884 0.2985822677612305 0.2181492805480957 0.15035905838012695
0 0.6304106712341309 0.34363832473754885 0.16356201171875 0.13001022338867188
2 0.7682782173156738 0.524203872680664 0.20462894439697266 0.14857006072998047
1 0.7319753646850586 0.45007944107055664 0.12620296478271484 0.11250724792480468
2 0.8236537933349609 0.610077953338623 0.1938016891479492 0.15621566772460938
2 0.8651049613952637 0.6946721076965332 0.20076751708984375 0.13661613464355468
