2 0.182710263133049 0.47082176208496096 0.1772945463657379 0.15288257598876953
2 0.18996016681194305 0.6550792694091797 0.1873744547367096 0.130792236328125
2 0.1826975703239441 0.7016213893890381 0.15870201587677002 0.06032648086547852
2 0.19791520833969117 0.5680729389190674 0.17803032398223878 0.07505731582641602
1 0.1887140989303589 0.3824150562286377 0.11296749114990234 0.12429285049438477
0 0.24555563926696777 0.31608197689056394 0.11813836097717285 0.10674996376037597
0 0.357980751991272 0.2891400814056396 0.14401688575744628 0.11065616607666015
0 0.5001540660858155 0.27242512702941896 0.15371980667114257 0.10288991928100585
0 0.6332934379577637 0.2916656494140625 0.1281879425048828 0.11182451248168945
1 0.6960833072662354 0.369570255279541 0.1114964485168457 0.1229161262512207
2 0.7366937637329102 0.4508622169494629 0.14581127166748048 0.13508872985839843
2 0.7801985263824462 0.5199471950531006 0.16323843002319335 0.08539543151855469
2 0.812247371673584 0.5388145446777344 0.19387893676757811 0.09816761016845703
2 0.8259828329086304 0.5917101383209229 0.17964520454406738 0.10115432739257812
