2 0.1669120669364929 0.6945012092590332 0.11494133472442628 0.09840412139892578
2 0.1573791980743408 0.7022098064422607 0.09321660995483398 0.08304710388183593
2 0.1723988890647888 0.633586311340332 0.12128422260284424 0.1296236038208008
2 0.21025519371032714 0.5449555397033692 0.13295021057128906 0.10590057373046875
2 0.25456223487854 0.46291627883911135 0.12545223236083985 0.11427545547485352
1 0.3113950252532959 0.37663254737854 0.0849395751953125 0.08195428848266602
0 0.508097505569458 0.28233489990234373 0.14900407791137696 0.11414475440979004
0 0.6495786666870117 0.28617658615112307 0.14961166381835939 0.12463626861572266
0 0.7385155200958252 0.33534717559814453 0.10791349411010742 0.09757461547851562
2 0.7973067760467529 0.6821645736694336 0.1786860466003418 0.12779903411865234
2 0.7955612182617188 0.598172664642334 0.16247310638427734 0.10870742797851562
1 0.7819413185119629 0.4008886456489563 0.10878219604492187 0.110550856590271
2 0.7987914562225342 0.7568188667297363 0.1247056007385254 0.07262973785400391
2 0.8104578971862793 0.5082165718078613 0.14683170318603517 0.12120685577392579
