2 0.03599039316177368 0.5293595790863037 0.07198078632354736 0.18793668746948242
1 0.03946812748908997 0.40344905853271484 0.07893625497817994 0.1307133674621582
1 0.09786988496780395 0.5217439651489257 0.12007632255554199 0.22566299438476561
0 0.1338127851486206 0.38017213344573975 0.168396520614624 0.14287686347961426
0 0.19832464456558227 0.5358928203582763 0.19787137508392333 0.22908344268798828
0 0.32683610916137695 0.34566326141357423 0.2691948890686035 0.1700124740600586
0 0.349507737159729 0.5099106788635254 0.18021235466003419 0.22300081253051757
0 0.5100172996520996 0.5162073612213135 0.19548892974853516 0.23753080368041993
0 0.5854324340820313 0.33383681774139407 0.2817575454711914 0.183329439163208
0 0.6779839515686035 0.4815974712371826 0.19461889266967775 0.20619497299194336
0 0.7999261856079102 0.32281060218811036 0.1981740951538086 0.15678253173828124
1 0.8327505111694335 0.5007362842559815 0.17139968872070313 0.24701738357543945
1 0.9302136421203613 0.3271160125732422 0.1339813232421875 0.14715328216552734
2 0.9323540687561035 0.4716490745544434 0.13529186248779296 0.21303682327270507
2 0.9840433597564697 0.3285472869873047 0.03191328048706055 0.12318840026855468
