2 0.20519392490386962 0.6669036388397217 0.14524273872375487 0.09496994018554687
2 0.22638418674468994 0.5916764736175537 0.15561318397521973 0.08291482925415039
2 0.24664607048034667 0.5193951606750489 0.16686973571777344 0.10708293914794922
1 0.259173059463501 0.43103502988815307 0.113507080078125 0.09363977909088135
0 0.3239635467529297 0.36350622177124026 0.10853185653686523 0.09300003051757813
0 0.45169161558151244 0.3262152671813965 0.17189791202545165 0.09910993576049805
0 0.6068839073181153 0.3347647666931152 0.15055198669433595 0.11947126388549804
0 0.6352582454681397 0.42699097394943236 0.12316131591796875 0.08789675235748291
2 0.7535264015197753 0.5090438842773437 0.16894302368164063 0.12150440216064454
1 0.7367998123168945 0.39714903831481935 0.11189956665039062 0.09528932571411133
2 0.7692731857299805 0.605419921875 0.15616073608398437 0.1087754249572754
2 0.7925785064697266 0.6817481517791748 0.14681625366210938 0.08494052886962891
