2 0.1090654730796814 0.3512325048446655 0.18971378803253175 0.1319593906402588
2 0.1279096484184265 0.44522676467895506 0.18804256916046141 0.13403844833374023
2 0.17745628356933593 0.537846851348877 0.16870298385620117 0.1560007095336914
1 0.20865321159362793 0.6267132759094238 0.13161730766296387 0.15253124237060547
0 0.31667699813842776 0.6541524887084961 0.1362238883972168 0.1427699089050293
0 0.40882434844970705 0.6924440383911132 0.14109487533569337 0.13582954406738282
0 0.5268877983093262 0.6768596649169922 0.13972196578979493 0.13939762115478516
0 0.6425457954406738 0.6509923934936523 0.13373203277587892 0.12851295471191407
1 0.711087703704834 0.5887599945068359 0.12879886627197265 0.145880126953125
2 0.7499606132507324 0.5213435173034668 0.1654804229736328 0.13899631500244142
2 0.785794448852539 0.4371669292449951 0.15705127716064454 0.12238082885742188
2 0.8149962425231934 0.33678464889526366 0.18518657684326173 0.1492013931274414
