2 0.12386974096298217 0.6773081302642823 0.12216579914093018 0.0757080078125
2 0.13976938724517823 0.6013779640197754 0.13663120269775392 0.10232295989990234
1 0.1632733464241028 0.48292293548583987 0.09198367595672607 0.10853233337402343
0 0.23995468616485596 0.434932804107666 0.10287189483642578 0.1146331787109375
0 0.34810757637023926 0.4337140083312988 0.13542890548706055 0.11544866561889648
0 0.488970947265625 0.41369723081588744 0.14662761688232423 0.11417734622955322
0 0.6101648330688476 0.40318875312805175 0.11048574447631836 0.10153865814208984
1 0.7190580368041992 0.42415655851364137 0.11889705657958985 0.09605162143707276
2 0.7792360305786132 0.49290757179260253 0.1513193130493164 0.09171504974365234
2 0.8132276773452759 0.5575184345245361 0.155672025680542 0.08934125900268555
2 0.8184451818466186 0.5868123054504395 0.15400547981262208 0.12848777770996095
2 0.8223322868347168 0.6104994773864746 0.1495798110961914 0.08920564651489257
