2 0.19274065494537354 0.48133039474487305 0.08747811317443847 0.12058792114257813
1 0.22270057201385499 0.39801902770996095 0.0954129695892334 0.09105052947998046
1 0.256160306930542 0.5130080223083496 0.08506593704223633 0.11554431915283203
0 0.33215937614440916 0.5280194282531738 0.09331321716308594 0.11561775207519531
0 0.41466827392578126 0.45178565979003904 0.14028778076171874 0.09986934661865235
0 0.4060235857963562 0.5414256095886231 0.11314795017242432 0.1109628677368164
0 0.5061802864074707 0.5298369884490967 0.11962661743164063 0.11354522705078125
0 0.5431848526000976 0.4409171581268311 0.1562192916870117 0.11199054718017579
0 0.6010489940643311 0.520394229888916 0.11364803314208985 0.11453514099121094
0 0.6573047161102294 0.40898966789245605 0.11437702178955078 0.11545305252075196
1 0.7070768356323243 0.5018712520599365 0.13173160552978516 0.13093118667602538
1 0.7702512264251709 0.36761929988861086 0.13173952102661132 0.09885239601135254
2 0.7959962844848633 0.4728191375732422 0.12741127014160156 0.11800289154052734
2 0.859548282623291 0.34069151878356935 0.0860830307006836 0.07603025436401367
2 0.8739461898803711 0.4127951502799988 0.10993919372558594 0.08912184238433837
