2 0.155741286277771 0.3683109998703003 0.2061739444732666 0.18144564628601073
2 0.15641846656799316 0.48694372177124023 0.1752795696258545 0.12434539794921876
2 0.18721401691436768 0.5806489944458008 0.1559758186340332 0.10862369537353515
1 0.23974108695983887 0.6563095569610595 0.13703031539916993 0.07653083801269531
0 0.2993481636047363 0.7037689208984375 0.1363758087158203 0.07158079147338867
0 0.3863861560821533 0.7210206985473633 0.12552986145019532 0.08235387802124024
0 0.4938086986541748 0.7283926963806152 0.13134403228759767 0.0842733383178711
0 0.595262861251831 0.7197412014007568 0.11794795989990234 0.07309980392456054
1 0.714632797241211 0.6706961631774903 0.12627048492431642 0.08599014282226562
2 0.7960693359375 0.5867865562438965 0.1310710906982422 0.12824420928955077
2 0.8533487319946289 0.48095273971557617 0.10576820373535156 0.12632713317871094
2 0.8994278907775879 0.34592137336730955 0.1445404052734375 0.18546075820922853
