2 0.1526577115058899 0.7048206329345703 0.1624403715133667 0.13935298919677735
2 0.14678982496261597 0.6038762092590332 0.14022958278656006 0.10450363159179688
2 0.16407392024993897 0.5142323493957519 0.15150175094604493 0.14162216186523438
1 0.17065200805664063 0.4019178867340088 0.11781702041625977 0.12972145080566405
0 0.23027198314666747 0.2990398406982422 0.12842755317687987 0.09725484848022461
0 0.3720242500305176 0.22845685482025146 0.20781259536743163 0.1337574005126953
0 0.5669159412384033 0.1985616445541382 0.2103337287902832 0.09983305931091309
0 0.7195967197418213 0.22816760540008546 0.10153179168701172 0.07021589279174804
2 0.8245879173278808 0.39633355140686033 0.11798725128173829 0.088287353515625
2 0.8654678344726563 0.503722858428955 0.17830123901367187 0.15399036407470704
2 0.9088588714599609 0.604182243347168 0.16152801513671874 0.11663246154785156
