2 0.2065451681613922 0.5002686500549316 0.11811560392379761 0.14349403381347656
2 0.2234267771244049 0.49701619148254395 0.08818529844284058 0.10801553726196289
2 0.22996647357940675 0.4988664150238037 0.08029189109802246 0.0856062889099121
1 0.2855531215667725 0.5119258880615234 0.11081886291503906 0.13432044982910157
0 0.2879319667816162 0.4128546714782715 0.11305170059204102 0.11964664459228516
0 0.36353795528411864 0.5401401519775391 0.09132227897644044 0.12084980010986328
0 0.4030918598175049 0.4275671124458313 0.1563939094543457 0.16147840023040771
0 0.450003445148468 0.5518360614776612 0.11920316219329834 0.14675397872924806
0 0.5540794372558594 0.4277918815612793 0.1821443557739258 0.16736726760864257
0 0.5527548789978027 0.5505536079406739 0.12181015014648437 0.1421358108520508
0 0.6543835639953614 0.5436875343322753 0.11572418212890626 0.12902545928955078
0 0.6889798164367675 0.43294577598571776 0.12748165130615235 0.13370866775512696
1 0.7216620922088623 0.517635726928711 0.10231695175170899 0.11400833129882812
1 0.770297622680664 0.4464845657348633 0.07888011932373047 0.11004409790039063
2 0.7880667686462403 0.5111214637756347 0.08470668792724609 0.08901338577270508
2 0.8192132711410522 0.4954229354858398 0.10022320747375488 0.08232402801513672
2 0.8232694625854492 0.4373358726501465 0.07721939086914062 0.10294342041015625
2 0.8657632827758789 0.43673205375671387 0.06002616882324219 0.07436838150024414
2 0.9003440856933593 0.40781140327453613 0.050769805908203125 0.05692920684814453
