2 0.1330006957054138 0.4519630432128906 0.07225477695465088 0.09985084533691406
2 0.16359853744506836 0.563548994064331 0.11634335517883301 0.12371110916137695
1 0.18099775314331054 0.43429880142211913 0.0968095302581787 0.12546539306640625
2 0.2184539794921875 0.5652809619903565 0.07351117134094239 0.08047914505004883
0 0.26298305988311765 0.404252290725708 0.14117913246154784 0.13913259506225586
1 0.2727781295776367 0.5856441974639892 0.08596792221069335 0.13233060836791993
0 0.3485982418060303 0.593274450302124 0.11013975143432617 0.14593772888183593
0 0.3619887351989746 0.5276542663574219 0.11362028121948242 0.10299110412597656
0 0.4088691234588623 0.4225236773490906 0.1819401741027832 0.17544825077056886
0 0.4578555583953857 0.5654411315917969 0.12483329772949218 0.15444469451904297
0 0.5809015274047852 0.41515402793884276 0.18389244079589845 0.1771843910217285
0 0.5685296535491944 0.5806411743164063 0.12527599334716796 0.1966543197631836
0 0.6723824501037597 0.557422685623169 0.11657428741455078 0.16785459518432616
0 0.7317677497863769 0.39699320793151854 0.14083023071289064 0.1380784034729004
1 0.7784733295440673 0.5640859603881836 0.12327985763549805 0.14644393920898438
1 0.7934008598327636 0.43344917297363283 0.09016151428222656 0.10615301132202148
2 0.833345603942871 0.4472489356994629 0.08735294342041015 0.09405288696289063
2 0.8740976333618165 0.5267369270324707 0.10514907836914063 0.09912595748901368
2 0.8637186050415039 0.5421692848205566 0.08391990661621093 0.07651748657226562
2 0.8753854751586914 0.5114112854003906 0.10365715026855468 0.07069454193115235
2 0.9217182159423828 0.4712515354156494 0.1453268051147461 0.15198831558227538
