2 0.13074756860733033 0.3637924432754517 0.18247010707855224 0.16387200355529785
2 0.16891815960407258 0.48451862335205076 0.17890319228172302 0.1527341842651367
1 0.2275209903717041 0.5817276954650878 0.1659207820892334 0.1296590805053711
0 0.3593120813369751 0.638836145401001 0.11529498100280762 0.12866296768188476
0 0.4484365940093994 0.6479976654052735 0.09588737487792968 0.12011375427246093
0 0.5416396617889404 0.6383268356323242 0.11718330383300782 0.10899066925048828
0 0.6369235992431641 0.6155503749847412 0.12323188781738281 0.11125297546386718
1 0.7282556533813477 0.5824790000915527 0.12220973968505859 0.12493553161621093
2 0.7869395256042481 0.5247678279876709 0.15711498260498047 0.12794551849365235
2 0.8402831077575683 0.42811155319213867 0.1845104217529297 0.1414113998413086
2 0.8801723480224609 0.3160374879837036 0.15779685974121094 0.15801892280578614
