2 0.12751602828502656 0.3074848175048828 0.13872137665748596 0.11605491638183593
2 0.15713062584400178 0.41169891357421873 0.15449909567832948 0.15005826950073242
2 0.21190898418426513 0.4867217540740967 0.13241467475891114 0.10887012481689454
1 0.27907276153564453 0.5677419662475586 0.11078166961669922 0.10497550964355469
0 0.35531842708587646 0.6140685081481934 0.11934189796447754 0.0944483757019043
0 0.45017377138137815 0.2631248712539673 0.1830087423324585 0.08037691116333008
0 0.4623854637145996 0.6290094375610351 0.10716018676757813 0.10301189422607422
0 0.5661427497863769 0.6228772163391113 0.12045097351074219 0.10458889007568359
0 0.6255691528320313 0.2626629829406738 0.1813509941101074 0.07668266296386719
0 0.6561168670654297 0.5984414100646973 0.0970315933227539 0.09744024276733398
1 0.7312783241271973 0.5322919845581054 0.1143533706665039 0.10949392318725586
2 0.7663110733032227 0.4530757784843445 0.1278909683227539 0.12174093723297119
2 0.7978532791137696 0.35636775493621825 0.17066097259521484 0.15115036964416503
2 0.8161113739013672 0.26781291961669923 0.16259899139404296 0.08532991409301757
