2 0.1385538548231125 0.7047155380249024 0.15518141388893128 0.10174922943115235
2 0.16022853851318358 0.6299157619476319 0.17077288627624512 0.1415243148803711
2 0.1828034996986389 0.5145396232604981 0.15815675258636475 0.16265125274658204
1 0.21943849921226502 0.39979116916656493 0.10143119096755981 0.10516657829284667
0 0.29860610961914064 0.32190990447998047 0.12687149047851562 0.11225996017456055
0 0.42020726203918457 0.29234633445739744 0.1777165412902832 0.11165390014648438
0 0.589327049255371 0.29567861557006836 0.18717117309570314 0.11515178680419921
0 0.7206815242767334 0.3328275203704834 0.12518930435180664 0.11666526794433593
1 0.8010898351669311 0.4190529346466064 0.10513424873352051 0.1157423973083496
2 0.841956901550293 0.5349964618682861 0.1556375503540039 0.1582573890686035
2 0.8621289968490601 0.6478495121002197 0.17153019905090333 0.12776145935058594
2 0.8795204162597656 0.7250327110290528 0.1702442169189453 0.1079519271850586
