2 0.07542047500610352 0.2657317638397217 0.15084095001220704 0.19591054916381836
2 0.09283732175827027 0.42446179389953614 0.18556525707244872 0.19787492752075195
2 0.13878391087055206 0.5742504119873046 0.17088498473167418 0.21425447463989258
1 0.18881707191467284 0.6761045455932617 0.08086972236633301 0.07672176361083985
0 0.25875604152679443 0.7423396110534668 0.14618253707885742 0.14327449798583985
0 0.36775434017181396 0.7690577507019043 0.1432140827178955 0.14125385284423828
0 0.49042415618896484 0.7717389106750489 0.1350412368774414 0.1469442367553711
0 0.5968275547027588 0.7494676589965821 0.14563875198364257 0.1594186782836914
1 0.6748181343078613 0.6781044006347656 0.1210357666015625 0.12241191864013672
2 0.7398813724517822 0.5766773223876953 0.1551497459411621 0.15022802352905273
2 0.7884622573852539 0.4356339335441589 0.20334815979003906 0.20619680881500244
2 0.8179474830627441 0.2736618757247925 0.16897449493408204 0.19123778343200684
