2 0.14428409337997436 0.4980318069458008 0.07156448364257813 0.08177471160888672
1 0.19663931131362916 0.49110755920410154 0.0820960283279419 0.10621490478515624
2 0.20634310245513915 0.5448099136352539 0.07441234588623047 0.06334228515625
1 0.2576917171478271 0.5464580535888672 0.09956283569335937 0.07704095840454102
0 0.27915594577789304 0.4786005973815918 0.12856111526489258 0.10427398681640625
0 0.34152557849884035 0.5468845367431641 0.11375741958618164 0.0807419776916504
0 0.4135212779045105 0.4528165698051453 0.19139635562896729 0.1150625467300415
0 0.44431657791137696 0.5375107765197754 0.13104448318481446 0.10900306701660156
0 0.5533458709716796 0.5239791870117188 0.12552356719970703 0.12098731994628906
1 0.7453907012939454 0.5146856307983398 0.10832729339599609 0.08662967681884766
1 0.811002254486084 0.45735987424850466 0.11052818298339843 0.12041780948638917
2 0.8820070266723633 0.4567437171936035 0.07786693572998046 0.10386848449707031
