2 0.1642015904188156 0.37880516052246094 0.14533310532569885 0.08787527084350585
2 0.19352082014083863 0.4649512767791748 0.1459584951400757 0.11311349868774415
1 0.2413940906524658 0.5532349109649658 0.13049330711364746 0.1130803108215332
0 0.30426414012908937 0.605548620223999 0.12253365516662598 0.11144256591796875
0 0.39784979820251465 0.6447809219360352 0.11198034286499023 0.10087928771972657
0 0.501183032989502 0.6430447578430176 0.11531391143798828 0.12305669784545899
0 0.6091652870178222 0.6373194694519043 0.12213554382324218 0.10364227294921875
1 0.6877378463745117 0.5858839988708496 0.12357959747314454 0.11305122375488282
2 0.7537961006164551 0.5237353324890137 0.13118762969970704 0.11365985870361328
2 0.7879116058349609 0.42599231004714966 0.15570011138916015 0.10782582759857177
2 0.8219087600708008 0.3134790897369385 0.18756961822509766 0.13382549285888673
