2 0.1301519513130188 0.5477627754211426 0.2022005796432495 0.18050670623779297
2 0.14205005168914794 0.6458914279937744 0.19912295341491698 0.12737627029418946
2 0.14769719839096068 0.4277318000793457 0.18255445957183838 0.12079353332519531
1 0.16124322414398193 0.3270869731903076 0.14471788406372071 0.1359630584716797
0 0.23270738124847412 0.23987087607383728 0.17497920989990234 0.12271300554275513
0 0.6132261276245117 0.2322690963745117 0.2208249092102051 0.10410485267639161
0 0.7747221469879151 0.25253018736839294 0.17813653945922853 0.14349385499954223
2 0.881079125404358 0.6817999839782715 0.22365336418151854 0.12838592529296874
2 0.884611988067627 0.5881710529327393 0.20290393829345704 0.17765140533447266
2 0.863558578491211 0.4462946891784668 0.16053924560546876 0.14777011871337892
