2 0.16135725975036622 0.33412268161773684 0.17989025115966797 0.20283885002136232
2 0.156791353225708 0.22587316036224364 0.12345504760742188 0.08665003776550292
2 0.2164783000946045 0.47946834564208984 0.17928037643432618 0.117620849609375
2 0.2503434121608734 0.5775296211242675 0.1503398060798645 0.08031787872314453
1 0.24878132343292236 0.6418873310089112 0.1286940097808838 0.11014938354492188
0 0.33542277812957766 0.6812924385070801 0.13675084114074706 0.1468111038208008
0 0.4428369998931885 0.7182561874389648 0.14014062881469727 0.15870847702026367
0 0.5546541213989258 0.7192410945892334 0.1294618606567383 0.1290668487548828
0 0.6524184226989747 0.6822634696960449 0.14239997863769532 0.1258768081665039
1 0.7270067214965821 0.6256287574768067 0.12499713897705078 0.09014358520507812
2 0.7435848712921143 0.5240234375 0.15177373886108397 0.11942968368530274
2 0.7700355529785157 0.4710989952087402 0.11793060302734375 0.08867645263671875
2 0.7962934017181397 0.3386776685714722 0.14157228469848632 0.1977377414703369
