2 0.07788610458374023 0.34210982322692873 0.15577220916748047 0.20208415985107422
2 0.09935882687568665 0.48326692581176756 0.1670749306678772 0.13577404022216796
2 0.14429479837417603 0.5951292991638184 0.16352646350860595 0.15155982971191406
1 0.20555648803710938 0.6778183937072754 0.1540318489074707 0.11581401824951172
0 0.2657617568969727 0.7494325637817383 0.1457489013671875 0.08765716552734375
0 0.37047131061553956 0.7798871517181396 0.12298312187194824 0.06841249465942383
0 0.4866353988647461 0.7787674903869629 0.12524452209472656 0.07333698272705078
0 0.5871286869049073 0.7417482376098633 0.14328355789184571 0.0771627426147461
1 0.655413818359375 0.6744504451751709 0.16255741119384765 0.11232128143310546
2 0.7231761932373046 0.6283472061157227 0.11042499542236328 0.0851710319519043
2 0.7717813968658447 0.5305972099304199 0.1491316795349121 0.14686756134033202
2 0.8331921577453614 0.39180541038513184 0.17801132202148437 0.20052814483642578
