2 0.14394818544387816 0.4496922969818115 0.08006823062896729 0.08024139404296875
2 0.17648135423660277 0.4151464343070984 0.08869516849517822 0.0954479455947876
2 0.19396662712097168 0.49301996231079104 0.09335618019104004 0.10091705322265625
1 0.24669594764709474 0.44387617111206057 0.09338688850402832 0.12503280639648437
1 0.25444393157958983 0.5267497539520264 0.10256757736206054 0.10290021896362304
0 0.332714581489563 0.43566561937332154 0.1270998477935791 0.14734399318695068
0 0.3249023199081421 0.5316814422607422 0.08872313499450683 0.09796886444091797
0 0.4161355018615723 0.5305728912353516 0.1257152557373047 0.09717979431152343
0 0.45765018463134766 0.4479846000671387 0.16015224456787108 0.15720796585083008
0 0.5105704307556153 0.5392251968383789 0.10267124176025391 0.09091415405273437
0 0.5819807052612305 0.543216609954834 0.13041095733642577 0.08288917541503907
0 0.598350715637207 0.46035280227661135 0.1620626449584961 0.15025558471679687

0 0.6775647163391113 0.540074634552002 0.09143314361572266 0.0700653076171875
0 0.7165875911712647 0.4570154070854187 0.12139873504638672 0.15057241916656494
0 0.7367724418640137 0.5444043159484864 0.06874351501464844 0.07643985748291016
1 0.7955926895141602 0.5428524971008301 0.0853363037109375 0.09109916687011718
1 0.7965926647186279 0.47526702880859373 0.08223028182983398 0.0989309310913086
2 0.8399133682250977 0.5134232044219971 0.052169418334960936 0.06844749450683593
2 0.843752098083496 0.4626479148864746 0.04434623718261719 0.06453399658203125
