2 0.113585364818573 0.33577699661254884 0.14789369106292724 0.12695541381835937
2 0.12363861799240113 0.4161525249481201 0.16491377353668213 0.14020328521728515
2 0.14988361597061156 0.5475114822387696 0.14839622974395753 0.14793033599853517
1 0.19738297462463378 0.6317062854766846 0.1152111530303955 0.14522228240966797
0 0.27692399024963377 0.6701235771179199 0.10814895629882812 0.11637096405029297
0 0.35695762634277345 0.6918234825134277 0.13325996398925782 0.09522056579589844
0 0.46913924217224123 0.6835628509521484 0.12895326614379882 0.11189556121826172
0 0.5702066898345948 0.6663979530334473 0.11471948623657227 0.09009418487548829
1 0.6713744163513183 0.6169249534606933 0.13535308837890625 0.13817367553710938
2 0.7472490310668946 0.5501419544219971 0.16816368103027343 0.14393854141235352
2 0.7947384357452393 0.4425995349884033 0.18891496658325196 0.16012773513793946
2 0.8346608877182007 0.32771103382110595 0.1701744556427002 0.15696921348571777
