1 0.17605644464492798 0.38562765121459963 0.10665600299835205 0.12632017135620116
0 0.2328852415084839 0.3636793613433838 0.12680673599243164 0.13842229843139647
1 0.2480334997177124 0.500233268737793 0.11113133430480956 0.13812084197998048
0 0.3018522262573242 0.5474330902099609 0.1223759651184082 0.13645610809326172
0 0.3659741163253784 0.37789871692657473 0.18942055702209473 0.1906287670135498
0 0.40651884078979494 0.5409306526184082 0.11946611404418946 0.14617996215820311
0 0.5297858238220214 0.37846527099609373 0.1895587921142578 0.19885892868041993
0 0.509884262084961 0.5459808349609375 0.12216320037841796 0.15944957733154297
0 0.6191472053527832 0.5544746875762939 0.13766441345214844 0.1406306266784668
0 0.6777706146240234 0.34218606948852537 0.14881067276000975 0.13652992248535156
1 0.6949202537536621 0.5226448059082032 0.11532745361328126 0.14349613189697266
1 0.765684986114502 0.40226263999938966 0.1338043212890625 0.13328685760498046
2 0.8386124610900879 0.548865795135498 0.1267702102661133 0.11021862030029297
2 0.8420520782470703 0.4122240900993347 0.09903125762939453 0.10385305881500244
