2 0.1319532036781311 0.2839511811733246 0.2082355260848999 0.20515252351760865
2 0.16553604304790498 0.44827561378479003 0.1917278826236725 0.19089603424072266
2 0.21563661098480225 0.5701282501220704 0.1669630527496338 0.16263790130615235
1 0.25611751079559325 0.6681088447570801 0.14381275177001954 0.11555328369140624
0 0.2960002660751343 0.7530390739440918 0.14143824577331543 0.09631710052490235
0 0.43821215629577637 0.7747566223144531 0.15109624862670898 0.114154052734375
0 0.5681963920593261 0.7599776268005372 0.13860015869140624 0.11715774536132813
0 0.6832861423492431 0.7321534156799316 0.11797151565551758 0.07946243286132812
1 0.7854275703430176 0.6442113876342773 0.13533611297607423 0.13683929443359374
2 0.8316967964172364 0.537534523010254 0.1649463653564453 0.13162927627563475
2 0.8775444030761719 0.4067582607269287 0.17555465698242187 0.1688076972961426
2 0.894266414642334 0.25557064414024355 0.15047855377197267 0.17465535402297974
