2 0.17519461810588838 0.2892632484436035 0.19239125847816468 0.17343559265136718
2 0.1932411313056946 0.4093450665473938 0.16153972148895263 0.13271653652191162
2 0.22031767368316652 0.48680963516235354 0.1450345516204834 0.1032029151916504
1 0.2371607542037964 0.5606136322021484 0.12374186515808105 0.09911231994628907
0 0.30074729919433596 0.6122935771942138 0.09906911849975586 0.06966323852539062
0 0.40390934944152834 0.6353929519653321 0.12857046127319335 0.0821537971496582
0 0.5248735904693603 0.6397647380828857 0.13002653121948243 0.07143030166625977
0 0.6308266162872315 0.6142075538635254 0.12331733703613282 0.07131786346435547
1 0.7100406169891358 0.5617814064025879 0.10294275283813477 0.09210643768310547
2 0.7374948978424072 0.5063418388366699 0.14324865341186524 0.06886768341064453
2 0.7640429973602295 0.4351993680000305 0.18888502120971679 0.1351936101913452
2 0.8140743017196655 0.3230442047119141 0.19435009956359864 0.17136116027832032
