2 0.08868305087089538 0.44042577743530276 0.08526109457015991 0.10717210769653321
2 0.12630324363708495 0.5451866149902344 0.09165835380554199 0.12496604919433593
1 0.16227922439575196 0.4518267512321472 0.12357254028320312 0.17085916996002198
2 0.19019193649291993 0.5838515281677246 0.1165431022644043 0.12424001693725586
0 0.2817122876644135 0.44373040199279784 0.16371718645095826 0.1718618392944336
1 0.2696824550628662 0.5904483318328857 0.127360200881958 0.12608060836791993
0 0.3708416223526001 0.5968752384185791 0.1254061222076416 0.13364953994750978
0 0.43362836837768554 0.45034209489822385 0.19549922943115233 0.18795316219329833
0 0.4779341697692871 0.5888995170593262 0.1303943634033203 0.15119857788085939
0 0.5997049331665039 0.4325762867927551 0.18894462585449218 0.19523789882659912
0 0.580660057067871 0.5874862194061279 0.12811031341552734 0.15973930358886718
0 0.6921895503997803 0.5831604957580566 0.1294245719909668 0.12491359710693359
0 0.740537452697754 0.40743581056594846 0.14001007080078126 0.15049417018890382
1 0.7899240493774414 0.5635266304016113 0.11735458374023437 0.11375656127929687
2 0.8469249486923218 0.5490410804748536 0.1522270679473877 0.12371940612792968
1 0.8422211647033692 0.40943565368652346 0.11084308624267578 0.14727230072021485
2 0.921733283996582 0.5024310111999511 0.09446029663085938 0.12522602081298828
2 0.9163750648498535 0.4002205848693848 0.07839031219482422 0.09004201889038085
