1 0.14385530948638917 0.44525923728942873 0.08002748489379882 0.1154022216796875
1 0.1924051284790039 0.5408993244171143 0.11705102920532226 0.14074878692626952
0 0.21581292152404785 0.44019064903259275 0.11992254257202148 0.13523054122924805
0 0.28531546592712403 0.5436299800872803 0.10425844192504882 0.11811151504516601
0 0.34406700134277346 0.4515638828277588 0.1863788604736328 0.20565080642700195
0 0.378795862197876 0.562984848022461 0.11020221710205078 0.09560012817382812
0 0.5187827110290527 0.4543169021606445 0.2107532501220703 0.20579986572265624
0 0.48257856369018554 0.571744441986084 0.11824245452880859 0.10630435943603515
0 0.5914752006530761 0.5550609588623047 0.12509937286376954 0.13432140350341798
0 0.6748159408569336 0.4523202419281006 0.14293441772460938 0.14885053634643555
1 0.6925001621246338 0.5489975929260253 0.11749696731567383 0.1294992446899414
1 0.7763965129852295 0.4573007106781006 0.10518445968627929 0.14340133666992189
2 0.7806204319000244 0.5475369453430176 0.0972559928894043 0.09101905822753906
2 0.8509519577026368 0.4611459255218506 0.09971675872802735 0.12909603118896484
