2 0.17662012577056885 0.3634842872619629 0.1954554557800293 0.15058889389038085
2 0.20894644260406495 0.4981842517852783 0.16328935623168944 0.19481449127197265
1 0.2441255509853363 0.6166500091552735 0.13175402879714965 0.1454488754272461
0 0.3426494598388672 0.6401970863342286 0.12647647857666017 0.12933845520019532
0 0.43808029890060424 0.6543087005615235 0.11142981052398682 0.13018245697021485
0 0.5430607318878173 0.6507568359375 0.12894029617309571 0.1415313720703125
0 0.6502704620361328 0.6286712646484375 0.13421077728271485 0.1401641845703125
1 0.748444938659668 0.5895833492279052 0.14256820678710938 0.14125394821166992
2 0.8095715522766114 0.49269304275512693 0.15976409912109374 0.14786252975463868
2 0.838890814781189 0.3469592809677124 0.18908085823059081 0.17477211952209473
