2 0.08835436105728149 0.35760910511016847 0.15968353748321534 0.20658135414123535
2 0.10599765479564667 0.49023122787475587 0.1462027609348297 0.15010490417480468
2 0.14416673183441162 0.6014466285705566 0.1494129180908203 0.14029254913330078
1 0.19315105676651 0.7132938861846924 0.1591508150100708 0.15046291351318358
0 0.25798079967498777 0.7899244785308838 0.1461723804473877 0.15515756607055664
0 0.3763909339904785 0.7950849056243896 0.1355440139770508 0.13291234970092775
0 0.4979677200317383 0.7963862895965577 0.13822507858276367 0.15952157974243164
0 0.6115683078765869 0.7676162719726562 0.15491132736206054 0.13794631958007814
1 0.6866747856140136 0.732448959350586 0.173681640625 0.14821109771728516
2 0.7502015113830567 0.631963062286377 0.15926589965820312 0.16875190734863282
2 0.7913957595825195 0.5151241302490235 0.12415237426757812 0.1398252487182617
2 0.8256928443908691 0.39300537109375 0.15622329711914062 0.19672880172729493
2 0.8289154052734375 0.241005802154541 0.15525417327880858 0.1848738670349121
