2 0.06767157912254333 0.37435059547424315 0.1114660382270813 0.12650623321533203
1 0.149494007229805 0.3394977569580078 0.13569621443748475 0.18081293106079102
2 0.14918310642242433 0.6937272071838378 0.10570325851440429 0.11202716827392578
1 0.23451907634735109 0.7138304710388184 0.13017868995666504 0.13979034423828124
0 0.2624686658382416 0.325455379486084 0.13660794496536255 0.1630331039428711
0 0.34846274852752684 0.7323680877685547 0.13617053031921386 0.14145030975341796
0 0.40329627990722655 0.3288767099380493 0.18564310073852539 0.20762381553649903
0 0.45551079511642456 0.7348956108093262 0.11494219303131104 0.15469112396240234
0 0.5749764442443848 0.3317150592803955 0.17623672485351563 0.20283946990966797
0 0.5554374694824219 0.7400072097778321 0.12271919250488281 0.1616800308227539
0 0.6570492744445801 0.7405368328094483 0.12414035797119141 0.1629561424255371
0 0.7051255702972412 0.3296263933181763 0.11999263763427734 0.15685486793518066
1 0.7463288307189941 0.7182319641113282 0.12502632141113282 0.1860654830932617
1 0.7971991062164306 0.34354453086853026 0.11205358505249023 0.16224451065063478
2 0.8112933158874511 0.6943677425384521 0.12875080108642578 0.1620189666748047
2 0.8783679008483887 0.6163474082946777 0.15546798706054688 0.16174964904785155
2 0.8644601821899414 0.6359673976898194 0.12356758117675781 0.12099199295043946
2 0.8861631393432617 0.5854639053344727 0.14406204223632812 0.13652391433715821
2 0.8743877410888672 0.35068626403808595 0.08859977722167969 0.11694107055664063
