2 0.10841920375823974 0.2635955810546875 0.13698723316192626 0.10768356323242187
2 0.14216186702251435 0.379057502746582 0.1811472475528717 0.1604487419128418
2 0.17057695388793945 0.48616981506347656 0.15097198486328126 0.11925201416015625
2 0.21214619278907776 0.5808315277099609 0.13979729413986205 0.1236572265625
1 0.2791649103164673 0.6363171100616455 0.12011704444885254 0.1258035659790039
0 0.3662405014038086 0.6743430137634278 0.11065235137939453 0.10710468292236328
0 0.46018261909484864 0.6918795585632325 0.10230789184570313 0.10841093063354493
0 0.5568935394287109 0.6962067604064941 0.10696392059326172 0.11019439697265625
0 0.6515081405639649 0.6929249286651611 0.10480794906616211 0.10293207168579102
1 0.730521821975708 0.6634120941162109 0.09756240844726563 0.12109260559082032
2 0.7819943428039551 0.6093083381652832 0.14278850555419922 0.13154029846191406
2 0.8418182373046875 0.5343799591064453 0.1506427764892578 0.12458667755126954
2 0.873192310333252 0.4315017580986023 0.18136253356933593 0.14499952793121337
2 0.9108003616333008 0.308167839050293 0.16558151245117186 0.1417853355407715
