1 0.18333673477172852 0.4720125675201416 0.10381097793579101 0.10774011611938476
1 0.2525168895721436 0.5243888854980469 0.07796659469604492 0.10483341217041016
0 0.2799383163452148 0.4676168441772461 0.12043924331665039 0.0863189697265625
0 0.32956929206848146 0.5483608245849609 0.11937150955200196 0.13138599395751954
0 0.40345144271850586 0.4887789249420166 0.16442155838012695 0.11571369171142579
0 0.47430920600891113 0.5607490539550781 0.1325826644897461 0.15740394592285156
0 0.5918169975280761 0.5052693367004395 0.2112833023071289 0.13367691040039062
0 0.5971986770629882 0.5936399936676026 0.13134422302246093 0.10050554275512695
0 0.7127488136291504 0.5534182548522949 0.13407545089721679 0.13020572662353516
0 0.7372148990631103 0.47684035301208494 0.10483293533325196 0.06994352340698243
1 0.7933048248291016 0.5107865333557129 0.12201957702636719 0.11785697937011719
1 0.8671955108642578 0.4793398857116699 0.08214912414550782 0.05732517242431641
