2 0.11208327114582062 0.4584920883178711 0.08281640410423279 0.10325984954833985
2 0.12018020153045654 0.46602330207824705 0.0634535789489746 0.07894716262817383
1 0.1506363868713379 0.45893306732177735 0.0773432731628418 0.11064434051513672
2 0.17896749973297119 0.5307731628417969 0.08744678497314454 0.07636585235595703
1 0.20006442070007324 0.47301759719848635 0.06895818710327148 0.11297473907470704
1 0.2586438417434692 0.5557642936706543 0.12877211570739747 0.08197231292724609
0 0.2744621753692627 0.4643085956573486 0.13164701461791992 0.16378650665283204
0 0.3665317535400391 0.5858986854553223 0.11317071914672852 0.12751197814941406
0 0.4127992749214172 0.47365784645080566 0.18812158107757568 0.19230337142944337
0 0.4666444778442383 0.5951812744140625 0.120843505859375 0.12491512298583984
0 0.5831761837005616 0.4666043400764465 0.1942460060119629 0.20080411434173584
0 0.5686295509338379 0.5985615730285645 0.12291603088378907 0.11471767425537109
0 0.668607759475708 0.5772202491760254 0.11422996520996094 0.13269500732421874
0 0.7190030097961426 0.4562825202941895 0.12818336486816406 0.1596376419067383
1 0.7473959922790527 0.585979413986206 0.0794459342956543 0.09784326553344727
2 0.8026183128356934 0.5750245094299317 0.09901809692382812 0.0968942642211914
2 0.8252854347229004 0.5337909698486328 0.13454513549804686 0.08638248443603516
1 0.8389865636825562 0.45273289680480955 0.11153149604797363 0.12071418762207031
