2 0.15741057097911834 0.601352310180664 0.1572388231754303 0.139495849609375
2 0.1611248016357422 0.6853544235229492 0.1543248176574707 0.1108968734741211
2 0.18073174953460694 0.49878826141357424 0.14066014289855958 0.12498722076416016
1 0.218506121635437 0.40785975456237794 0.11673989295959472 0.1208683967590332
0 0.3124547004699707 0.36228055953979493 0.1104928970336914 0.13346405029296876
0 0.4225340723991394 0.3045748233795166 0.16927435398101806 0.13849077224731446
0 0.5921742439270019 0.31626009941101074 0.17459564208984374 0.13826684951782225
1 0.8116705894470215 0.4550271511077881 0.1231170654296875 0.12792158126831055
2 0.8371817588806152 0.6431639671325684 0.16098518371582032 0.10430946350097656
2 0.8381999969482422 0.5572450637817383 0.14874668121337892 0.11794319152832031
2 0.8549519538879394 0.7177295684814453 0.1534027099609375 0.12787857055664062
2 0.8556501150131226 0.7857015609741211 0.11542859077453613 0.06555233001708985
