2 0.14937602281570433 0.7417872905731201 0.20757339000701905 0.09480314254760742
2 0.1555767297744751 0.6841554641723633 0.18942604064941407 0.09946174621582031
1 0.14806095361709595 0.5400747299194336 0.14155991077423097 0.16903076171875
2 0.16753797531127929 0.632803201675415 0.16292142868041992 0.10045948028564453
0 0.278170108795166 0.497634220123291 0.13731484413146972 0.11918745040893555
0 0.3591029405593872 0.38757977485656736 0.19356980323791503 0.19300785064697265
0 0.5625730037689209 0.3733718156814575 0.20709514617919922 0.17186284065246582
0 0.7404435157775879 0.39040002822875974 0.16040458679199218 0.15865201950073243
1 0.8295195579528809 0.4801297187805176 0.1395660400390625 0.15345430374145508
2 0.8563038825988769 0.5565535545349121 0.17460098266601562 0.13869552612304686
2 0.8719883918762207 0.6880867004394531 0.1862081527709961 0.10093307495117188
2 0.8786715507507324 0.6248661994934082 0.19351806640625 0.10974273681640626
