2 0.16824111640453338 0.6534501552581787 0.1721405565738678 0.10530805587768555
2 0.19320610761642457 0.5062425613403321 0.16402943134307862 0.11156349182128907
2 0.19933154582977294 0.5925091743469239 0.17198700904846193 0.09876785278320313
1 0.23379018306732177 0.43478630781173705 0.11001057624816894 0.09476511478424073
0 0.30640602111816406 0.3764387845993042 0.13436441421508788 0.1083096981048584
0 0.44263262748718263 0.3464505672454834 0.18223075866699218 0.11599044799804688
0 0.614539909362793 0.3706217288970947 0.18073749542236328 0.13068933486938478
0 0.7357115745544434 0.44384355545043946 0.13613948822021485 0.12371063232421875
1 0.7895928382873535 0.5100277900695801 0.15026359558105468 0.11961851119995118
2 0.8163966178894043 0.664177942276001 0.17609424591064454 0.10894184112548828
2 0.8383994102478027 0.730297040939331 0.17336044311523438 0.09893503189086914
2 0.8358131408691406 0.5766883850097656 0.14581737518310547 0.09844589233398438
