2 0.10353369414806365 0.28577880859375 0.19464979767799379 0.1792436122894287
2 0.14419660568237305 0.43693426847457884 0.20097794532775878 0.19353048801422118
2 0.20098819136619567 0.5539790153503418 0.17609406709671022 0.16388626098632814
1 0.23315748572349548 0.6762382507324218 0.16302472352981567 0.15870208740234376
0 0.3413440942764282 0.7502711772918701 0.17411341667175292 0.1556769371032715
0 0.47779455184936526 0.7569752693176269 0.15720958709716798 0.17842521667480468
0 0.6149991989135742 0.7487427234649658 0.14975261688232422 0.16347532272338866
0 0.7546538829803466 0.707960844039917 0.1606684684753418 0.12734651565551758
1 0.819919228553772 0.5996899604797363 0.15152430534362793 0.14722232818603515
2 0.8395556449890137 0.489350700378418 0.17330436706542968 0.14138755798339844
2 0.861238956451416 0.21482347846031188 0.21171398162841798 0.17896710634231566
2 0.863823127746582 0.36582987308502196 0.1986459732055664 0.17594141960144044
