2 0.1804549813270569 0.44638447761535643 0.16555273532867432 0.1546255111694336
1 0.1857923150062561 0.5533875465393067 0.12587459087371827 0.13440933227539062
0 0.23632218837738037 0.6240607261657715 0.13106493949890136 0.1371143341064453
1 0.2948960781097412 0.5481170177459717 0.12494888305664062 0.10871562957763672
0 0.319843053817749 0.6566628456115723 0.15766286849975586 0.13374576568603516
0 0.4230204582214355 0.6879972457885742 0.14892120361328126 0.12651185989379882
0 0.5441425800323486 0.6067873954772949 0.15415334701538086 0.11009368896484376
0 0.5446884155273437 0.6978367328643799 0.14194889068603517 0.13272829055786134
1 0.6531364440917968 0.6411844253540039 0.15599327087402343 0.16515789031982422
2 0.7477956295013428 0.5356668949127197 0.1903407096862793 0.19897518157958985
2 0.8078688621520996 0.4005709171295166 0.18560848236083985 0.18593959808349608
