2 0.12907817363739013 0.3194741249084473 0.2032569408416748 0.20356616973876954
2 0.1521321266889572 0.4584357738494873 0.17527661919593812 0.13010005950927733
2 0.18938883543014526 0.5727061748504638 0.19346253871917723 0.16935405731201172
1 0.22355241179466248 0.6860325813293457 0.12658454179763795 0.10103511810302734
0 0.31986887454986573 0.7247141838073731 0.13022150993347167 0.08076019287109375
0 0.414381742477417 0.7499160766601562 0.14495458602905273 0.107989501953125
0 0.5378896713256835 0.7437516689300537 0.14119882583618165 0.10573663711547851
0 0.6550123691558838 0.7147680282592773 0.15084428787231446 0.09793128967285156
1 0.7693175315856934 0.6733345985412598 0.12301883697509766 0.0983489990234375
2 0.8205801963806152 0.5833520412445068 0.2073810577392578 0.16544370651245116
2 0.8868955612182617 0.47199889421463015 0.1559814453125 0.15102097988128663
2 0.8947505950927734 0.3376981258392334 0.1609172821044922 0.1737820625305176
