1 0.17240970134735106 0.5002580642700195 0.14233651161193847 0.1384885787963867
1 0.2496342122554779 0.554917287826538 0.12575188875198365 0.15570459365844727
0 0.27967047691345215 0.48559131622314455 0.09781198501586914 0.10369377136230469
0 0.3370863437652588 0.5872884750366211 0.09432611465454102 0.12736740112304687
0 0.4135444760322571 0.48095479011535647 0.2185727834701538 0.21647462844848633
0 0.40684443712234497 0.604061222076416 0.06451528072357178 0.08140754699707031
0 0.4899096965789795 0.5849370956420898 0.1289961814880371 0.15376033782958984
0 0.6198670387268066 0.484043550491333 0.21428756713867186 0.20783538818359376
0 0.6047419548034668 0.6031264305114746 0.1448080062866211 0.10143527984619141
0 0.7241663932800293 0.5729162216186523 0.13192520141601563 0.14728546142578125
0 0.7823751926422119 0.46073060035705565 0.14628896713256836 0.16777029037475585
1 0.8753029823303222 0.4631495475769043 0.08525161743164063 0.11226806640625
