2 0.1293031692504883 0.41101436614990233 0.12173638343811036 0.1316457748413086
2 0.1319211959838867 0.30927205085754395 0.12577638626098633 0.11085987091064453
1 0.16560578346252441 0.5169569969177246 0.11916837692260743 0.11797065734863281
0 0.22926204204559325 0.599252986907959 0.12542648315429689 0.09649629592895508
0 0.32616119384765624 0.6188469886779785 0.13696775436401368 0.11626873016357422
0 0.45201414823532104 0.6270845413208008 0.14122164249420166 0.13911018371582032
0 0.5254695057868958 0.2711330413818359 0.28315160274505613 0.06686363220214844
0 0.5770168304443359 0.2722317218780518 0.1851517677307129 0.06959686279296876
0 0.5724884033203125 0.6436961650848388 0.14823646545410157 0.13086156845092772
1 0.66024751663208 0.604560375213623 0.15028228759765624 0.14006595611572265
2 0.7688816547393799 0.5171187400817872 0.19635915756225586 0.18301658630371093
2 0.8648344993591308 0.3814403772354126 0.22469348907470704 0.17873549461364746
2 0.8971792221069336 0.2764007568359375 0.179400634765625 0.07494401931762695
