1 0.19978485107421876 0.4969479084014893 0.11202440261840821 0.15018587112426757
2 0.2038577079772949 0.6028818607330322 0.07650609016418457 0.11636533737182617
0 0.2785215377807617 0.44978947639465333 0.13697805404663085 0.18137836456298828
1 0.25844502449035645 0.5899248123168945 0.08947372436523438 0.13573436737060546
0 0.3307670593261719 0.5800524711608886 0.11055078506469726 0.15401554107666016
0 0.40936079025268557 0.41969958543777464 0.21197471618652344 0.2038419485092163
0 0.41912245750427246 0.570189380645752 0.12076997756958008 0.1580821990966797
0 0.5187839984893798 0.5683676719665527 0.13345937728881835 0.17649097442626954
0 0.5777292251586914 0.4110408902168274 0.197198486328125 0.207413649559021
0 0.6316932678222656 0.5662370681762695 0.140273380279541 0.16348180770874024
0 0.7186004161834717 0.41788768768310547 0.15731315612792968 0.1970745086669922
1 0.7286105632781983 0.5804623603820801 0.10175867080688476 0.1470264434814453
2 0.7979738235473632 0.5939233303070068 0.10054817199707031 0.1271031379699707
2 0.8260096549987793 0.59058518409729 0.14781246185302735 0.13638248443603515
1 0.8099275588989258 0.46320171356201173 0.11187877655029296 0.14913883209228515
2 0.8708853721618652 0.4770139217376709 0.10539360046386718 0.12715473175048828
