2 0.1430346965789795 0.7749034881591796 0.20395383834838868 0.11456928253173829
2 0.1406495302915573 0.818757438659668 0.19762759804725646 0.07657489776611329
2 0.17211651802062988 0.5720608234405518 0.1714773178100586 0.12472848892211914
1 0.18107302188873292 0.44071351289749144 0.14117999076843263 0.14632127285003663
0 0.2562002122402191 0.34522333145141604 0.12890511751174927 0.14911947250366211
0 0.3894660949707031 0.30197763442993164 0.14716882705688478 0.14336471557617186
0 0.5420307159423828 0.29927740097045896 0.15959606170654297 0.13532533645629882
0 0.6878550052642822 0.3281313180923462 0.13328790664672852 0.13950767517089843
1 0.8039837837219238 0.4415106654167175 0.1312265396118164 0.13740141391754152
2 0.8502273559570312 0.5593018531799316 0.14748115539550782 0.11825942993164062
2 0.8847007751464844 0.6722389698028565 0.15190811157226564 0.1362863540649414
2 0.8900707244873047 0.6990465641021728 0.14396705627441406 0.08365821838378906
2 0.9098155975341797 0.7910516738891602 0.12655029296875 0.13215045928955077
