2 0.1666538029909134 0.6843136310577392 0.18345279097557068 0.11227912902832031
2 0.16749385595321656 0.6219687461853027 0.16917612552642822 0.09943218231201172
2 0.17975128889083863 0.5415410041809082 0.1904207468032837 0.12625904083251954
1 0.19403362274169922 0.43799471855163574 0.16772165298461914 0.12951059341430665
0 0.26163920760154724 0.3498515605926514 0.13356972932815553 0.14586687088012695
0 0.4095448970794678 0.28955347537994386 0.19378070831298827 0.1601783275604248
0 0.5992488861083984 0.2851454734802246 0.20046720504760743 0.1305919647216797
0 0.7461686134338379 0.34322590827941896 0.13981132507324218 0.14510393142700195
2 0.8218856811523437 0.5341026782989502 0.17209262847900392 0.12050189971923828
1 0.8077119827270508 0.43793253898620604 0.13552932739257811 0.1116952896118164
2 0.8285245895385742 0.6146607875823975 0.16466217041015624 0.09468698501586914
2 0.8368444204330444 0.6767548084259033 0.17586064338684082 0.11206903457641601
