2 0.17948273420333863 0.43588643074035643 0.08017656803131104 0.08989839553833008
1 0.21468517780303956 0.41628255844116213 0.09563779830932617 0.09898080825805664
2 0.2348172128200531 0.5309175491333008 0.12032138109207154 0.10572223663330078
1 0.2733049154281616 0.5593064308166504 0.09853968620300294 0.10195388793945312
0 0.28772907257080077 0.41641548871994016 0.09244866371154785 0.13579447269439698
0 0.3423758029937744 0.5311500549316406 0.08944635391235352 0.12158088684082032
0 0.39559762477874755 0.4189123272895813 0.16899771690368653 0.15413529872894288
0 0.4232839584350586 0.5396200656890869 0.12024888992309571 0.14501914978027344
0 0.5456437110900879 0.4227686882019043 0.18054790496826173 0.15614137649536133
0 0.5224974632263184 0.5465551853179932 0.12540178298950194 0.1590829849243164
0 0.6191027164459229 0.5429194450378418 0.1247030258178711 0.1632303237915039
0 0.674836254119873 0.42423163652420043 0.11747322082519532 0.1322093725204468
1 0.7068963050842285 0.5698431968688965 0.1042257308959961 0.10026340484619141
1 0.7601794719696044 0.44778666496276853 0.07977838516235351 0.07978363037109375
2 0.7818214893341064 0.5714445590972901 0.11575117111206054 0.11698894500732422
2 0.826743221282959 0.4524554252624512 0.09593009948730469 0.1059189796447754
