2 0.15328949689865112 0.5127794742584229 0.10973465442657471 0.1003809928894043
2 0.21675029397010803 0.5173940181732177 0.09685019254684449 0.11026554107666016
1 0.27976622581481936 0.523261833190918 0.11849470138549804 0.12141151428222656
0 0.35799593925476075 0.522881269454956 0.08493070602416992 0.1156682014465332
0 0.4470012545585632 0.42210021018981936 0.1972273111343384 0.1402372360229492
0 0.445604944229126 0.5316850662231445 0.12746763229370117 0.11910572052001953
0 0.5445731163024903 0.5163323402404785 0.11412582397460938 0.13869457244873046
0 0.6481058120727539 0.4188094615936279 0.19721851348876954 0.14206085205078126
0 0.6440496444702148 0.5326794624328614 0.11934432983398438 0.09516716003417969
1 0.7194375038146973 0.503182315826416 0.11372709274291992 0.13358211517333984
2 0.8088285207748414 0.48126788139343263 0.14732518196105956 0.10312871932983399
2 0.7793800354003906 0.4969185829162598 0.08730144500732422 0.11594600677490234

1 0.8142354965209961 0.4052320599555969 0.12411613464355468 0.09560391902923585
