2 0.14943310916423796 0.7065367698669434 0.15313473343849182 0.13176345825195312
2 0.16596125364303588 0.6008041381835938 0.14941394329071045 0.13864927291870116
2 0.20150563716888428 0.5005181312561036 0.12993927001953126 0.10486602783203125
1 0.2409942626953125 0.40956791639328005 0.10482702255249024 0.09258425235748291
0 0.3240500450134277 0.34046149253845215 0.10643749237060547 0.09995026588439941
0 0.45246191024780275 0.3098119020462036 0.17914905548095703 0.11062474250793457
0 0.6174782752990723 0.32619237899780273 0.17344131469726562 0.12766809463500978
0 0.7396737098693847 0.370479679107666 0.12183971405029297 0.11464319229125977
2 0.8467018127441406 0.7352161407470703 0.1782135009765625 0.09487113952636719
2 0.8422680139541626 0.6535470485687256 0.16929049491882325 0.1391674041748047
2 0.8365976333618164 0.5523305416107178 0.1452655792236328 0.10090770721435546
1 0.8258148431777954 0.4566524028778076 0.0944556713104248 0.10735893249511719
