2 0.14474172294139862 0.6994677543640136 0.1958717405796051 0.12361507415771485
2 0.14552303552627563 0.7484938621520996 0.18288028240203857 0.07200002670288086
2 0.10753238499164582 0.5742666244506835 0.07994951605796814 0.0694122314453125
2 0.1322360783815384 0.6269255638122558 0.12347325682640076 0.10224800109863282
1 0.16259065866470337 0.4949462890625 0.1240387201309204 0.16877613067626954
0 0.24010875225067138 0.40812363624572756 0.1058894157409668 0.11033134460449219
0 0.3483867645263672 0.35330705642700194 0.13814315795898438 0.12809314727783203
0 0.485993480682373 0.3385017395019531 0.15289649963378907 0.11844968795776367
0 0.6139915466308594 0.3655211925506592 0.12985992431640625 0.11758575439453126
1 0.732188367843628 0.427414333820343 0.12891569137573242 0.1570993185043335
2 0.8195106267929078 0.5345348358154297 0.17773213386535644 0.15356025695800782
2 0.8378155708312989 0.4991943836212158 0.15190563201904297 0.19626359939575194
2 0.8826915740966796 0.6259105205535889 0.21106739044189454 0.17311372756958007
