1 0.19226640462875366 0.475673246383667 0.12862761020660402 0.12847356796264647
2 0.22616732120513916 0.5837701797485352 0.09938344955444336 0.11229438781738281
1 0.30472168922424314 0.5961318969726562 0.10311279296875 0.09055967330932617
0 0.31766519546508787 0.4728212833404541 0.11854057312011719 0.12538270950317382
0 0.3995309829711914 0.5832223892211914 0.11789274215698242 0.09862937927246093
0 0.4503935813903809 0.4792186737060547 0.17943897247314453 0.16166553497314454
0 0.4988067150115967 0.5793121337890625 0.122283935546875 0.11389150619506835
0 0.6122346878051758 0.4588300704956055 0.1704120635986328 0.1744354248046875
0 0.6011166095733642 0.5755958557128906 0.11860265731811523 0.09832172393798828
0 0.6992870807647705 0.5701305389404296 0.09952421188354492 0.07305564880371093
1 0.7909654140472412 0.43520441055297854 0.13701486587524414 0.14399518966674804
1 0.774411964416504 0.553120231628418 0.08550529479980469 0.08590831756591796
2 0.8369358301162719 0.5395871639251709 0.09471850395202637 0.07698440551757812
2 0.8753515243530273 0.5097006797790528 0.08871574401855468 0.08025283813476562
2 0.8757784843444825 0.43037909269332886 0.08685569763183594 0.09932615756988525
