0 0.1463874340057373 0.4194490432739258 0.15859251022338866 0.15572843551635743
1 0.13421279191970825 0.5743630409240723 0.10791676044464112 0.16105804443359376
0 0.2598345994949341 0.3715646266937256 0.21317501068115235 0.1681842803955078
0 0.2088827073574066 0.595928955078125 0.10816298723220825 0.18867568969726561
0 0.304665732383728 0.5926515579223632 0.1386995792388916 0.20256595611572265
0 0.44992321729660034 0.36897730827331543 0.22566397190093995 0.18300104141235352
0 0.43387393951416015 0.5820698738098145 0.1559575080871582 0.2006439208984375
0 0.5676122665405273 0.5794047355651856 0.15958690643310547 0.1883763313293457
0 0.6102761268615723 0.42587742805480955 0.1698817253112793 0.160971736907959
1 0.6821837425231934 0.5712014198303222 0.13389320373535157 0.15008106231689453
1 0.7383424758911132 0.4593362808227539 0.14814891815185546 0.15510225296020508
2 0.7787561416625977 0.5808319091796875 0.10621891021728516 0.11540985107421875
