2 0.11416990458965301 0.4151644706726074 0.19469552636146545 0.14232492446899414
2 0.11671185493469238 0.5047749996185302 0.16079771518707275 0.1082758903503418
2 0.12517353296279907 0.31278300285339355 0.17594316005706787 0.13300657272338867
2 0.13758313655853271 0.5896369934082031 0.17188053131103515 0.1063237190246582
1 0.15288718938827514 0.6763039112091065 0.12275002002716065 0.1178360939025879
0 0.2476593255996704 0.6792911529541016 0.1372997283935547 0.12388896942138672
0 0.32971835136413574 0.7226326942443848 0.15468864440917968 0.1262887954711914
0 0.43450136184692384 0.7496910095214844 0.1635281562805176 0.13749160766601562
0 0.5578155517578125 0.7168044090270996 0.17810239791870117 0.1468290328979492
1 0.7076412200927734 0.6689772605895996 0.1566783905029297 0.14688072204589844
2 0.7813527107238769 0.5938102722167968 0.16718177795410155 0.13719100952148439
2 0.8330326080322266 0.502713394165039 0.16600265502929687 0.1196065902709961
2 0.9069759368896484 0.34729876518249514 0.16981887817382812 0.17462749481201173
