2 0.15005662441253662 0.30890004634857177 0.19593386650085448 0.1971884250640869
2 0.1610089659690857 0.4415608882904053 0.15127098560333252 0.13041105270385742
1 0.19309091567993164 0.5573479652404785 0.12451181411743165 0.14099445343017578
0 0.2616907596588135 0.6232295989990234 0.10469112396240235 0.12747421264648437
0 0.3521367073059082 0.6551244735717774 0.11856327056884766 0.1240311622619629
0 0.45525015592575074 0.6608488082885742 0.113387131690979 0.1344602584838867
0 0.5614630699157714 0.6553586006164551 0.11228904724121094 0.12668876647949218
1 0.6696847438812256 0.6185670852661133 0.14488162994384765 0.15727653503417968
2 0.7635879039764404 0.555351448059082 0.1640627861022949 0.15154390335083007
2 0.7663515090942383 0.49455933570861815 0.16672172546386718 0.11758804321289062
2 0.824105167388916 0.3748183727264404 0.17335586547851561 0.18904638290405273
