2 0.12997440099716187 0.6802151679992676 0.19707176685333253 0.11551084518432617
2 0.11521086394786835 0.7281968116760253 0.16028791069984435 0.048535919189453124
2 0.13534267246723175 0.6022275924682617 0.16849960684776305 0.0934408187866211
2 0.14932639598846437 0.49599380493164064 0.191384220123291 0.14001312255859374
1 0.18960453271865846 0.3989511489868164 0.1278001070022583 0.08549823760986328
0 0.24405205249786377 0.32964344024658204 0.14225416183471679 0.11303730010986328
0 0.3884033918380737 0.3102182149887085 0.16629576683044434 0.14464335441589354
0 0.5561839580535889 0.31299004554748533 0.1845414161682129 0.1422220230102539
0 0.7102859497070313 0.3369243621826172 0.15313282012939453 0.12519588470458984
1 0.8081334114074707 0.41945600509643555 0.11470966339111328 0.10850419998168945
2 0.847070288658142 0.5318638801574707 0.15107502937316894 0.11048450469970703
2 0.8900107383728028 0.6231446266174316 0.15247707366943358 0.09184322357177735
2 0.9138275146484375 0.7177293777465821 0.13449554443359374 0.12337169647216797
