2 0.10487873554229736 0.6600356101989746 0.20975747108459472 0.13753814697265626
2 0.09798924326896667 0.7257208824157715 0.18684245347976686 0.0662689208984375
2 0.10562852621078492 0.5409648418426514 0.18846137523651124 0.18553085327148439
1 0.14751942455768585 0.40730124711990356 0.14424652457237244 0.14107873439788818
0 0.21718523502349854 0.3164842128753662 0.128355073928833 0.13090381622314454
0 0.3380169153213501 0.2765958845615387 0.16204218864440917 0.15624712705612182
0 0.489289665222168 0.2648271083831787 0.1667083740234375 0.15847673416137695
0 0.6385165214538574 0.2869442939758301 0.15076866149902343 0.15851316452026368
1 0.7558484077453613 0.372330379486084 0.1567544937133789 0.1715839385986328
2 0.829448127746582 0.5136886596679687 0.19637565612792968 0.20341644287109376
2 0.879099678993225 0.6280062675476075 0.20972590446472167 0.15814151763916015
2 0.8935985565185547 0.7083503723144531 0.17206954956054688 0.07397375106811524
