2 0.20111565589904784 0.3704843997955322 0.21516246795654298 0.16339054107666015
2 0.20917680263519287 0.48537311553955076 0.189606237411499 0.1508878707885742
2 0.220367169380188 0.5919765949249267 0.16065268516540526 0.14531126022338867
1 0.2589430809020996 0.6840132713317871 0.10181970596313476 0.08493623733520508
0 0.37968034744262696 0.7052516937255859 0.18148984909057617 0.12840232849121094
0 0.44418959617614745 0.7375846862792969 0.12548608779907228 0.1215250015258789
0 0.554947805404663 0.7427761077880859 0.12665205001831054 0.1234884262084961
0 0.6523418426513672 0.7205270290374756 0.13597917556762695 0.13033704757690429
1 0.7374536991119385 0.7057029724121093 0.1260226249694824 0.11988840103149415
2 0.8140700340270997 0.49972734451293943 0.18414478302001952 0.15627460479736327
2 0.8018063545227051 0.619046401977539 0.15076560974121095 0.12379837036132812
2 0.8319816589355469 0.3886553287506104 0.18045978546142577 0.1584075927734375
