2 0.16354276835918427 0.5663864135742187 0.19281449913978577 0.10740737915039063

2 0.17076029479503632 0.6312171936035156 0.18590927720069886 0.10167961120605469
2 0.18711261749267577 0.4921882152557373 0.1741281509399414 0.12423105239868164
1 0.18741612434387206 0.4147611141204834 0.13447341918945313 0.13936843872070312
0 0.4129012584686279 0.3869174957275391 0.21877918243408204 0.18636350631713866
0 0.6531167507171631 0.45158175230026243 0.2256246566772461 0.15343954563140869
1 0.8683231353759766 0.6032145500183106 0.131884765625 0.14267845153808595
2 0.8949694633483887 0.6765592575073243 0.16606369018554687 0.1099848747253418
2 0.9075010299682618 0.7510859489440918 0.16422576904296876 0.08388824462890625
