2 0.1480154275894165 0.43869667053222655 0.16138744354248047 0.10632457733154296
2 0.17123206853866577 0.508870792388916 0.12312104701995849 0.0996969223022461
2 0.22465007305145263 0.5952995777130127 0.1321742057800293 0.10752182006835938
1 0.2759592056274414 0.6611346244812012 0.08061513900756836 0.06763324737548829
0 0.36995501518249513 0.688145637512207 0.13151988983154297 0.11648674011230468
0 0.4885906219482422 0.6944122314453125 0.13193187713623047 0.1297222137451172
0 0.6072330474853516 0.6870168685913086 0.12910118103027343 0.1049372673034668
0 0.6927603721618653 0.669870662689209 0.06978731155395508 0.06806907653808594
2 0.7943013191223145 0.5422950744628906 0.0950155258178711 0.0826019287109375
2 0.8249822378158569 0.47361230850219727 0.11901974678039551 0.09360074996948242
2 0.8446163177490235 0.3867565393447876 0.13802566528320312 0.11580567359924317
