2 0.11489708125591278 0.31645870208740234 0.18119545578956603 0.16384782791137695
2 0.12590073347091674 0.4417115211486816 0.18249595165252686 0.14732160568237304
2 0.16476333141326904 0.5647707939147949 0.16460928916931153 0.17931766510009767
1 0.1989336371421814 0.6566548347473145 0.13116271495819093 0.14379482269287108
0 0.31209378242492675 0.6556588172912597 0.14518346786499023 0.12956008911132813
0 0.38341503143310546 0.6997063636779786 0.13937206268310548 0.13112831115722656
0 0.5026918888092041 0.6834561347961425 0.15672674179077148 0.1627805709838867
0 0.6278793811798096 0.6944435119628907 0.14506120681762696 0.11005058288574218
1 0.7141753196716308 0.6281750202178955 0.1501026153564453 0.14720430374145507
2 0.7596070289611816 0.5529910087585449 0.15956363677978516 0.155352783203125
2 0.813937759399414 0.45438575744628906 0.2012697219848633 0.18078079223632812
2 0.8560256004333496 0.3301197290420532 0.19224414825439454 0.1755375385284424
