2 0.1680543303489685 0.4865145683288574 0.07434613704681396 0.08613204956054688
1 0.2532696485519409 0.5020580291748047 0.13131957054138182 0.12423477172851563
2 0.23803865909576416 0.5695446014404297 0.07905383110046386 0.07017707824707031
1 0.30554685592651365 0.5580447673797607 0.10505809783935546 0.148828125
0 0.40602927207946776 0.4803812026977539 0.1915660858154297 0.15317420959472655
0 0.3794837474822998 0.5899627685546875 0.10878372192382812 0.1288156509399414
0 0.474566650390625 0.5918156147003174 0.12813386917114258 0.1570590019226074
0 0.5810055255889892 0.493439245223999 0.19454832077026368 0.15089712142944336
0 0.5529294967651367 0.5795555114746094 0.13502101898193358 0.15671119689941407
0 0.6648540496826172 0.5815923690795899 0.12267780303955078 0.1307462692260742
0 0.7080056190490722 0.490933895111084 0.10561246871948242 0.12484874725341796
1 0.7449273586273193 0.5702214241027832 0.09080381393432617 0.10436897277832032
1 0.7863250732421875 0.49784135818481445 0.09730587005615235 0.11582040786743164
2 0.806190013885498 0.5467716693878174 0.08312721252441406 0.0802046775817871
2 0.858819580078125 0.5165730476379394 0.09464855194091797 0.08640785217285156
2 0.8683259963989258 0.47156314849853515 0.09340171813964844 0.08019657135009765
