2 0.10255849361419678 0.35244977474212646 0.20394396781921387 0.15632424354553223
2 0.0898905873298645 0.23144173622131348 0.17829134464263915 0.15031089782714843
2 0.1145967960357666 0.5740005493164062 0.20451183319091798 0.1629640579223633
2 0.1104458063840866 0.4587247848510742 0.1952756941318512 0.1194502830505371
1 0.13790193796157837 0.66816086769104 0.153845477104187 0.16171789169311523
0 0.20580737590789794 0.7341336727142334 0.1311943531036377 0.13029870986938477
0 0.31252660751342776 0.7693510055541992 0.15099859237670898 0.14830608367919923
0 0.45233969688415526 0.7699188232421875 0.15481224060058593 0.17335071563720703
0 0.5746006965637207 0.7467109680175781 0.16076908111572266 0.1685182571411133
1 0.6821288108825684 0.6830500602722168 0.1499837875366211 0.15033626556396484
2 0.7262328147888184 0.5697257041931152 0.18293285369873047 0.13911361694335939
2 0.7471606731414795 0.4546676158905029 0.19169988632202148 0.15070056915283203
2 0.769314193725586 0.3375664472579956 0.2090066909790039 0.1721121311187744
