2 0.08273823112249375 0.5057902336120605 0.07773366272449493 0.08878231048583984
1 0.14988716840744018 0.5019979476928711 0.13264667987823486 0.14913063049316405
1 0.2042081594467163 0.5828520774841308 0.1427018642425537 0.13488216400146485
0 0.27305746674537656 0.4894242763519287 0.1739395022392273 0.13284482955932617
0 0.34967238903045655 0.5955735683441162 0.1638558864593506 0.17086915969848632
0 0.41820565462112425 0.46245570182800294 0.1991178274154663 0.17635393142700195
0 0.4715902805328369 0.5903815269470215 0.14682235717773437 0.17328109741210937
0 0.5349696636199951 0.5231287002563476 0.2551739692687988 0.1668689727783203
0 0.5852662086486816 0.6099620819091797 0.11054515838623047 0.09594917297363281
0 0.675682258605957 0.576317310333252 0.12063121795654297 0.16031866073608397
1 0.7367077350616456 0.5193174839019775 0.15746278762817384 0.15171413421630858
1 0.772243595123291 0.6098973274230957 0.10890007019042969 0.0897226333618164
2 0.8095052719116211 0.5344879627227783 0.08494720458984376 0.11406631469726562
2 0.8412967681884765 0.5942551612854003 0.10027904510498047 0.0960805892944336
2 0.8615740776062012 0.525640869140625 0.09227237701416016 0.09249839782714844
