2 0.09598259925842285 0.5625462532043457 0.1916043519973755 0.11817741394042969
2 0.10932705402374268 0.6425378799438477 0.21663908958435057 0.11957721710205078
2 0.09388675689697265 0.6983906269073487 0.1784513473510742 0.06790857315063477
2 0.11914343535900115 0.4956556797027588 0.19644508957862855 0.13160696029663085
1 0.15634185075759888 0.3994438886642456 0.1790062665939331 0.11854243278503418
0 0.2838308572769165 0.328122878074646 0.14447898864746095 0.11448197364807129
0 0.42249048948287965 0.2742410182952881 0.210817551612854 0.07032985687255859
0 0.5779911518096924 0.37583212852478026 0.21970548629760742 0.1872248649597168
0 0.7320846557617188 0.46508278846740725 0.14388713836669922 0.14432945251464843
1 0.8157218933105469 0.5919448852539062 0.13664741516113282 0.13354883193969727
2 0.8574526071548462 0.7024749279022217 0.1557563304901123 0.12203264236450195
