2 0.15731526613235475 0.5079716205596924 0.07734529972076416 0.12179241180419922

1 0.18286449909210206 0.4289680480957031 0.0839569091796875 0.10176687240600586
1 0.21900629997253418 0.5203589916229248 0.1157693862915039 0.15118722915649413
0 0.25474209785461427 0.431901752948761 0.10462589263916015 0.11263082027435303
0 0.2982224225997925 0.5370796680450439 0.10816454887390137 0.13077192306518554
0 0.36335339546203616 0.44646998643875124 0.1467352867126465 0.13242719173431397
0 0.39040794372558596 0.5461290359497071 0.11370687484741211 0.12353572845458985
0 0.49576711654663086 0.4459530830383301 0.15684909820556642 0.1402069091796875
0 0.4902918815612793 0.549682331085205 0.12220497131347656 0.12451362609863281
0 0.6009618282318115 0.5458209037780761 0.12817974090576173 0.12554645538330078
0 0.62891845703125 0.42860745191574096 0.14175682067871093 0.12193911075592041
1 0.7148915290832519 0.5344802856445312 0.12659044265747071 0.1461191177368164
1 0.7509407997131348 0.4345096588134766 0.13262500762939453 0.11351327896118164
2 0.8073652029037476 0.522388219833374 0.12220540046691894 0.13318910598754882
2 0.8377155065536499 0.4232330799102783 0.10226445198059082 0.08083839416503906
2 0.8631584405899048 0.47257556915283205 0.1305469036102295 0.09701271057128906
