2 0.12713223695755005 0.6373363494873047 0.18266694545745848 0.12479171752929688
2 0.15826847553253173 0.5587782859802246 0.15656142234802245 0.15105915069580078
1 0.18378342390060426 0.4658007502555847 0.11924540996551514 0.13273375034332274
0 0.24580177664756775 0.41130824089050294 0.094752037525177 0.10667858123779297
0 0.36366686820983884 0.3650366306304932 0.16893978118896485 0.13675985336303711
0 0.5366926193237305 0.3601877212524414 0.16535911560058594 0.09383811950683593
0 0.6543515682220459 0.42089654207229615 0.10764064788818359 0.10994412899017333
1 0.736491584777832 0.4771921157836914 0.1313098907470703 0.1487794876098633
2 0.7840231895446778 0.5651256561279296 0.15957603454589844 0.15854530334472655
2 0.8298516273498535 0.6505262374877929 0.18958168029785155 0.14260101318359375

