2 0.18527719974517823 0.5019303321838379 0.09219594001770019 0.0891103744506836
1 0.19089531898498535 0.43401217460632324 0.06990776062011719 0.09706659317016601
2 0.2292480945587158 0.5258756637573242 0.10383939743041992 0.10232114791870117
0 0.2449421167373657 0.43094671964645387 0.09162707328796386 0.10584414005279541
0 0.3334803581237793 0.42052125930786133 0.1339700698852539 0.13257989883422852
0 0.34642021656036376 0.5233819007873535 0.13111939430236816 0.12437400817871094
0 0.4426536440849304 0.5517949104309082 0.13576738834381102 0.154656982421875
0 0.46817779541015625 0.4299567222595215 0.18424549102783203 0.15241069793701173
0 0.5481743812561035 0.5574676513671875 0.1315309524536133 0.15314188003540039
0 0.6258272171020508 0.4421535015106201 0.18449201583862304 0.1500995635986328
0 0.656370735168457 0.5527576446533203 0.132281494140625 0.13352470397949218
1 0.7390617370605469 0.552233076095581 0.0813558578491211 0.11960477828979492
1 0.7760356903076172 0.44548808336257933 0.12385234832763672 0.10767362117767335
2 0.7870006561279297 0.5522861480712891 0.061762237548828126 0.08592596054077148
2 0.8583112716674804 0.42342486381530764 0.08188209533691407 0.07855596542358398
