2 0.10236450433731079 0.6374780654907226 0.20472900867462157 0.21238136291503906
2 0.09374678134918213 0.7166343688964844 0.18749356269836426 0.07542991638183594
2 0.09752784967422486 0.7773524284362793 0.1902374505996704 0.11221275329589844
2 0.11999843120574952 0.49471163749694824 0.2319639205932617 0.20661916732788085
2 0.09999608993530273 0.8195967674255371 0.17028090953826905 0.06291713714599609
1 0.12837002277374268 0.36889636516571045 0.17584490776062012 0.187837553024292
0 0.28385323882102964 0.2689846992492676 0.230405056476593 0.13489303588867188
0 0.577677869796753 0.22609081268310546 0.25702505111694335 0.17394371032714845
2 0.8224320411682129 0.4911218762397766 0.230108642578125 0.22516248226165772
1 0.798221206665039 0.3471096992492676 0.17837295532226563 0.17233104705810548
2 0.8743253707885742 0.6145025253295898 0.2197042465209961 0.19826068878173828
2 0.8995901107788086 0.7466454982757569 0.1957489013671875 0.1344740867614746
