2 0.1877542495727539 0.49216041564941404 0.09606714248657226 0.11219806671142578
1 0.2172926962375641 0.4699414730072021 0.08704594373703003 0.1220545768737793
2 0.224233078956604 0.5979235649108887 0.09446868896484376 0.09143495559692383
0 0.2893430471420288 0.46866593360900877 0.11717448234558106 0.13894424438476563
0 0.3304050207138062 0.5777032375335693 0.13600363731384277 0.1348282814025879
0 0.41329232454299925 0.4664301872253418 0.1714854955673218 0.14261274337768554
0 0.4376105427742004 0.5727517127990722 0.11385648250579834 0.1280466079711914
0 0.5363648414611817 0.5817255496978759 0.12459754943847656 0.1386972427368164
0 0.564373779296875 0.4794361114501953 0.16671199798583985 0.13757457733154296
0 0.6357426643371582 0.5930625915527343 0.11456851959228516 0.11641826629638671
0 0.6865420818328858 0.5049299240112305 0.1287062644958496 0.1366870880126953
1 0.72127685546875 0.6094682216644287 0.11024837493896485 0.10998764038085937
2 0.8061771631240845 0.5542456626892089 0.15058741569519044 0.06991233825683593

1 0.812411880493164 0.5141811370849609 0.1498626708984375 0.1145467758178711
