2 0.18539575338363648 0.49554781913757323 0.1612260103225708 0.12008171081542969
2 0.1917330026626587 0.6654250621795654 0.15952329635620116 0.09613256454467774
2 0.20079541206359863 0.5934656143188477 0.15377817153930665 0.10734882354736328
1 0.2203547716140747 0.43662300109863283 0.14830622673034669 0.09870796203613282
0 0.25277389883995055 0.3633469820022583 0.12042437791824341 0.11607155799865723
0 0.3873626470565796 0.31533360481262207 0.16728663444519043 0.08183984756469727
0 0.5661781311035157 0.313631534576416 0.16856956481933594 0.06685519218444824
0 0.6791167259216309 0.34556894302368163 0.09654827117919922 0.0638352394104004
2 0.7840374946594239 0.464367663860321 0.16919898986816406 0.13136179447174073
2 0.7925340175628662 0.5608837604522705 0.16077451705932616 0.10526828765869141
2 0.8171761512756348 0.6227990627288819 0.18024520874023436 0.1194906234741211
