2 0.06621913313865661 0.4037386059761047 0.10858479738235474 0.14068162441253662
2 0.09170857667922974 0.50804443359375 0.07423880100250244 0.11332015991210938
2 0.13497175872325898 0.5219241619110108 0.12730351090431213 0.15952043533325194
1 0.13848147690296173 0.40099711418151857 0.1263664186000824 0.1560832977294922
1 0.21211669445037842 0.5441898345947266 0.14751796722412108 0.1918111801147461
0 0.24783627986907958 0.38941302299499514 0.15063037872314453 0.1652510643005371
0 0.2911004304885864 0.483735466003418 0.11748700141906739 0.09065036773681641
0 0.3108697414398193 0.5468904495239257 0.11148548126220703 0.19818267822265626
0 0.3902022123336792 0.39798476696014407 0.1959691524505615 0.17691283226013182
0 0.39788036346435546 0.562703800201416 0.1372274398803711 0.22216758728027344
0 0.49721970558166506 0.5765398979187012 0.14632272720336914 0.23707027435302735
0 0.5722567081451416 0.401155424118042 0.20449476242065429 0.17382946014404296
0 0.6157049179077149 0.546786117553711 0.13984298706054688 0.1865236282348633
0 0.7280817985534668 0.40549917221069337 0.16254615783691406 0.16557140350341798
0 0.7314365386962891 0.5552144527435303 0.13400907516479493 0.19958505630493165
1 0.8279941320419312 0.5526535034179687 0.10687069892883301 0.18115730285644532
1 0.8359305381774902 0.41014946699142457 0.11207847595214844 0.14792425632476808
2 0.8821171760559082 0.5368517398834228 0.0801961898803711 0.13892784118652343
2 0.9003505706787109 0.42526960372924805 0.10252304077148437 0.1419602394104004
