2 0.10340919494628906 0.40300244092941284 0.09559946060180664 0.08666117191314697
2 0.16416605710983276 0.49928579330444334 0.11603724956512451 0.10937767028808594
1 0.17589129209518434 0.41019515991210936 0.08847496509552003 0.10245447158813477
1 0.2446007251739502 0.512227725982666 0.09128341674804688 0.10627174377441406
0 0.2710299253463745 0.4298661231994629 0.13958206176757812 0.11364898681640626
0 0.33879024982452394 0.5249370574951172 0.13020777702331543 0.11682634353637696
0 0.4251816749572754 0.45619864463806153 0.1989360809326172 0.11053438186645508
0 0.44671107530593873 0.5421543121337891 0.1377858877182007 0.11666784286499024
0 0.5539779663085938 0.5449181079864502 0.12927598953247071 0.11543169021606445
0 0.6024756908416748 0.46318955421447755 0.18921785354614257 0.10568113327026367
0 0.6615185737609863 0.5311275005340577 0.1260279655456543 0.1096888542175293
0 0.7513466358184815 0.44942331314086914 0.13534765243530272 0.0948176383972168
1 0.7550488471984863 0.526101016998291 0.10709190368652344 0.09978904724121093
2 0.8452614784240723 0.511314058303833 0.11068229675292969 0.0955052375793457
1 0.8528474807739258 0.4456357955932617 0.09492950439453125 0.08373432159423828
