2 0.1254889965057373 0.3912667274475098 0.20464086532592773 0.15072498321533204
2 0.1838754653930664 0.48391017913818357 0.1791553020477295 0.1846902847290039
1 0.2182018280029297 0.5606248378753662 0.11578254699707032 0.15625715255737305
0 0.31556675434112547 0.5725133895874024 0.10628976821899414 0.14729595184326172
0 0.41655678749084474 0.5966666221618653 0.15048484802246093 0.15192756652832032
0 0.5557544231414795 0.6049305438995362 0.14634256362915038 0.14261999130249023
0 0.6699795722961426 0.5886907577514648 0.10525741577148437 0.14168519973754884
1 0.7569930076599121 0.564045000076294 0.10263442993164062 0.15324621200561522
2 0.7991148471832276 0.5079364776611328 0.17149038314819337 0.17200069427490233
2 0.8455113410949707 0.4004186153411865 0.20446186065673827 0.15673494338989258
