2 0.20004130005836487 0.7158552646636963 0.18856743574142457 0.13170995712280273
2 0.2024812161922455 0.6321258544921875 0.18407222032546997 0.1334552764892578
2 0.2171114444732666 0.5431967735290527 0.166670560836792 0.1318878173828125
1 0.2193865716457367 0.44839428663253783 0.11625720262527466 0.12341291904449463
0 0.2962049961090088 0.3614891529083252 0.13762397766113282 0.11062469482421874
0 0.4255189895629883 0.30620975494384767 0.18111085891723633 0.11915979385375977
0 0.5948281764984131 0.3004684209823608 0.17957115173339844 0.10366206169128418
1 0.7738090515136719 0.3803823471069336 0.11336040496826172 0.12610187530517578
2 0.8160406112670898 0.5705491065979004 0.18557262420654297 0.15719547271728515
2 0.8181154012680054 0.4549712181091309 0.14045605659484864 0.10270175933837891
2 0.8579950332641602 0.6479294300079346 0.17141666412353515 0.14993276596069335
