2 0.14642935991287231 0.3428468704223633 0.207840895652771 0.17659168243408202
2 0.1568562716245651 0.4622342109680176 0.16676698327064515 0.12170524597167968
2 0.1659831166267395 0.567168140411377 0.16949021816253662 0.14829025268554688
1 0.20944178104400635 0.6332454681396484 0.15635552406311035 0.123663330078125
0 0.26606249809265137 0.6685184955596923 0.13922157287597656 0.10442733764648438
0 0.3633995056152344 0.6956169128417968 0.13041458129882813 0.09694061279296876
0 0.47888717651367185 0.6955543994903565 0.12222614288330078 0.08869895935058594
0 0.5759079456329346 0.6705996513366699 0.1302422523498535 0.10718345642089844
1 0.6842494487762452 0.6442111015319825 0.13697175979614257 0.10812664031982422
2 0.7363204002380371 0.5582726478576661 0.1673513412475586 0.15757284164428711
2 0.7659017086029053 0.4515088558197021 0.16524076461791992 0.14058780670166016
2 0.8123106241226197 0.32219250202178956 0.20924639701843262 0.1852125644683838
