2 0.09581490755081176 0.2798684358596802 0.19162981510162352 0.186506986618042
2 0.12432612180709839 0.41451177597045896 0.1854786157608032 0.15894098281860353
2 0.16389459371566772 0.5504992008209229 0.18106372356414796 0.16531972885131835
1 0.26101731657981875 0.6712000846862793 0.14980946779251098 0.15269365310668945
0 0.34752960205078126 0.7356409072875977 0.15149106979370117 0.15466442108154296
0 0.4622483134269714 0.7567107200622558 0.14530184268951415 0.16665077209472656
0 0.5836241722106934 0.7449494361877441 0.14161128997802735 0.1628183364868164
0 0.6946633338928223 0.7167507171630859 0.1545701026916504 0.14590396881103515
1 0.7881044864654541 0.6380423545837403 0.17442655563354492 0.15267257690429686
2 0.8678413391113281 0.500026798248291 0.15506153106689452 0.16292858123779297
2 0.9103489875793457 0.35913496017456054 0.15914535522460938 0.17208623886108398
2 0.9192230224609375 0.22993478775024415 0.16142005920410157 0.12421507835388183
