2 0.20505867004394532 0.40084547996520997 0.16498441696166993 0.13183069229125977
2 0.23875205516815184 0.4949949264526367 0.12488651275634766 0.08485298156738282
2 0.2523240804672241 0.5681154251098632 0.12373156547546386 0.10162620544433594
1 0.2971509456634521 0.6112943649291992 0.10671877861022949 0.09460773468017578
0 0.36527352333068847 0.6585750102996826 0.11852388381958008 0.077618408203125
0 0.4498480916023254 0.6781556129455566 0.10223634243011474 0.07733383178710937
0 0.546684980392456 0.6808982849121094 0.10791740417480469 0.07063732147216797
0 0.6345537185668946 0.6733224391937256 0.10888175964355469 0.06727991104125977
1 0.7016466140747071 0.6285491943359375 0.10476951599121094 0.057575130462646486
2 0.7757311820983886 0.4262693405151367 0.1572408676147461 0.12598943710327148
2 0.7592109203338623 0.5107699871063233 0.1171067237854004 0.07998361587524414
