2 0.13399502038955688 0.2945577085018158 0.17219512462615966 0.19724713563919066
2 0.17255406677722931 0.4588660717010498 0.17425755858421327 0.20200624465942382
1 0.2198580026626587 0.6048223972320557 0.15128116607666015 0.1495844841003418
0 0.310396409034729 0.681056547164917 0.12831196784973145 0.13490791320800782
0 0.41092863082885744 0.7116926193237305 0.11636476516723633 0.13643741607666016
0 0.5242346286773681 0.7181106567382812 0.12688894271850587 0.1453533172607422
0 0.6426364421844483 0.695874547958374 0.13277969360351563 0.1481703758239746
1 0.7508821487426758 0.6136746406555176 0.1545635223388672 0.16777372360229492
2 0.8268120765686036 0.47129020690917967 0.2015596389770508 0.18291616439819336
2 0.8714927911758423 0.29182090163230895 0.21149210929870604 0.22708359956741334
