2 0.17043359577655792 0.38421547412872314 0.1741365373134613 0.18556036949157714
2 0.19808536767959595 0.49842157363891604 0.14371354579925538 0.09590988159179688
2 0.22434647083282472 0.5662901878356934 0.13186125755310057 0.08559112548828125
0 0.31122698783874514 0.6361970901489258 0.13842945098876952 0.07370967864990234
0 0.3870828866958618 0.6809532165527343 0.13537840843200682 0.0811279296875
0 0.5095240116119385 0.6900092124938965 0.1321549415588379 0.07290306091308593
0 0.6207592487335205 0.6635659217834473 0.13464365005493165 0.07191658020019531
1 0.7065565109252929 0.6212915420532227 0.102850341796875 0.065179443359375
2 0.7402084350585938 0.5652803421020508 0.1313871383666992 0.08057832717895508
2 0.7745126247406006 0.4942939758300781 0.1437525749206543 0.10445384979248047
2 0.8171554565429687 0.38257813453674316 0.1793588638305664 0.18427248001098634
