2 0.06490606665611268 0.4736353039741516 0.11407300233840942 0.17986867427825928
1 0.07244483828544616 0.6692237377166748 0.12563740015029906 0.19246644973754884
0 0.16368306875228883 0.6754498481750488 0.14466989040374756 0.20379047393798827
0 0.2769111156463623 0.4621699810028076 0.24316854476928712 0.23272714614868165
0 0.2814830720424652 0.6705583095550537 0.20532675981521606 0.24300069808959962
0 0.4506083488464355 0.656010627746582 0.19307365417480468 0.26213226318359373
0 0.6145420074462891 0.6437100410461426 0.1832489013671875 0.2369150161743164
0 0.668468713760376 0.4269371509552002 0.19511175155639648 0.18793210983276368
0 0.761962890625 0.6233334541320801 0.1578693389892578 0.22680072784423827
1 0.826692771911621 0.40757102966308595 0.16770534515380858 0.19431381225585936
1 0.8685304403305054 0.6008547782897949 0.13768200874328612 0.18881807327270508
2 0.9145106315612793 0.42546968460083007 0.08314495086669922 0.12480764389038086
