2 0.11039444208145141 0.44907827377319337 0.07137033939361573 0.07327461242675781
2 0.1698583483695984 0.46822395324707033 0.10964648723602295 0.11429367065429688
2 0.22214722633361816 0.5313136100769043 0.09893746376037597 0.08313312530517578
1 0.2521775960922241 0.46190241575241087 0.126168155670166 0.13859350681304933
1 0.31803669929504397 0.5217598915100098 0.12443809509277344 0.1176034927368164
0 0.36558828353881834 0.45546960830688477 0.13576412200927734 0.13334321975708008
0 0.4165898323059082 0.5257730960845948 0.10460739135742188 0.09272327423095703
0 0.49901714324951174 0.4797051429748535 0.16594972610473632 0.20300664901733398
0 0.5148238182067871 0.5439631462097168 0.11344337463378906 0.07841777801513672
0 0.611014986038208 0.5408199310302735 0.10295486450195312 0.07965641021728516
0 0.6388433456420899 0.4617785453796387 0.14759426116943358 0.1488173484802246
0 0.6927456855773926 0.5274530410766601 0.08195552825927735 0.07922096252441406
0 0.749566125869751 0.45633835792541505 0.11245222091674804 0.12008686065673828
1 0.7716096878051758 0.511235237121582 0.09495334625244141 0.10116758346557617
1 0.8291866302490234 0.4603176236152649 0.08936653137207032 0.12842195034027098
2 0.8455511093139648 0.5193722724914551 0.07869453430175781 0.07853002548217773
2 0.8884780883789063 0.45285892486572266 0.07210922241210938 0.07578029632568359
