1 0.09023346900939941 0.44750280380249025 0.18046693801879882 0.15279216766357423
2 0.13208589553833008 0.5781379222869873 0.14211606979370117 0.12185430526733398
2 0.1467324376106262 0.5838629722595214 0.12505247592926025 0.1088449478149414
1 0.16816405057907105 0.595160961151123 0.08782718181610108 0.08683357238769532
0 0.2551295280456543 0.5798807144165039 0.12664332389831542 0.11317882537841797
0 0.2610884666442871 0.4598339080810547 0.13259716033935548 0.15770111083984376
0 0.3611884117126465 0.4079422473907471 0.19533920288085938 0.20973358154296876
0 0.37031357288360595 0.5630685329437256 0.13230547904968262 0.14604015350341798
0 0.48525443077087405 0.5599857330322265 0.13552389144897461 0.1569570541381836
0 0.5569689273834229 0.4030928611755371 0.21395235061645507 0.20296268463134765
0 0.6030274868011475 0.5773758888244629 0.1359025001525879 0.14889678955078126
0 0.7017839431762696 0.4405023455619812 0.15015068054199218 0.1754436731338501
1 0.7030558586120605 0.6045918464660645 0.10924949645996093 0.11617517471313477
2 0.7897985458374024 0.6137829780578613 0.12704010009765626 0.12946081161499023
1 0.8000777959823608 0.4794023513793945 0.10659527778625488 0.1465353012084961
2 0.8501219034194947 0.6167372226715088 0.10300936698913574 0.10312395095825196
2 0.8745317459106445 0.4946904182434082 0.11148834228515625 0.15089015960693358
