1 0.1997530937194824 0.34178361892700193 0.07376923561096191 0.10841588973999024
2 0.20985174179077148 0.41025476455688475 0.08539047241210937 0.06895971298217773
0 0.23900127410888672 0.33667769432067873 0.054677486419677734 0.11279296875
0 0.27394800186157225 0.4438439249992371 0.1082193374633789 0.110054612159729
0 0.33015530109405516 0.34132800102233884 0.18654046058654786 0.1694361686706543
0 0.36487607955932616 0.45026168823242185 0.12094764709472657 0.11903610229492187
0 0.48143253326416013 0.3746464729309082 0.17348957061767578 0.1646444320678711
0 0.4654571056365967 0.4628819465637207 0.12123708724975586 0.11764030456542969
0 0.5812420845031738 0.49452600479125974 0.14114799499511718 0.13392162322998047
0 0.6160404205322265 0.39987335205078123 0.15757675170898439 0.14343833923339844
1 0.6946715354919434 0.5259753227233886 0.12836952209472657 0.13974285125732422
1 0.7420456886291504 0.44466630220413206 0.14448776245117187 0.15692155361175536
2 0.8554901123046875 0.4478050708770752 0.11926021575927734 0.11488122940063476
