2 0.08313004970550537 0.2057236135005951 0.16626009941101075 0.2305207371711731
2 0.10377203226089478 0.5140623092651367 0.20754406452178956 0.20218248367309571
2 0.08630463480949402 0.3852869510650635 0.17260926961898804 0.22843580245971679
1 0.10939123332500458 0.6474145889282227 0.1961604654788971 0.20171241760253905
0 0.1920386791229248 0.6827936172485352 0.17308435440063477 0.17750129699707032
0 0.24905423521995546 0.7673501968383789 0.22096883058547973 0.20328502655029296
0 0.4258678913116455 0.740242862701416 0.2043161392211914 0.2308134078979492
0 0.6062380313873291 0.728262186050415 0.2033306121826172 0.19124555587768555
1 0.7217684745788574 0.6510470390319825 0.15003681182861328 0.14053764343261718
2 0.7839152812957764 0.5369406700134277 0.23752107620239257 0.18877639770507812
2 0.8512752532958985 0.37878990173339844 0.2547952651977539 0.24182710647583008
2 0.8958559036254883 0.17535271644592285 0.2077932357788086 0.25229291915893554
