2 0.16268452405929565 0.2713716924190521 0.15593268871307372 0.15806676149368287
2 0.17038432359695435 0.3879342555999756 0.16987569332122804 0.11200971603393554
2 0.18574461936950684 0.469939136505127 0.14613304138183594 0.11515979766845703
1 0.2467092752456665 0.5397180080413818 0.1346052646636963 0.10028924942016601
0 0.3310093402862549 0.5948029518127441 0.12583723068237304 0.11041431427001953
0 0.4146199107170105 0.6474522590637207 0.12259409427642823 0.12257976531982422
0 0.5123367309570312 0.6757335662841797 0.11701068878173829 0.14104633331298827
0 0.6059191703796387 0.6806209087371826 0.1234135627746582 0.1598515510559082
0 0.6933614253997803 0.7088154792785645 0.13276891708374022 0.1433795928955078
1 0.7467489242553711 0.6654970169067382 0.09264678955078125 0.13572959899902343
2 0.8402836799621582 0.5858695983886719 0.1642547607421875 0.11135997772216796
2 0.825583815574646 0.6688069343566895 0.13440136909484862 0.13304004669189454
2 0.858392882347107 0.4969485282897949 0.19694371223449708 0.15587224960327148
2 0.8912269592285156 0.37816834449768066 0.1668621063232422 0.1841456413269043
