2 0.15826472043991088 0.6867900371551514 0.15669615268707277 0.13656654357910156
2 0.15457210838794708 0.7745164394378662 0.1237928807735443 0.10115079879760742
2 0.18319525718688964 0.6044778823852539 0.11145305633544922 0.09228363037109374
1 0.21433050632476808 0.5496348381042481 0.12785720825195312 0.14814300537109376
0 0.40128334760665896 0.3990656852722168 0.18681833744049073 0.14478082656860353
0 0.5788650512695312 0.3800803661346436 0.1901559829711914 0.1148061752319336
0 0.702640962600708 0.4254579544067383 0.10856313705444336 0.11576433181762695
1 0.7811424255371093 0.4807446956634521 0.11607418060302735 0.11995744705200195
2 0.8315414428710938 0.597236156463623 0.1528013229370117 0.1294401168823242
2 0.8513087272644043 0.6902116775512696 0.14413948059082032 0.10160903930664063
