2 0.12025286853313447 0.450330924987793 0.0673319399356842 0.08848915100097657
2 0.15013656616210938 0.518593692779541 0.10973176956176758 0.09234828948974609
2 0.1701760172843933 0.45992202758789064 0.07113015651702881 0.09752578735351562
1 0.21041445136070253 0.4492969036102295 0.07590123414993286 0.10298490524291992
2 0.22388705611228943 0.5226339340209961 0.08129578828811646 0.09407997131347656
1 0.2647193431854248 0.5355647087097168 0.0803262710571289 0.09106101989746093
0 0.27453064918518066 0.44205470085144044 0.09976701736450196 0.1351604461669922
0 0.3270385503768921 0.5536422729492188 0.09382133483886719 0.1506265640258789
0 0.3628727912902832 0.4423391819000244 0.11829471588134766 0.12258930206298828
0 0.4136782169342041 0.5527409076690674 0.11279144287109374 0.147780704498291
0 0.4786492347717285 0.4512223243713379 0.15549793243408203 0.1383676528930664
0 0.5017575263977051 0.5608743667602539 0.10467891693115235 0.13722629547119142
0 0.5790273666381835 0.559100866317749 0.08227767944335937 0.11604099273681641
0 0.6162671089172364 0.46049498319625853 0.1540132522583008 0.14252016544342042
0 0.6544219493865967 0.5658946990966797 0.11949834823608399 0.138330078125
0 0.7235980987548828 0.46488523483276367 0.1126007080078125 0.12492103576660156
1 0.7316651344299316 0.5732009887695313 0.09639663696289062 0.14505062103271485
1 0.7938294410705566 0.47872190475463866 0.08423347473144531 0.12933502197265626
2 0.7884505271911622 0.5744318008422852 0.06758632659912109 0.08918628692626954
2 0.8361247777938843 0.5038147449493409 0.07239956855773926 0.08820886611938476
2 0.835759162902832 0.5782809734344483 0.06211280822753906 0.07695722579956055
2 0.8614860534667969 0.5078728675842286 0.0638519287109375 0.07388057708740234
