2 0.18498895168304444 0.595332145690918 0.23188481330871583 0.11648483276367187
2 0.19072788953781128 0.6798971176147461 0.19241621494293212 0.11759929656982422
2 0.18497503995895387 0.5302100658416748 0.16851441860198973 0.13604469299316407
2 0.19308416843414306 0.728515338897705 0.1834334373474121 0.07242259979248047
1 0.2008218288421631 0.45654412508010866 0.11598429679870606 0.1251291036605835
0 0.2371474325656891 0.3596141815185547 0.150648295879364 0.1335519790649414
0 0.3520796775817871 0.3139163017272949 0.1659165382385254 0.1296682357788086
0 0.5191573143005371 0.31220934391021726 0.1813274383544922 0.12059521675109863
0 0.6673797130584717 0.3510014533996582 0.13908004760742188 0.12534103393554688
0 0.7638541221618652 0.41280713081359866 0.11079540252685546 0.09155454635620117
2 0.8232606887817383 0.5129145622253418 0.15982227325439452 0.15996055603027343
2 0.856803035736084 0.5936471939086914 0.14178638458251952 0.1217763900756836
2 0.8380180358886719 0.6895944595336914 0.0853759765625 0.10455875396728516
