2 0.12611714601516724 0.7449755191802978 0.19756782054901123 0.10333003997802734
2 0.11593199968338012 0.6808937549591064 0.17384836673736573 0.12122144699096679
2 0.11029895544052123 0.5692068576812744 0.13272969722747802 0.1475696563720703
2 0.13329920470714568 0.6212900161743165 0.17530437111854552 0.1040771484375
1 0.16443604230880737 0.47801942825317384 0.14067423343658447 0.15190410614013672
0 0.24600720405578613 0.43583725690841674 0.13092689514160155 0.12572786808013917
0 0.33437328338623046 0.3112845182418823 0.23116865158081054 0.17451376914978028
0 0.4224966526031494 0.4277003765106201 0.19765310287475585 0.14961786270141603
0 0.6042960166931153 0.3903003454208374 0.18571701049804687 0.11990008354187012
2 0.7961252212524415 0.7725594520568848 0.19681282043457032 0.10970821380615234
1 0.7737545013427735 0.52236967086792 0.13620223999023437 0.16043052673339844
2 0.8067395210266113 0.7041488647460937 0.18433780670166017 0.12038421630859375
2 0.8027191162109375 0.6135912895202636 0.17483043670654297 0.1529172897338867
2 0.8308914422988891 0.614128589630127 0.11935343742370605 0.14937591552734375
