2 0.13444080352783203 0.4017041683197021 0.166658353805542 0.15279722213745117
2 0.1484224557876587 0.5269444465637207 0.13703055381774903 0.15673751831054689
0 0.2581825017929077 0.7027631759643554 0.15738945007324218 0.10429515838623046
0 0.35150606632232667 0.7465732574462891 0.12906956672668457 0.09800872802734376
0 0.4764251232147217 0.7536139965057373 0.14609622955322266 0.09846811294555664
0 0.5915313720703125 0.7237106800079346 0.14762039184570314 0.11423263549804688
1 0.6981753349304199 0.6441887855529785 0.1274961471557617 0.12386980056762695
2 0.7425165176391602 0.5367457389831543 0.15178070068359376 0.1609668731689453
2 0.7900821685791015 0.41272759437561035 0.18441810607910156 0.1715325355529785
2 0.837489104270935 0.2956973075866699 0.18177952766418456 0.1471859931945801
