1 0.1505572557449341 0.41641398668289187 0.13414435386657714 0.13163487911224364
1 0.20719845294952394 0.510923194885254 0.1160745620727539 0.15477409362792968
0 0.2682842254638672 0.4359779357910156 0.13128209114074707 0.13757190704345704
0 0.3074137449264526 0.5403070449829102 0.1234311580657959 0.13853683471679687
0 0.4130875587463379 0.4571363925933838 0.17569875717163086 0.14127912521362304
0 0.4159369349479675 0.554233980178833 0.12217543125152588 0.11831274032592773
0 0.5195413589477539 0.5485489845275879 0.11587343215942383 0.13544998168945313
0 0.6069879531860352 0.4544972896575928 0.17956619262695311 0.1489802360534668
0 0.6330735683441162 0.5528425693511962 0.13272333145141602 0.1355879783630371
1 0.737802791595459 0.5440412998199463 0.12275676727294922 0.13881444931030273
0 0.7412750244140625 0.4445160984992981 0.12118511199951172 0.13476502895355225
2 0.8121476173400879 0.5174930572509766 0.08136825561523438 0.09592857360839843
1 0.846141242980957 0.42608280181884767 0.1371377944946289 0.14394674301147461
