1 0.17859940528869628 0.38071527481079104 0.07647299766540527 0.09382591247558594
2 0.1891486883163452 0.5144137382507324 0.0785858154296875 0.08503055572509766
1 0.23793478012084962 0.37139286994934084 0.10021419525146484 0.11686649322509765
1 0.24584677219390869 0.5178299427032471 0.09690732955932617 0.11312103271484375
0 0.336304759979248 0.36569068431854246 0.1492769241333008 0.13922381401062012
0 0.33679862022399903 0.5260955810546875 0.12055768966674804 0.14634876251220702
0 0.44057474136352537 0.5406639575958252 0.11758031845092773 0.1528409957885742
0 0.47997790575027466 0.3976454734802246 0.18980576992034912 0.18699283599853517
0 0.5311129570007325 0.5539720535278321 0.12808494567871093 0.15632762908935546
0 0.6410593509674072 0.4242411136627197 0.19823999404907228 0.18941755294799806
0 0.6282365322113037 0.5822953224182129 0.12967529296875 0.16059589385986328
1 0.7016981601715088 0.6289881706237793 0.07950334548950196 0.10321435928344727
1 0.703253173828125 0.6081204414367676 0.07818183898925782 0.14736080169677734
0 0.7942375183105469 0.4397496223449707 0.15857696533203125 0.14489469528198243
2 0.7843688488006592 0.645211124420166 0.12679929733276368 0.09881954193115235
1 0.8761131286621093 0.4954021453857422 0.09699134826660157 0.1081613540649414
2 0.8957765579223633 0.5403614997863769 0.08912811279296876 0.06345081329345703
