2 0.12270498275756836 0.4419100761413574 0.06123108863830566 0.08210477828979493
2 0.17852444648742677 0.44308756589889525 0.09634766578674317 0.12065718173980713
2 0.23199649453163146 0.5356329917907715 0.10398977994918823 0.10400714874267578
1 0.25849522948265075 0.4472494602203369 0.12455264329910279 0.138327693939209
1 0.3153557777404785 0.5430902957916259 0.11777191162109375 0.09943304061889649
0 0.3590667247772217 0.4681663513183594 0.12054357528686524 0.1413127899169922
0 0.40953434705734254 0.5517274856567382 0.10681040287017822 0.08006839752197266
0 0.46946077346801757 0.4747751235961914 0.15340690612792968 0.15667362213134767
0 0.4878504276275635 0.5534008026123047 0.09223604202270508 0.08279132843017578
0 0.5677608489990235 0.5513839721679688 0.10174942016601562 0.08337993621826172
0 0.5980799674987793 0.4701145052909851 0.1486978530883789 0.15029985904693605
0 0.6524154663085937 0.5404832839965821 0.09307937622070313 0.08958320617675782
0 0.7017561912536621 0.4457961082458496 0.10663318634033203 0.1338028907775879
1 0.7243609428405762 0.5196116924285888 0.08371448516845703 0.08043174743652344
1 0.7829480171203613 0.42501330375671387 0.10280265808105468 0.13804407119750978
2 0.781767463684082 0.4951911449432373 0.07842140197753907 0.06242523193359375
2 0.8469154357910156 0.40268492698669434 0.07831306457519531 0.1319059371948242
