2 0.17504594027996062 0.333664608001709 0.16978808045387267 0.12979183197021485
2 0.19714500904083251 0.43890591859817507 0.15263662338256836 0.10230977535247802
1 0.23210535049438477 0.5056774616241455 0.13765268325805663 0.10242748260498047
0 0.27546093463897703 0.5621096611022949 0.1096919059753418 0.11457262039184571
0 0.37016336917877196 0.5900211334228516 0.11519341468811035 0.132177734375
0 0.4751713752746582 0.5967044830322266 0.11531314849853516 0.15063037872314453
0 0.5749245166778565 0.6027506828308106 0.11464347839355468 0.14663047790527345
0 0.6761713981628418 0.6019396781921387 0.10554618835449218 0.1411515235900879
1 0.7436194896697998 0.568276309967041 0.09325523376464843 0.14909782409667968
2 0.8124171257019043 0.45066490173339846 0.12452487945556641 0.09026546478271484
2 0.823307204246521 0.36388430595397947 0.13286328315734863 0.12303009033203124
