2 0.09339169263839722 0.6536552429199218 0.18647539615631104 0.13214445114135742
2 0.13953876495361328 0.6915069580078125 0.08372864723205567 0.0579864501953125
2 0.15733882188796997 0.5469785690307617 0.0871654748916626 0.11596126556396484
0 0.41011338233947753 0.3150583267211914 0.10796260833740234 0.06613893508911133
0 0.5637547969818115 0.31178436279296873 0.14514198303222656 0.06916484832763672
0 0.6781239032745361 0.3315268516540527 0.11644620895385742 0.09126224517822265
1 0.7839281558990479 0.40592246055603026 0.1438290596008301 0.148419189453125
2 0.8405473709106446 0.6057452201843262 0.17167911529541016 0.13817596435546875
2 0.841236686706543 0.6761687755584717 0.14478530883789062 0.06109943389892578
2 0.8426753997802734 0.493634033203125 0.14260520935058593 0.12444992065429687
