2 0.17223552465438843 0.4013425350189209 0.17640383243560792 0.1050119400024414
2 0.20545716881752013 0.48981647491455077 0.1748482584953308 0.13049077987670898
2 0.20503013134002684 0.47017536163330076 0.17281908988952638 0.09182577133178711
2 0.21307325959205628 0.5158674240112304 0.1536742091178894 0.08902206420898437
1 0.23735976219177246 0.5764613151550293 0.10053167343139649 0.08588237762451172
0 0.3279385805130005 0.614751672744751 0.12369074821472167 0.12167558670043946
0 0.44717692136764525 0.6427126884460449 0.1410085916519165 0.13818187713623048
0 0.5735317230224609 0.6527624130249023 0.14274768829345702 0.12216014862060547
0 0.6935616493225097 0.6482558250427246 0.13849449157714844 0.10494327545166016
2 0.7912815570831299 0.5598519325256348 0.14758024215698243 0.10123519897460938
1 0.7793476104736328 0.6192861557006836 0.09440860748291016 0.0823561668395996
2 0.8372483253479004 0.45971026420593264 0.1754434585571289 0.14230127334594728
