2 0.15780334770679474 0.6774298191070557 0.15057420134544372 0.0676492691040039
2 0.16236625909805297 0.6418964862823486 0.15735270977020263 0.13644962310791015
2 0.1868775963783264 0.5413327217102051 0.1481673002243042 0.14830446243286133
1 0.21946096420288086 0.4374544620513916 0.10817389488220215 0.12470502853393554
0 0.29350862503051756 0.3626119375228882 0.10620956420898438 0.0877037525177002
0 0.39933388233184813 0.32860493659973145 0.1322242259979248 0.09863319396972656
0 0.5267285346984864 0.31644091606140134 0.12376689910888672 0.10019574165344239
0 0.6290424823760986 0.33542299270629883 0.10354766845703126 0.08132081031799317
1 0.6971760749816894 0.39046924114227294 0.11847972869873047 0.09173340797424316
2 0.7372811317443848 0.47608366012573244 0.16226043701171874 0.14780941009521484
2 0.7651727676391602 0.5574661254882812 0.17779273986816407 0.14070634841918944
2 0.7485579967498779 0.6169437408447266 0.12024202346801757 0.056380844116210936
