2 0.10943448841571808 0.31098618507385256 0.19285277724266053 0.1830049514770508
2 0.15364139378070832 0.4439566612243652 0.17632188200950621 0.1804732322692871
2 0.2289477288722992 0.5473116874694824 0.17330647706985475 0.18897247314453125
1 0.30939059257507323 0.5997580528259278 0.12204742431640625 0.12523345947265624
0 0.4925066947937012 0.6521859645843506 0.13154478073120118 0.09356718063354492
0 0.6092282295227051 0.6394032955169677 0.12473716735839843 0.11924448013305664
1 0.7082026481628418 0.6056706428527832 0.11619243621826172 0.13978939056396483
2 0.7566524505615234 0.5203582763671875 0.16607017517089845 0.17839221954345702
2 0.8030837059020997 0.40742331743240356 0.17606830596923828 0.18503949642181397
2 0.8276336431503296 0.28264436721801756 0.19686360359191896 0.17294578552246093
