2 0.14791562855243684 0.410699462890625 0.1932597577571869 0.20117921829223634
2 0.21820148825645447 0.5474680900573731 0.1754104733467102 0.18731021881103516
1 0.3098809242248535 0.6285881996154785 0.12806100845336915 0.13702983856201173
0 0.399502158164978 0.6740951061248779 0.10463776588439941 0.0904623031616211
0 0.4913684844970703 0.6679572105407715 0.10486946105957032 0.09949111938476562
0 0.5815979957580566 0.6626519203186035 0.10045909881591797 0.08614692687988282
0 0.6571869850158691 0.6457811832427979 0.11358909606933594 0.08944425582885743
1 0.7088408946990967 0.5956133842468262 0.14831714630126952 0.12451801300048829
2 0.7677268981933594 0.3565502643585205 0.1971832275390625 0.18849382400512696
2 0.7547190189361572 0.49421024322509766 0.1661280632019043 0.16930370330810546
