2 0.17625441253185273 0.508272361755371 0.18702216744422911 0.14776382446289063
2 0.16502387523651124 0.6086987495422364 0.14186444282531738 0.10886268615722657
2 0.2164772093296051 0.42702789306640626 0.17121838331222533 0.1703728675842285
1 0.2588623046875 0.3556396007537842 0.13050107955932616 0.12688465118408204
0 0.33965106010437013 0.3067194938659668 0.11522212028503417 0.11384401321411133
0 0.4844339370727539 0.2841265916824341 0.1851276397705078 0.12727503776550292
0 0.6636480331420899 0.32549147605895995 0.18051204681396485 0.15837574005126953
1 0.8033846855163574 0.48212947845458987 0.13695011138916016 0.1481222152709961
2 0.8238585472106934 0.5834558486938477 0.17013950347900392 0.1468486785888672
2 0.842293643951416 0.6755230903625489 0.2010784149169922 0.10533523559570312
2 0.8467422485351562 0.7263735771179199 0.18742313385009765 0.08004131317138671
