2 0.10595575571060181 0.7153491020202637 0.19165565967559814 0.11732006072998047
2 0.14456920623779296 0.6304078102111816 0.18661327362060548 0.12434978485107422
2 0.18761706352233887 0.5474367141723633 0.1631624221801758 0.11213092803955078
1 0.2666424036026001 0.4486695289611816 0.13858771324157715 0.10349464416503906
0 0.32594635486602785 0.3673059940338135 0.11925792694091797 0.08805465698242188
0 0.4589439511299133 0.33826279640197754 0.16318833827972412 0.11253023147583008
0 0.6111730575561524 0.34892327785491944 0.1718756675720215 0.1280494213104248
0 0.7426612854003907 0.40159106254577637 0.12775516510009766 0.15972766876220704
1 0.8064053535461426 0.48538031578063967 0.16385154724121093 0.169632625579834
2 0.8360462188720703 0.6108901977539063 0.1693635940551758 0.13653297424316407
2 0.8663251876831055 0.715571117401123 0.17631607055664061 0.11305866241455079
2 0.8740405082702637 0.8067041397094726 0.16301116943359376 0.10857772827148438
