2 0.0858066663146019 0.5304083824157715 0.07566671669483185 0.07761011123657227
2 0.11016755104064942 0.5681507587432861 0.1201164722442627 0.06896047592163086
2 0.13160094022750854 0.6095762252807617 0.08622028827667236 0.07010688781738281
1 0.13378227949142457 0.4923398017883301 0.06023252010345459 0.07730655670166016
0 0.1894833564758301 0.47459940910339354 0.10711526870727539 0.1341707229614258
1 0.19102345705032348 0.5904975891113281 0.07794749736785889 0.11945600509643554
0 0.2571281433105469 0.5739906311035157 0.10365800857543946 0.1254568099975586
0 0.3081172704696655 0.4573907971382141 0.1788379192352295 0.1629709005355835
0 0.3455167531967163 0.564970588684082 0.11698002815246582 0.12275371551513672
0 0.47131028175354006 0.458082914352417 0.1866816520690918 0.15189199447631835
0 0.4424899101257324 0.5577319145202637 0.11359205245971679 0.12029447555541992
0 0.5400996208190918 0.5616901397705079 0.11334228515625 0.11025352478027343
0 0.6052953720092773 0.48934288024902345 0.12371368408203125 0.13393096923828124
1 0.6191559791564941 0.5828345775604248 0.08656177520751954 0.09763832092285156
2 0.6808723449707031 0.5961353778839111 0.10980453491210937 0.11982965469360352
1 0.6938079833984375 0.5311270713806152 0.11322669982910157 0.13467998504638673
2 0.7497290134429931 0.6314934253692627 0.09196634292602539 0.10684843063354492
2 0.7669323444366455 0.5417366981506347 0.09789953231811524 0.123956298828125
