2 0.028720155358314514 0.45833959579467776 0.05744031071662903 0.12015800476074219
2 0.053824037313461304 0.5840538024902344 0.106320059299469 0.14727325439453126
2 0.06840049177408218 0.4568015575408936 0.08824791610240937 0.1571826934814453
2 0.0946236491203308 0.5843286514282227 0.06502811908721924 0.1413100242614746
2 0.11975690126419067 0.4528134822845459 0.09209377765655517 0.16511573791503906
2 0.14093291759490967 0.5991474151611328 0.105079984664917 0.20281696319580078
1 0.19607737064361572 0.4427534580230713 0.13496484756469726 0.17914152145385742
1 0.22730576992034912 0.6011384487152099 0.16086764335632325 0.18933000564575195
0 0.3063836097717285 0.44942798614501955 0.16845312118530273 0.18661851882934571
0 0.3310443162918091 0.5890915870666504 0.11787633895874024 0.16905632019042968
0 0.45362019538879395 0.46227504014968873 0.20649318695068358 0.22576234340667725
0 0.4356795310974121 0.6131274223327636 0.13783607482910157 0.1579652786254883
0 0.5468510627746582 0.6138830661773682 0.137185001373291 0.13591508865356444
0 0.6205612182617187 0.4631223678588867 0.20106868743896483 0.22540454864501952
0 0.6481599807739258 0.6053917884826661 0.1344755172729492 0.1330282211303711
0 0.7599044799804687 0.4484997749328613 0.16893539428710938 0.18778753280639648
1 0.7449014186859131 0.5923599243164063 0.11383867263793945 0.15131034851074218
2 0.8310001134872437 0.5891611099243164 0.11841511726379395 0.17517528533935547
1 0.8414999961853027 0.43798031806945803 0.10629425048828126 0.17283687591552735
2 0.8859450340270996 0.4485893726348877 0.08714942932128907 0.16171445846557617
2 0.894256591796875 0.5740504741668702 0.08709716796875 0.1283585548400879
2 0.9404237747192383 0.4541603088378906 0.08576641082763672 0.15401182174682618
