2 0.08686607480049133 0.5351030826568604 0.17373214960098265 0.20816507339477539
2 0.055881327390670775 0.3827368259429932 0.1116101861000061 0.21392393112182617
1 0.13581204116344453 0.6620165348052979 0.1809650480747223 0.14860124588012696
0 0.23618879318237304 0.7420072555541992 0.1807464599609375 0.1596771240234375
0 0.40952701568603517 0.7489755153656006 0.19701929092407228 0.2027876853942871
0 0.5763823032379151 0.7166099548339844 0.16782855987548828 0.20976333618164061
0 0.628192138671875 0.603429651260376 0.19415607452392578 0.11771640777587891
1 0.7719907760620117 0.575325870513916 0.15137157440185547 0.16679534912109376
2 0.8071556091308594 0.42409472465515136 0.20015430450439453 0.1775376319885254
2 0.8185866355895997 0.2736211776733398 0.19379005432128907 0.17993173599243165
