2 0.10677804946899414 0.4310567855834961 0.057488298416137694 0.05094928741455078
2 0.16958508491516114 0.5257819175720215 0.12496089935302734 0.11114959716796875
2 0.1502399444580078 0.4393162727355957 0.07211093902587891 0.08580179214477539
1 0.21469471454620362 0.45195298194885253 0.11060247421264649 0.1187483787536621
1 0.25378506183624266 0.5595393657684327 0.13629369735717772 0.11599397659301758
0 0.3161003112792969 0.4654093742370605 0.14692811965942382 0.1420363426208496
0 0.3521255970001221 0.5596664428710938 0.12680406570434571 0.12347412109375
0 0.4611356258392334 0.4488523006439209 0.21340694427490234 0.1523904800415039
0 0.4391352653503418 0.5984035491943359 0.09616804122924805 0.05478610992431641
0 0.5444832801818847 0.5663145542144775 0.14214448928833007 0.15062150955200196
0 0.6455020904541016 0.43651108741760253 0.1937318801879883 0.15985097885131835
0 0.6572395324707031 0.5704565048217773 0.13357257843017578 0.14851932525634765
1 0.7482743740081788 0.5652885437011719 0.09872398376464844 0.1273726463317871
1 0.7730586051940918 0.45776896476745604 0.11353893280029297 0.11293201446533203
2 0.7986948013305664 0.5589431762695313 0.07772483825683593 0.10977859497070312
2 0.8298998832702636 0.5391604900360107 0.07662639617919922 0.10244283676147461
2 0.8365854263305664 0.4372889041900635 0.04864692687988281 0.06346044540405274
