2 0.11730974912643433 0.46468286514282225 0.08201863765716552 0.07026195526123047
2 0.16291449069976807 0.521605396270752 0.07994389533996582 0.08438320159912109
1 0.17436410188674928 0.4713451385498047 0.09500772953033447 0.09237308502197265
1 0.23495140075683593 0.5452591896057128 0.1068333625793457 0.11134662628173828
0 0.2510376453399658 0.4634399890899658 0.12908496856689453 0.1395277976989746
0 0.3207855224609375 0.5486567497253418 0.11048769950866699 0.11820697784423828
0 0.3545025110244751 0.4585247993469238 0.1331176280975342 0.12279720306396484
0 0.3973555088043213 0.5405018329620361 0.09597196578979492 0.09506921768188477
0 0.47486224174499514 0.4701714992523193 0.1603414535522461 0.16871633529663085
0 0.601475715637207 0.4600761890411377 0.14223308563232423 0.14648923873901368
0 0.6519466876983643 0.5105979919433594 0.07863655090332031 0.08272686004638671
0 0.7042642593383789 0.4303388476371765 0.109832763671875 0.11240980625152588
1 0.7154754161834717 0.4988100051879883 0.09665412902832031 0.10615386962890624
2 0.7776829719543457 0.48439693450927734 0.0829782485961914 0.085809326171875
1 0.7856297492980957 0.41339802742004395 0.09317970275878906 0.12158842086791992
2 0.8224764823913574 0.4647362232208252 0.06499404907226562 0.07331762313842774
2 0.8408731460571289 0.4060961604118347 0.06690635681152343 0.09257547855377198
