2 0.1258836954832077 0.6358505249023437 0.13097148537635803 0.07836036682128907
2 0.14300026893615722 0.5729608535766602 0.14758682250976562 0.11139812469482421
2 0.17918680906295775 0.4977755546569824 0.15059216022491456 0.12177352905273438
2 0.227945476770401 0.42169895172119143 0.1638274073600769 0.12763748168945313
1 0.2693352699279785 0.33837902545928955 0.1317751884460449 0.11831355094909668
0 0.3444478988647461 0.2879092931747437 0.11231050491333008 0.09436097145080566
0 0.4599827766418457 0.2746257781982422 0.14308366775512696 0.11002621650695801
0 0.6018870830535888 0.29533066749572756 0.14442787170410157 0.10904493331909179
0 0.7116568565368653 0.3387685060501099 0.11411705017089843 0.10875496864318848
1 0.7773653984069824 0.4138237476348877 0.13016738891601562 0.13884763717651366
2 0.8062991142272949 0.5081774234771729 0.1591951370239258 0.1241678237915039
2 0.8293827056884766 0.5865570545196533 0.14763965606689453 0.11220455169677734
2 0.8617643356323242 0.6615465164184571 0.15616073608398437 0.1375375747680664
2 0.8719085693359375 0.7932802200317383 0.11961326599121094 0.06672725677490235
2 0.8785764694213867 0.7440285205841064 0.13011016845703124 0.0845724105834961

