2 0.12155649662017823 0.33267841339111326 0.21737065315246581 0.1542745590209961
2 0.1364673376083374 0.4279204845428467 0.19228062629699708 0.12465124130249024
2 0.15546412467956544 0.5101442337036133 0.17947187423706054 0.17733688354492189
1 0.2089606523513794 0.5543121337890625 0.12235517501831054 0.21126461029052734
0 0.32264318466186526 0.5963003635406494 0.1660909652709961 0.21831045150756836
0 0.4675797939300537 0.6107462882995606 0.1633554458618164 0.2127899169921875
0 0.6044397354125977 0.6090898036956787 0.14970664978027343 0.2142512321472168
0 0.7162606716156006 0.5888143539428711 0.1503742218017578 0.21517601013183593
2 0.8357102394104003 0.4858384609222412 0.17599258422851563 0.1580367088317871
2 0.8400288581848144 0.42961874008178713 0.18375225067138673 0.0992304801940918
2 0.843054986000061 0.3517338514328003 0.18688654899597168 0.13101277351379395
1 0.8127560615539551 0.5595920562744141 0.11634044647216797 0.16904163360595703
