
1 0.2560325086116791 0.415220844745636 0.12108851671218872 0.09643895626068115
0 0.33458766937255857 0.5083329200744628 0.10966281890869141 0.10929908752441406
0 0.43689703941345215 0.4465414881706238 0.1760812759399414 0.12305128574371338
0 0.4272634983062744 0.527960205078125 0.12411603927612305 0.11874065399169922
0 0.5351315498352051 0.528078031539917 0.12895889282226564 0.12475605010986328
0 0.5950778007507325 0.44071164131164553 0.17559289932250977 0.11606502532958984
0 0.6462097644805909 0.4964561462402344 0.11971254348754883 0.1047525405883789
1 0.7204870223999024 0.45697879791259766 0.09824848175048828 0.09957599639892578
2 0.7789889812469483 0.40416879653930665 0.10151872634887696 0.09438772201538086
