2 0.1471368432044983 0.513731861114502 0.10135042667388916 0.10168991088867188
2 0.1841759443283081 0.5746641159057617 0.07399239540100097 0.05899105072021484
1 0.22082313895225525 0.48283138275146487 0.09398528337478637 0.13909454345703126
1 0.24338757991790771 0.5633708477020264 0.10510993003845215 0.09487075805664062
0 0.2923164367675781 0.44568767547607424 0.12212638854980469 0.12794361114501954
0 0.33766536712646483 0.5582993984222412 0.11898040771484375 0.11439371109008789
0 0.41266709566116333 0.44684953689575196 0.16136529445648193 0.1631545066833496
0 0.4324720501899719 0.5645995616912842 0.11035478115081787 0.12614431381225585
0 0.5480222225189209 0.45425862073898315 0.1677107810974121 0.16269705295562745
0 0.5270612716674805 0.5687743186950683 0.12369108200073242 0.1249319076538086
0 0.6195219039916993 0.5688658714294433 0.11254806518554687 0.12529525756835938
0 0.6722474098205566 0.46633061170578005 0.12395153045654297 0.16241247653961183
1 0.694365119934082 0.583442497253418 0.08245925903320313 0.10009307861328125
1 0.7575292587280273 0.4982277870178223 0.10682144165039062 0.14659900665283204
2 0.7659443855285645 0.6089049339294433 0.11294784545898437 0.07957839965820312
2 0.822537612915039 0.5505187034606933 0.10934906005859375 0.10510978698730469
