2 0.1762202948331833 0.35950794219970705 0.15664578080177308 0.144210147857666
2 0.20750417113304137 0.500645923614502 0.13520089387893677 0.10291061401367188
2 0.21799123287200928 0.5710217475891113 0.12855825424194336 0.11927680969238282
1 0.2506632089614868 0.6604621887207032 0.13344802856445312 0.11731491088867188
0 0.3114152908325195 0.7047877311706543 0.12150602340698242 0.09827022552490235
0 0.4044456481933594 0.7155582427978515 0.11986789703369141 0.08909530639648437
0 0.5681808948516845 0.7124181747436523 0.11610298156738282 0.0956512451171875
1 0.6665146827697754 0.6718187808990479 0.12221336364746094 0.10834112167358398
2 0.727822208404541 0.6057888984680175 0.12353954315185547 0.12816829681396485
2 0.7543018341064454 0.5271553993225098 0.1386934280395508 0.123883056640625

2 0.8571036338806153 0.3764811992645264 0.15103721618652344 0.14721174240112306
2 0.8648319482803345 0.27258939743041993 0.15958857536315918 0.13571901321411134
