2 0.14354166984558106 0.3985214948654175 0.1342534065246582 0.09386868476867676
2 0.1895408272743225 0.47212581634521483 0.1622997999191284 0.11049652099609375
1 0.2372072458267212 0.5474412918090821 0.14728055000305176 0.11125545501708985
0 0.31859769821166994 0.5870108604431152 0.14382286071777345 0.0849822998046875
0 0.4198747158050537 0.5678491592407227 0.12126474380493164 0.10829324722290039
0 0.5323751926422119 0.5607457160949707 0.13816442489624023 0.10567626953125
0 0.6528705596923828 0.55155029296875 0.1455768585205078 0.101220703125
1 0.7330665111541748 0.5095792770385742 0.12573843002319335 0.1388223648071289
2 0.7940360069274902 0.46544475555419923 0.15153732299804687 0.13442754745483398
2 0.8097295761108398 0.4088411211967468 0.16748981475830077 0.11736605167388917
2 0.8415558815002442 0.33458614349365234 0.12953758239746094 0.09420394897460938
