2 0.1539522171020508 0.5523745536804199 0.08450465202331543 0.08560657501220703
2 0.17490382194519044 0.4792283058166504 0.09752602577209472 0.08791332244873047
2 0.21068320870399476 0.5431175708770752 0.08847321271896362 0.11447563171386718
1 0.25665152072906494 0.459340763092041 0.12991104125976563 0.09783506393432617
1 0.28000540733337403 0.5592018127441406 0.12012157440185547 0.156427001953125
0 0.37333834171295166 0.5279440402984619 0.11757826805114746 0.15652704238891602
0 0.46306772232055665 0.5172360420227051 0.11741523742675782 0.13949508666992189
0 0.5644285202026367 0.538236427307129 0.1351306915283203 0.1436901092529297
0 0.5989208221435547 0.4416012644767761 0.1823124885559082 0.12553389072418214
0 0.667061710357666 0.5273723602294922 0.1080296516418457 0.12411394119262695
0 0.7234012603759765 0.4378205418586731 0.12451648712158203 0.12154786586761475
1 0.7388898372650147 0.5287068367004395 0.08691720962524414 0.10879878997802735
2 0.7912783145904541 0.5200179576873779 0.0877375602722168 0.0952153205871582
1 0.7993627548217773 0.4387774348258972 0.08259620666503906 0.11961233615875244
2 0.8437803268432618 0.4480539321899414 0.07239341735839844 0.08797454833984375
