2 0.14145183861255645 0.40870375633239747 0.1538206994533539 0.15777969360351562
2 0.1940065622329712 0.5267808914184571 0.15414996147155763 0.15001850128173827
2 0.25321853160858154 0.6175086021423339 0.13681626319885254 0.13142757415771483
1 0.30150833129882815 0.6941471099853516 0.11026134490966796 0.10323314666748047
0 0.39177885055541994 0.7048137664794922 0.11788148880004883 0.10974607467651368
0 0.4835341930389404 0.7198056221008301 0.11290874481201171 0.09831581115722657
0 0.5831446647644043 0.7156802177429199 0.11535701751708985 0.10056743621826172
0 0.669373607635498 0.6926322937011719 0.10376939773559571 0.10722579956054687
1 0.753806209564209 0.6703239440917969 0.09410476684570312 0.10483226776123047
2 0.7756362915039062 0.5928059577941894 0.13381996154785156 0.13121109008789061
2 0.8067428588867187 0.49015140533447266 0.14542808532714843 0.1430665969848633
2 0.8439817190170288 0.3758958101272583 0.09134411811828613 0.12985854148864745
