2 0.0903000459074974 0.722094202041626 0.09743182957172394 0.11644182205200196
2 0.11703340709209442 0.6344474792480469 0.10985460877418518 0.1084665298461914
2 0.1408938765525818 0.541098690032959 0.10582187175750732 0.12419509887695312
0 0.25123627185821534 0.4106717586517334 0.15997166633605958 0.11613283157348633
0 0.3385737180709839 0.3132911205291748 0.16558051109313965 0.07226314544677734
0 0.47588276863098145 0.3091657400131226 0.13073301315307617 0.08551168441772461
0 0.6672707557678222 0.34838457107543946 0.15105113983154297 0.1078908920288086
1 0.7612383365631104 0.4343989253044128 0.0893712043762207 0.08496592044830323
2 0.7882562160491944 0.5130392074584961 0.12522306442260742 0.09746017456054687
2 0.8281167984008789 0.5961397171020508 0.1427461624145508 0.10823030471801758
2 0.8596465826034546 0.6823434829711914 0.1310142993927002 0.11243667602539062
