2 0.11143707036972046 0.6156322479248046 0.11242859363555908 0.09044933319091797
1 0.1727811574935913 0.5694028854370117 0.2011171817779541 0.14611034393310546
0 0.331937837600708 0.4904804229736328 0.16364431381225586 0.1577302932739258
1 0.33641724586486815 0.6801531791687012 0.13391427993774413 0.09871768951416016
0 0.45722676515579225 0.649586296081543 0.14863603115081786 0.17188682556152343
0 0.5069226741790771 0.48204649686813356 0.21490888595581054 0.18219339847564697
0 0.5761772155761719 0.6197347640991211 0.13829078674316406 0.16417007446289061
0 0.7222965240478516 0.4260507583618164 0.20758476257324218 0.1921945571899414
0 0.6912233352661132 0.5971357822418213 0.12809295654296876 0.15756168365478515
1 0.797333812713623 0.5908441543579102 0.11923751831054688 0.14855480194091797
0 0.8372852325439453 0.42392563819885254 0.12333660125732422 0.17169809341430664
2 0.8965709686279297 0.5790207862854004 0.10413017272949218 0.1028512954711914
2 0.9292640686035156 0.48656272888183594 0.07551002502441406 0.1152740478515625
