2 0.19391610622406005 0.5458258628845215 0.1087717056274414 0.11366920471191407
1 0.1724793791770935 0.4612856864929199 0.06078336238861084 0.08545932769775391
0 0.24143176078796386 0.4527862429618835 0.12273783683776855 0.15487291812896728
1 0.2500997304916382 0.579854154586792 0.09541287422180175 0.13880395889282227
0 0.3307202816009521 0.5986015319824218 0.11205720901489258 0.1556550979614258
0 0.37185869216918943 0.4617697596549988 0.1877655029296875 0.210799241065979
0 0.42532559633255007 0.613560676574707 0.11971890926361084 0.16577587127685547
0 0.5455910682678222 0.4668764233589172 0.1993185043334961 0.21355321407318115
0 0.5279858112335205 0.6261078834533691 0.1350409507751465 0.16222381591796875
0 0.6342193603515625 0.6310224533081055 0.12469348907470704 0.1590184211730957
0 0.6889060974121094 0.47629103660583494 0.1286449432373047 0.16151304244995118
1 0.7118778228759766 0.6205806732177734 0.0901681900024414 0.1308823585510254
2 0.7644689559936524 0.603329849243164 0.07906970977783204 0.11169042587280273
1 0.7639180183410644 0.48077707290649413 0.07652053833007813 0.12358989715576171
2 0.8219763755798339 0.49177255630493166 0.08840999603271485 0.11605949401855468
