2 0.17354416847229004 0.5670940399169921 0.1304758071899414 0.10468168258666992
1 0.1880955934524536 0.4974216461181641 0.12739171981811523 0.13001174926757814
1 0.2747797012329102 0.5773262977600098 0.13157272338867188 0.14528312683105468
0 0.29620823860168455 0.4692350387573242 0.15212769508361818 0.13150615692138673
0 0.38120298385620116 0.5726224899291992 0.14114017486572267 0.17111797332763673
0 0.4390843272209167 0.42935962677001954 0.16195814609527587 0.10122947692871094
0 0.5132659912109375 0.5889668941497803 0.15640506744384766 0.20813751220703125
0 0.6280153751373291 0.41969938278198243 0.2039590835571289 0.14042205810546876
0 0.6357842445373535 0.5758005142211914 0.12827014923095703 0.18410778045654297
0 0.7095976352691651 0.5444854259490967 0.08807563781738281 0.12079830169677734
0 0.7415882587432862 0.4303138852119446 0.1341935157775879 0.1343585729598999
1 0.7870488166809082 0.526995325088501 0.12742443084716798 0.155953311920166
1 0.8294278144836426 0.4261200428009033 0.09719371795654297 0.13037633895874023
2 0.8493313789367676 0.5090259552001953 0.06689815521240235 0.09697017669677735
2 0.8744063377380371 0.4397346019744873 0.07367305755615235 0.07217979431152344
