2 0.13095407485961913 0.7127545833587646 0.13638205528259278 0.1322352409362793
2 0.13938324451446532 0.692680835723877 0.1486053943634033 0.1014923095703125
2 0.12395007610321045 0.7318792343139648 0.11729485988616943 0.0984201431274414
2 0.1716429829597473 0.6103430271148682 0.16449439525604248 0.11919021606445312
1 0.20835204124450685 0.5376032829284668 0.1332685947418213 0.1481292724609375
0 0.2973388910293579 0.46108617782592776 0.13116855621337892 0.12204265594482422
0 0.4171526074409485 0.42943563461303713 0.17569539546966553 0.10504751205444336
0 0.6171632766723633 0.43632192611694337 0.19285659790039061 0.12381010055541992
0 0.7324053764343261 0.4722453594207764 0.11988449096679688 0.11680450439453124
2 0.8290855407714843 0.6634849071502685 0.19504127502441407 0.1047170639038086
1 0.8004706382751465 0.5279902458190918 0.13322849273681642 0.13263397216796874
2 0.81882803440094 0.5985979557037353 0.1670325756072998 0.1027440071105957
2 0.8325806617736816 0.7184423446655274 0.18747444152832032 0.0848968505859375
