2 0.07931091189384461 0.7736790657043457 0.06182230710983276 0.08937244415283203
2 0.13207068145275117 0.6614195823669433 0.1582737982273102 0.1594137191772461
2 0.1594285935163498 0.5559085845947266 0.14679232239723206 0.11306686401367187
2 0.23617282509803772 0.4530934810638428 0.12253473997116089 0.12515010833740234
1 0.2748873233795166 0.3525965929031372 0.14954872131347657 0.13028998374938966
0 0.3909442663192749 0.297103214263916 0.14216914176940917 0.1078878402709961
0 0.5371829032897949 0.3029721975326538 0.16881542205810546 0.1333700656890869
0 0.6901473045349121 0.3257841348648071 0.1560110092163086 0.13881044387817382
2 0.8195921897888183 0.7764975547790527 0.19806175231933593 0.11717014312744141
1 0.814427399635315 0.3709716320037842 0.13745570182800293 0.1160628318786621
2 0.8440662384033203 0.6928787231445312 0.1894298553466797 0.12070465087890625
2 0.8470630407333374 0.5940425872802735 0.17881855964660645 0.12991113662719728
2 0.8494051933288574 0.4794325828552246 0.1602540969848633 0.13125877380371093
