2 0.2143898069858551 0.6627302169799805 0.14451979398727416 0.08347225189208984
2 0.21175036430358887 0.6067947387695313 0.12327322959899903 0.08316802978515625
1 0.22715623378753663 0.5635893821716309 0.09072003364562989 0.09168434143066406
0 0.24064268469810485 0.4812220573425293 0.11462937593460083 0.09817352294921874
0 0.3573611736297607 0.45680056810379027 0.16252517700195312 0.12994592189788817
0 0.5179094314575196 0.4446724891662598 0.16448135375976564 0.10359277725219726
0 0.6453148365020752 0.47755279541015627 0.11775407791137696 0.12084197998046875
1 0.7153319835662841 0.5392924308776855 0.09132328033447265 0.09809913635253906
2 0.7499883651733399 0.5797612190246582 0.12915458679199218 0.1110137939453125
2 0.7863268852233887 0.623761796951294 0.13694286346435547 0.10609846115112305
