2 0.17252933979034424 0.687382984161377 0.20868978500366211 0.1406982421875
2 0.16769273579120636 0.7417208671569824 0.15264243483543397 0.056879425048828126
2 0.16764839887619018 0.7856592178344727 0.129767107963562 0.08594741821289062
2 0.20407028198242189 0.563364315032959 0.17897911071777345 0.17814903259277343
0 0.2947568416595459 0.39592270851135253 0.14190263748168946 0.16935281753540038
0 0.4315809726715088 0.32330970764160155 0.19063348770141603 0.15731658935546874
0 0.6370606422424316 0.29154767990112307 0.19163780212402343 0.16767244338989257
0 0.7695023536682128 0.3228753089904785 0.13664817810058594 0.14999933242797853
2 0.8575082540512085 0.5049315452575683 0.17169156074523925 0.14603900909423828
1 0.8325762748718262 0.4276962399482727 0.12178668975830079 0.13791425228118898
2 0.8675190925598144 0.58470139503479 0.17139034271240233 0.08877706527709961
2 0.8739465951919556 0.6529887676239013 0.18164515495300293 0.1200078010559082
