2 0.16005118191242218 0.28838181495666504 0.16970505118370055 0.09142913818359374
2 0.17061939537525178 0.357512378692627 0.16809505820274354 0.1255499839782715
2 0.21267319321632386 0.4553475260734558 0.15277231931686402 0.12429201602935791
1 0.2488788366317749 0.5331526279449463 0.10594892501831055 0.08021564483642578
0 0.34575304985046384 0.5564520835876465 0.10841236114501954 0.07214508056640626
0 0.4478063464164734 0.5661332130432128 0.11409075260162353 0.05821418762207031
0 0.5549779891967773 0.558936595916748 0.10882129669189453 0.050791454315185544
0 0.656061840057373 0.5359533309936524 0.1148162841796875 0.0657388687133789
1 0.738081693649292 0.4947208881378174 0.08693990707397461 0.0658884048461914
2 0.7881908893585206 0.42787560224533083 0.1380843162536621 0.10917036533355713
2 0.8230114936828613 0.3420897960662842 0.14232635498046875 0.10972671508789063
2 0.8513848304748535 0.27582383155822754 0.15012054443359374 0.06932010650634765
