2 0.1878290891647339 0.7192371368408204 0.15410962104797363 0.10943241119384765
2 0.18966190814971923 0.6669392585754395 0.14174718856811525 0.12478952407836914
1 0.1881197690963745 0.6087088584899902 0.07043023109436035 0.086016845703125
0 0.24916529655456543 0.5347229480743408 0.10512380599975586 0.12372627258300781
0 0.3488551378250122 0.4376766085624695 0.19191994667053222 0.1660595178604126
0 0.5544312477111817 0.380189847946167 0.20799808502197265 0.09809379577636719
0 0.6910790920257568 0.4346863627433777 0.12872705459594727 0.12893869876861572
2 0.8012241363525391 0.5482321739196777 0.15964870452880858 0.11086063385009766
1 0.7765535354614258 0.4748233795166016 0.1096658706665039 0.11574516296386719
2 0.8346986770629883 0.6116133689880371 0.15699806213378906 0.10158767700195312
