2 0.15679669380187988 0.3432014942169189 0.21292486190795898 0.15735855102539062
2 0.22608700394630432 0.4463082790374756 0.15754183530807495 0.11454524993896484
1 0.2914231777191162 0.5172423362731934 0.13082571029663087 0.15655593872070311
0 0.392392635345459 0.5553684234619141 0.13033008575439453 0.1374591827392578
0 0.5117508888244628 0.5620507717132568 0.13069477081298828 0.13569955825805663
0 0.626248836517334 0.553562068939209 0.12042503356933594 0.12815494537353517
0 0.719260311126709 0.5333398818969727 0.11805591583251954 0.12214298248291015
1 0.7718120574951172 0.49791107177734373 0.10632972717285157 0.12869300842285156
2 0.8103915929794312 0.4177825808525085 0.15748219490051268 0.15436289310455323
2 0.8315143823623657 0.3261171817779541 0.17479548454284669 0.15347576141357422
