2 0.14410853385925293 0.43522062301635744 0.06243886947631836 0.08337841033935547
2 0.1925189256668091 0.5240428924560547 0.12433156967163086 0.09204692840576172
2 0.19112828969955445 0.5422779083251953 0.1195075273513794 0.09521236419677734
2 0.19845225811004638 0.5037049293518067 0.11038751602172851 0.053955078125
1 0.19438250064849855 0.44037779569625857 0.0893026351928711 0.11649229526519775
2 0.21319525241851806 0.5793539047241211 0.08205633163452149 0.11517524719238281
0 0.27406978607177734 0.42030892372131345 0.14155254364013672 0.13037281036376952
1 0.2682975769042969 0.5923923492431641 0.09798183441162109 0.1274667739868164
0 0.3414007663726807 0.5817275047302246 0.09805021286010743 0.13353729248046875
0 0.41264888048172 0.45650261640548706 0.17241532802581788 0.15595018863677979
0 0.431223726272583 0.5818826198577881 0.11766433715820312 0.14138269424438477
0 0.526337718963623 0.5795193195343018 0.11567897796630859 0.1389592170715332
0 0.5651327133178711 0.45931453704833985 0.1748502731323242 0.15034980773925782
0 0.623004150390625 0.5773121833801269 0.11289768218994141 0.11685600280761718
1 0.7049806594848633 0.5842761039733887 0.11756830215454102 0.10402126312255859
1 0.7783969402313232 0.4362635135650635 0.12335119247436524 0.11820869445800782
2 0.7831169128417969 0.5784433364868165 0.10038490295410156 0.09636573791503907
2 0.8292124748229981 0.5356877326965332 0.13182506561279297 0.09266119003295899
2 0.8552156448364258 0.4832740783691406 0.08947982788085937 0.06358184814453124
2 0.8521276473999023 0.43280744552612305 0.07445812225341797 0.0697408676147461
2 0.8937969207763672 0.43267345428466797 0.059032440185546875 0.04371910095214844
