2 0.0742823600769043 0.5362830638885498 0.1485647201538086 0.13020811080932618
2 0.06965240836143494 0.6648907661437988 0.1391177535057068 0.1782628059387207
2 0.06125866174697876 0.7884761810302734 0.12111861705780029 0.13819046020507814
2 0.056915223598480225 0.8722724914550781 0.10820646286010742 0.078863525390625
2 0.10861990749835967 0.4100800037384033 0.18733758330345154 0.1718069076538086
1 0.15503232479095458 0.2722614765167236 0.18190102577209472 0.16241655349731446
0 0.23568310737609863 0.17903911769390107 0.19028229713439943 0.19069452881813048
0 0.3823855876922607 0.1597718507051468 0.20918397903442382 0.16530041098594667
0 0.5802248954772949 0.1700667381286621 0.20788154602050782 0.16033315658569336
0 0.7205045223236084 0.1982080817222595 0.16208982467651367 0.143233323097229
1 0.7870214462280274 0.28695292472839357 0.12490901947021485 0.13484153747558594
2 0.8275680780410767 0.40971932411193845 0.16396517753601075 0.16962194442749023
2 0.9001001358032227 0.6543913364410401 0.19711036682128907 0.1789015769958496
2 0.89093017578125 0.5323085784912109 0.13439598083496093 0.11426248550415039
2 0.9190817832946777 0.7728628158569336 0.16183643341064452 0.12319202423095703
2 0.9073074340820313 0.8557828903198242 0.11845169067382813 0.09128684997558593
