2 0.11352031230926514 0.25514817237854004 0.15935490131378174 0.1262742519378662
2 0.13954830169677734 0.3668752908706665 0.2073451519012451 0.18174967765808106
2 0.1846333384513855 0.497158145904541 0.15827505588531493 0.1614654541015625
1 0.23821916580200195 0.6004735469818115 0.12545814514160156 0.10456514358520508
0 0.3017709970474243 0.6679885387420654 0.10953006744384766 0.07974348068237305
0 0.40706095695495603 0.6819686412811279 0.12684946060180663 0.09752235412597657
0 0.517882251739502 0.6824565410614014 0.1236276626586914 0.10887022018432617
0 0.6092744827270508 0.6749910354614258 0.13605384826660155 0.08255281448364257
1 0.6866037368774414 0.6131927967071533 0.13197669982910157 0.11100978851318359
2 0.7591507434844971 0.5228353977203369 0.16425485610961915 0.16819028854370116
2 0.8185840606689453 0.39607014656066897 0.21526775360107422 0.18131275177001954
2 0.855204963684082 0.28510422706604005 0.15528450012207032 0.13376965522766113
