2 0.11485610008239747 0.7157829761505127 0.17346715927124023 0.11232423782348633
2 0.1378398209810257 0.640902328491211 0.155666583776474 0.13909263610839845
2 0.17214196920394897 0.5549186706542969 0.15126678943634034 0.12581796646118165
1 0.22080526351928711 0.49632768630981444 0.1260674476623535 0.1413778305053711
0 0.2900910615921021 0.4193519115447998 0.15725302696228027 0.13287935256958008
0 0.44857293367385864 0.38103935718536375 0.19638803005218505 0.15737690925598144
0 0.636984920501709 0.38992092609405515 0.18154754638671874 0.1705003261566162
0 0.7555377006530761 0.45267524719238283 0.14595184326171876 0.15578508377075195
2 0.7963041305541992 0.756812334060669 0.21032352447509767 0.10899152755737304
2 0.810700511932373 0.6096560478210449 0.19559459686279296 0.13060331344604492
2 0.8082159996032715 0.700474739074707 0.18912925720214843 0.10519218444824219
1 0.7938936233520508 0.5435626983642579 0.12486305236816406 0.1304187774658203
