2 0.1404450535774231 0.4622034549713135 0.05864109992980957 0.05296201705932617
2 0.1757853627204895 0.5041350841522216 0.07893908023834229 0.06893177032470703
2 0.18059759140014647 0.462222957611084 0.0652200698852539 0.0797532081604004
1 0.23369169235229492 0.47769756317138673 0.09133768081665039 0.12067070007324218
2 0.2331709384918213 0.5323074340820313 0.08175249099731445 0.0644622802734375
1 0.2992584228515625 0.5422347068786622 0.10406522750854492 0.08437385559082031
0 0.3113776922225952 0.48257789611816404 0.10383486747741699 0.11793632507324218
0 0.3830296516418457 0.5524757862091064 0.0937225341796875 0.09066143035888671
0 0.43282456398010255 0.46581335067749025 0.1739145278930664 0.15485677719116211
0 0.47490553855895995 0.5775950431823731 0.11718645095825195 0.1603395462036133
0 0.5750309944152832 0.553748369216919 0.11778221130371094 0.13252344131469726
0 0.6153847217559815 0.45445237159729 0.1766185760498047 0.14519052505493163
0 0.6457759380340576 0.5281848907470703 0.06562337875366211 0.07893838882446289
1 0.7242197036743164 0.5342409133911132 0.11430397033691406 0.08340587615966796
0 0.72364501953125 0.4817811965942383 0.09513072967529297 0.10720081329345703
1 0.7930293560028077 0.47615818977355956 0.08763418197631836 0.11436119079589843
2 0.7904834270477294 0.5260889053344726 0.06420412063598632 0.05212059020996094
2 0.8300638198852539 0.5161550998687744 0.04291343688964844 0.05914735794067383
2 0.8379653930664063 0.4853769302368164 0.05437469482421875 0.10893058776855469
2 0.8395149230957031 0.4675869941711426 0.05192413330078125 0.06957283020019531
2 0.8550992965698242 0.5063102722167969 0.0421539306640625 0.057951927185058594
2 0.8735696792602539 0.4510066032409668 0.06481781005859374 0.07417812347412109
