2 0.15295615196228027 0.7326412200927734 0.157296085357666 0.09533367156982422
2 0.1565764456987381 0.6710183143615722 0.15029401183128357 0.10464096069335938
2 0.1529746413230896 0.6097287178039551 0.14271237850189208 0.08493633270263672
1 0.1698218584060669 0.5412261009216308 0.11809258460998535 0.12114944458007812
0 0.23371753692626954 0.4483625292778015 0.14433760643005372 0.13148977756500244
0 0.38124709129333495 0.474625301361084 0.17832365036010742 0.19290237426757811
0 0.5424232482910156 0.4629635810852051 0.1846546173095703 0.19282102584838867
0 0.6662517547607422 0.450296688079834 0.09945659637451172 0.11042194366455078
1 0.7653514385223389 0.4742274284362793 0.12739229202270508 0.11223106384277344
2 0.8064301490783692 0.5479805946350098 0.13911933898925782 0.09072360992431641
2 0.826289176940918 0.6165048122406006 0.1367328643798828 0.09497718811035157
2 0.8464238166809082 0.6777393341064453 0.11610927581787109 0.08275299072265625
