2 0.1656352162361145 0.31867308616638185 0.1903297185897827 0.17885828018188477
2 0.19669084548950194 0.45762810707092283 0.18020100593566896 0.17019643783569335
2 0.25309929847717283 0.5617302894592285 0.14350662231445313 0.12932186126708983
1 0.30384528636932373 0.6568827629089355 0.12307562828063964 0.09390754699707031
0 0.39286344051361083 0.7081873893737793 0.14075131416320802 0.08186330795288085
0 0.4757511138916016 0.7370935440063476 0.1103017807006836 0.065643310546875
0 0.5834425926208496 0.7402268409729004 0.12060070037841797 0.07004833221435547
0 0.628598403930664 0.6811600685119629 0.1301637649536133 0.09829387664794922
1 0.7314543724060059 0.6486488342285156 0.11501693725585938 0.10806236267089844
2 0.7514476776123047 0.5537859439849854 0.15111885070800782 0.1290257453918457
2 0.789680004119873 0.4465469837188721 0.16440982818603517 0.16388359069824218
2 0.8155546188354492 0.314164400100708 0.163653564453125 0.16947517395019532
