2 0.16504861116409303 0.3250113964080811 0.1965238332748413 0.20653190612792968
2 0.18348302841186523 0.471800708770752 0.15278801918029786 0.13332195281982423
2 0.22536820769309998 0.5682604312896729 0.1684534192085266 0.18201608657836915
1 0.24818702340126036 0.6850779056549072 0.12796496152877807 0.14571676254272461
0 0.3348574638366699 0.7183667182922363 0.11836347579956055 0.1223118782043457
0 0.43366308212280275 0.7186559677124024 0.13176307678222657 0.1252056121826172
0 0.5425912380218506 0.737614107131958 0.13542680740356444 0.11484155654907227
0 0.649487829208374 0.7183189868927002 0.13450279235839843 0.10597820281982422
1 0.7207744121551514 0.6464534759521484 0.13644895553588868 0.12093124389648438
2 0.7742384910583496 0.5548648357391357 0.1626668930053711 0.1526005744934082
2 0.8499912023544312 0.3176011085510254 0.15793194770812988 0.22268972396850586
