2 0.027739623188972475 0.4334447383880615 0.05536889433860779 0.155533504486084
2 0.03993879556655884 0.3271444797515869 0.06909403800964356 0.08544883728027344
2 0.09345126152038574 0.3743797063827515 0.08435242176055908 0.12599968910217285
2 0.10350092649459838 0.4554429054260254 0.08731720447540284 0.07982368469238281
2 0.15104979276657104 0.49314656257629397 0.10414831638336182 0.131943416595459
1 0.1474786639213562 0.39667954444885256 0.06035358905792236 0.11590299606323243
0 0.23194801807403564 0.3951564788818359 0.15862841606140138 0.19675264358520508
1 0.2325048863887787 0.527142858505249 0.11413365602493286 0.13076658248901368
0 0.3420881986618042 0.5599922180175781 0.1457958698272705 0.16908740997314453
0 0.3941072463989258 0.40142083168029785 0.21586265563964843 0.2333150863647461
0 0.4693715929985046 0.5614770889282227 0.1431652307510376 0.15889854431152345
0 0.587040901184082 0.4133720278739929 0.21292285919189452 0.21946051120758056
0 0.5885584831237793 0.5664640903472901 0.13102149963378906 0.1465907096862793
0 0.6955948829650879 0.5615911483764648 0.11286468505859375 0.13969173431396484
0 0.7397876739501953 0.419573450088501 0.15071868896484375 0.194632625579834
1 0.7749563694000244 0.5322643280029297 0.08916044235229492 0.14438858032226562
2 0.8346872329711914 0.4984316825866699 0.07605972290039062 0.13723926544189452
2 0.8555946350097656 0.411378014087677 0.10009346008300782 0.12398335933685303
