2 0.17052969932556153 0.48978514671325685 0.13599190711975098 0.10679769515991211
1 0.2421955347061157 0.5268817901611328 0.10134224891662598 0.10536270141601563
0 0.29087052345275877 0.43590831756591797 0.1127166748046875 0.13062877655029298
0 0.34267797470092776 0.5414095401763916 0.13136053085327148 0.11416835784912109
0 0.4103275775909424 0.43575258255004884 0.19605846405029298 0.16071176528930664
0 0.45630942583084105 0.5541022300720215 0.1455526113510132 0.1382364273071289
0 0.5764955520629883 0.44777995347976685 0.1917551040649414 0.13849713802337646
0 0.5584110260009766 0.563868236541748 0.1384603500366211 0.13743171691894532
0 0.6533626556396485 0.5663638591766358 0.10940475463867187 0.13364801406860352
0 0.6984661102294922 0.45052441358566286 0.1240513801574707 0.140047287940979
1 0.7161567687988282 0.5699274063110351 0.08264360427856446 0.14041385650634766
2 0.7720654487609864 0.5470754623413085 0.08981075286865234 0.10985469818115234
1 0.7798865795135498 0.45638084411621094 0.08514833450317383 0.12174034118652344
2 0.8350221633911132 0.45873394012451174 0.07486915588378906 0.07046833038330078
