2 0.10948809385299682 0.4375548243522644 0.20481574535369873 0.1897207498550415
2 0.11487098038196564 0.2942168712615967 0.17747268080711365 0.14231586456298828
2 0.11580108404159546 0.5782169342041016 0.16781246662139893 0.13742170333862305
2 0.12223651707172394 0.17998720407485963 0.1413106858730316 0.11206986904144287
1 0.1782057523727417 0.6495867252349854 0.16371703147888184 0.10942354202270507
2 0.18311156034469606 0.525082015991211 0.15519506931304933 0.15261459350585938
0 0.23536821007728576 0.7024805545806885 0.12861660718917847 0.09135684967041016
0 0.3243104934692383 0.7346519947052002 0.12297658920288086 0.08449783325195312
0 0.42983866930007936 0.7604299545288086 0.12306382656097412 0.080780029296875
0 0.5223089218139648 0.745327377319336 0.12990684509277345 0.11383838653564453
1 0.6422091484069824 0.7585835456848145 0.1496795654296875 0.09834632873535157
2 0.7141032218933105 0.6893660545349121 0.16996593475341798 0.15789432525634767
2 0.7594716072082519 0.6102827072143555 0.16168460845947266 0.1458263397216797
2 0.8228589773178101 0.5237267971038818 0.2152317523956299 0.20384092330932618
2 0.8783557653427124 0.3970304250717163 0.1760571002960205 0.16454472541809081
2 0.9058645248413086 0.2600869596004486 0.1620330810546875 0.15833388566970824
