
2 0.162739297747612 0.6677756786346436 0.1807948648929596 0.1287459373474121
2 0.14751043617725373 0.7210456848144531 0.14686722159385682 0.08067970275878907
2 0.16795289218425752 0.5733352661132812 0.18537912964820863 0.13813247680664062
2 0.13975379467010499 0.7854824066162109 0.11939988136291504 0.10945377349853516
1 0.2056455135345459 0.5077832221984864 0.1394665241241455 0.1615046501159668
0 0.28106882572174074 0.3960652589797974 0.15685110092163085 0.13394837379455565
0 0.42531847953796387 0.3450751781463623 0.19736185073852539 0.1420389175415039
0 0.6094129085540771 0.35350377559661866 0.20047235488891602 0.13944735527038574
0 0.747992992401123 0.4081567645072937 0.1552204132080078 0.134779953956604
1 0.8239559173583985 0.5170951366424561 0.1315631866455078 0.14150390625
2 0.8538527488708496 0.70435791015625 0.17236919403076173 0.12349147796630859
2 0.8494106292724609 0.6050105094909668 0.15985164642333985 0.1220102310180664
2 0.8744319915771485 0.7995927810668946 0.14035491943359374 0.10980472564697266
