2 0.06748119592666627 0.5835352420806885 0.13420002460479735 0.11465234756469726
2 0.043324056267738345 0.7186540603637696 0.08562281727790833 0.10105857849121094
2 0.05481740236282349 0.6548973083496094 0.10857942104339599 0.11384563446044922
1 0.07496296167373658 0.49217758178710935 0.14795596599578859 0.11957769393920899
0 0.1933623433113098 0.40929570198059084 0.1761871099472046 0.14161510467529298
0 0.3628385543823242 0.3511165380477905 0.23401002883911132 0.16443028450012206
0 0.5773963928222656 0.3537405490875244 0.2179422378540039 0.16214237213134766
2 0.6790260314941406 0.6895293235778809 0.16273784637451172 0.09999599456787109
0 0.6763292789459229 0.4234622955322266 0.15717592239379882 0.12163934707641602
2 0.7159160137176513 0.6348198413848877 0.17090864181518556 0.09826154708862304
2 0.7333617210388184 0.5686278343200684 0.15813617706298827 0.09109325408935547
1 0.7289258480072022 0.4978004455566406 0.11817903518676758 0.09974365234375
