2 0.1584428906440735 0.3812041521072388 0.18007400035858154 0.15981221199035645
2 0.15928589105606078 0.4796751499176025 0.13849961757659912 0.10005626678466797
2 0.2027970314025879 0.5699758529663086 0.14651107788085938 0.1307697296142578
0 0.3211188316345215 0.6859614849090576 0.1091552734375 0.141485595703125
0 0.42868890762329104 0.711525821685791 0.1328369140625 0.13644027709960938
0 0.5469714164733886 0.7249443054199218 0.13836956024169922 0.1383380889892578
0 0.663024616241455 0.7239620208740234 0.12716503143310548 0.13901634216308595
1 0.754026222229004 0.6950145721435547 0.11285686492919922 0.14906997680664064
2 0.819696044921875 0.6201152801513672 0.15137195587158203 0.13924999237060548
2 0.8578872442245483 0.5328610420227051 0.12199559211730956 0.10397968292236329
2 0.8983203887939453 0.41464939117431643 0.1897146224975586 0.16589574813842772
