2 0.14617545604705812 0.5227080345153808 0.0660257339477539 0.08307247161865235
2 0.20317385196685792 0.5196634292602539 0.10753979682922363 0.12002983093261718
2 0.20197600722312928 0.579500675201416 0.08749715089797974 0.06346054077148437
1 0.27450337409973147 0.5727073669433593 0.10461225509643554 0.11687889099121093
1 0.2901641607284546 0.5064986228942872 0.10828957557678223 0.09610786437988281
0 0.35591926574707033 0.5632274627685547 0.10883598327636719 0.13349571228027343
0 0.456432044506073 0.4912589073181152 0.16757891178131104 0.13235530853271485
0 0.477325439453125 0.5777410507202149 0.13609466552734376 0.1090005874633789
0 0.5968979835510254 0.5350792884826661 0.15009822845458984 0.19199161529541015
0 0.7017018318176269 0.573208236694336 0.10379219055175781 0.12831554412841797
0 0.7227412700653076 0.5124825477600098 0.11927070617675781 0.13139057159423828
1 0.7749300003051758 0.5762964248657226 0.07809467315673828 0.12049942016601563
1 0.8055226325988769 0.5129593849182129 0.09486846923828125 0.11812915802001953
2 0.8235234260559082 0.5774645805358887 0.07286930084228516 0.07056941986083984
2 0.8446290969848633 0.5720703125 0.08152122497558593 0.07717266082763671
2 0.8616016387939454 0.5172628402709961 0.06819114685058594 0.08933238983154297
