2 0.12396661043167115 0.45003050565719604 0.09058549404144287 0.13077433109283448
2 0.16471556425094605 0.5128288745880127 0.07185904979705811 0.0843419075012207
1 0.21093549728393554 0.43947672843933105 0.12906012535095215 0.12816915512084961
1 0.2329842984676361 0.5063639640808105 0.11056786775588989 0.1171767234802246
0 0.3220069408416748 0.5340347290039062 0.11027512550354004 0.10848426818847656
0 0.36556062698364256 0.4250162124633789 0.1753565788269043 0.17017974853515624
0 0.42130002975463865 0.5522188663482666 0.13161468505859375 0.1706404685974121
0 0.5294549942016602 0.5510341644287109 0.13358097076416015 0.15613851547241211
0 0.6255196571350098 0.5355453968048096 0.10957298278808594 0.10777387619018555
0 0.6306564331054687 0.4637934684753418 0.11415386199951172 0.1242258071899414
1 0.7153876304626465 0.5666134834289551 0.13313217163085939 0.12521591186523437
0 0.7352792263031006 0.4909637451171875 0.13190107345581054 0.12671566009521484
2 0.7938435077667236 0.5938074588775635 0.08790292739868164 0.10839986801147461
1 0.8128375053405762 0.5216329097747803 0.11128273010253906 0.13606128692626954
2 0.8521645545959473 0.6313318252563477 0.1006998062133789 0.09142780303955078
2 0.873951530456543 0.5635714530944824 0.11135635375976563 0.11297321319580078
