2 0.16370781660079955 0.5861491680145263 0.09811155796051026 0.1097116470336914
2 0.185056471824646 0.5445615291595459 0.09512009620666503 0.142356014251709
2 0.23639177680015563 0.6125691890716553 0.10841819047927856 0.09096918106079102
1 0.23744121193885803 0.5069118499755859 0.10351637601852418 0.14613475799560546
0 0.3071847200393677 0.4839475154876709 0.0972362995147705 0.1389495849609375
1 0.3067119598388672 0.5936245918273926 0.08113880157470703 0.12083997726440429
0 0.3753675937652588 0.5845761299133301 0.0942108154296875 0.11916046142578125
0 0.4087274670600891 0.49605636596679686 0.14005773067474364 0.17639999389648436
0 0.4564509868621826 0.5920760154724121 0.08661727905273438 0.08193683624267578
0 0.5333883762359619 0.4950843811035156 0.14336318969726564 0.17423152923583984
0 0.5322568893432618 0.5965225696563721 0.08486175537109375 0.06266679763793945
0 0.6108064651489258 0.5849501609802246 0.09815788269042969 0.09459304809570312
0 0.6394034385681152 0.4973315238952637 0.09967250823974609 0.1493824005126953
1 0.6809525966644288 0.5843713760375977 0.07956418991088868 0.09349384307861328
1 0.7190642356872559 0.5173830032348633 0.10227832794189454 0.14670238494873047
2 0.7445135116577148 0.5979212760925293 0.09225978851318359 0.069659423828125
2 0.7953342437744141 0.5532426834106445 0.10016536712646484 0.15171337127685547
2 0.846608829498291 0.5696869850158691 0.06735153198242187 0.10477695465087891
2 0.8832381248474122 0.5646570205688477 0.054343795776367186 0.09410610198974609
