2 0.15954265594482422 0.31638340950012206 0.11489715576171874 0.0807539939880371
2 0.18208370208740235 0.3704129457473755 0.13411302566528321 0.06954045295715332
2 0.18757054805755616 0.4158411979675293 0.14181275367736818 0.08125829696655273
2 0.2246488630771637 0.4641121864318848 0.12787855863571168 0.08270530700683594
2 0.2640510559082031 0.5242827415466309 0.12620248794555664 0.09979038238525391
1 0.33393182754516604 0.5784184455871582 0.08010282516479492 0.09177684783935547
0 0.4147963047027588 0.6114079475402832 0.10718727111816406 0.09386062622070312
0 0.5104337215423584 0.6203004837036132 0.10002355575561524 0.0982046127319336
0 0.6054437637329102 0.6167792320251465 0.10354270935058593 0.09982872009277344
0 0.6931534290313721 0.6070696353912354 0.09232730865478515 0.09289836883544922
1 0.7452523231506347 0.570664358139038 0.05748252868652344 0.06753120422363282
2 0.7833926677703857 0.5451881408691406 0.07552251815795899 0.0576624870300293
2 0.8266149520874023 0.48154754638671876 0.11636981964111329 0.09656810760498047
2 0.8511799812316895 0.4186097145080566 0.10673980712890625 0.06665573120117188
2 0.8634449005126953 0.3698927402496338 0.10668907165527344 0.0686732292175293
2 0.8848391532897949 0.2970545768737793 0.10603485107421876 0.11386985778808593
