2 0.19317924976348877 0.3657228946685791 0.17629809379577638 0.17071104049682617
2 0.21913425922393798 0.5082006454467773 0.16035451889038085 0.1526256561279297
1 0.2747983932495117 0.6020432472229004 0.11750450134277343 0.15615425109863282
0 0.357732892036438 0.6357062339782715 0.13943886756896973 0.1359163284301758
0 0.46500349044799805 0.6606845855712891 0.11756114959716797 0.13049736022949218
0 0.5697350025177002 0.6617267608642579 0.11971864700317383 0.13919267654418946
0 0.6533048629760743 0.620515251159668 0.13550090789794922 0.13610286712646485
1 0.7485997676849365 0.6190467357635498 0.1163670539855957 0.14596920013427733
2 0.7828813076019288 0.5326287269592285 0.15977849960327148 0.17353897094726561
2 0.8300480842590332 0.3958421230316162 0.1938985824584961 0.16270208358764648
2 0.8863554000854492 0.28240165710449217 0.16733970642089843 0.11188993453979493
