2 0.14377235174179076 0.3749183416366577 0.09642660617828369 0.07103724479675293
1 0.19552007913589478 0.4115660548210144 0.11609265804290772 0.15672895908355713
1 0.2738790988922119 0.47226505279541015 0.10931892395019531 0.08667049407958985
0 0.2948946237564087 0.39913110733032225 0.1273651599884033 0.14235811233520507
0 0.3581629991531372 0.4932680130004883 0.09223313331604004 0.09657840728759766
0 0.4262110233306885 0.42699815034866334 0.17909374237060546 0.18658826351165772
0 0.4615045070648193 0.5236496925354004 0.11897258758544922 0.07583293914794922
0 0.5797346115112305 0.43927687406539917 0.17748088836669923 0.17785475254058838
0 0.5648605823516846 0.5202630043029786 0.12011299133300782 0.07733573913574218
0 0.65401611328125 0.4941280364990234 0.08017921447753906 0.07896289825439454
0 0.7074925422668457 0.4190943717956543 0.11516151428222657 0.15262069702148437
1 0.7249862670898437 0.49537181854248047 0.09300260543823242 0.07501506805419922
2 0.7806859016418457 0.4278144836425781 0.10406265258789063 0.13073387145996093
1 0.8124207496643067 0.3870805263519287 0.08362293243408203 0.07831830978393554
