2 0.1710868000984192 0.7037511825561523 0.1734290361404419 0.13837337493896484
2 0.1623602867126465 0.7784621238708496 0.15115814208984374 0.08519573211669922
2 0.17969837188720703 0.6095843315124512 0.1448747158050537 0.09325523376464843
2 0.21991851329803466 0.5313458442687988 0.15587515830993653 0.11016788482666015
1 0.2566586434841156 0.44904141426086425 0.12381306886672974 0.11528120040893555
0 0.3322227954864502 0.3878885507583618 0.08540639877319336 0.11694912910461426
0 0.4379817008972168 0.39372777938842773 0.15088109970092772 0.14060306549072266
0 0.5793684959411621 0.3979069232940674 0.1463418960571289 0.1485431671142578
0 0.6893892288208008 0.41863150596618653 0.09346199035644531 0.1335524559020996
1 0.7613664627075195 0.4679092884063721 0.13330478668212892 0.1382966995239258
2 0.8076106071472168 0.558754825592041 0.16416664123535157 0.13139171600341798
2 0.8512557983398438 0.6255143165588379 0.1516326904296875 0.09824504852294921
2 0.8759280204772949 0.6942913055419921 0.14864273071289064 0.08566226959228515
2 0.8849706649780273 0.7464902877807618 0.14824905395507812 0.0806314468383789
