2 0.13874863386154174 0.5884734153747558 0.10684478282928467 0.11656532287597657
2 0.15980583429336548 0.5300503730773926 0.14195654392242432 0.0861196517944336
2 0.19449620246887206 0.4558446049690247 0.17921462059020996 0.15696923732757567
1 0.21107892990112304 0.36933739185333253 0.09258623123168945 0.156486177444458
0 0.28291327953338624 0.33646669387817385 0.12999458312988282 0.15699472427368164
0 0.4269301414489746 0.32628545761108396 0.19290666580200194 0.1804656982421875
0 0.5982059001922607 0.36324076652526854 0.19385232925415039 0.17611408233642578
0 0.7403861522674561 0.42992825508117677 0.12304162979125977 0.15101633071899415
2 0.7993417739868164 0.5880011558532715 0.1715158462524414 0.13034553527832032
3 0.7928511619567871 0.49308314323425295 0.1379383087158203 0.11047849655151368
2 0.8228389978408813 0.7308524131774903 0.13554491996765136 0.114501953125
2 0.865895938873291 0.7291677474975586 0.22111110687255858 0.11675090789794922
2 0.8263522863388062 0.6642963409423828 0.12326283454895019 0.08662147521972656
