2 0.09726442098617553 0.45221548080444335 0.06558637619018555 0.06364622116088867
2 0.1609443187713623 0.5225221633911132 0.15337514877319336 0.15341978073120116
1 0.17785123586654664 0.46754798889160154 0.13101093769073485 0.11443004608154297
0 0.2860251426696777 0.5413459777832031 0.14957351684570314 0.20121994018554687
0 0.37191286087036135 0.577883243560791 0.12168426513671875 0.1810403823852539
0 0.45102471113204956 0.5158859252929687 0.16779539585113526 0.15764694213867186
0 0.47450923919677734 0.6153110027313232 0.11408004760742188 0.13584089279174805

0 0.5712843894958496 0.5911777019500732 0.11977500915527343 0.18542833328247071
0 0.6167424201965332 0.529072380065918 0.16742353439331054 0.1453388214111328
1 0.7573226928710938 0.5460372924804687 0.12886180877685546 0.07744112014770507
1 0.7616395473480224 0.5053680419921875 0.12893857955932617 0.15361194610595702
2 0.8345767736434937 0.5384058952331543 0.07832150459289551 0.06664142608642579
2 0.8550315856933594 0.47603521347045896 0.10614204406738281 0.11275730133056641
