2 0.15141236484050752 0.6888238430023194 0.18230414986610413 0.10423154830932617
2 0.13845103085041047 0.7465983390808105 0.14835943579673766 0.06607685089111329
2 0.1508677840232849 0.6054328918457031 0.16639235019683837 0.13302459716796874
2 0.17873307466506957 0.5255574226379395 0.14904944896697997 0.12073421478271484
1 0.2104670524597168 0.44127254486083983 0.12275991439819336 0.12459163665771485
0 0.25818772315979005 0.35419955253601076 0.10962591171264649 0.10228137969970703
0 0.38881735801696776 0.32109823226928713 0.17340402603149413 0.10331587791442871
0 0.562111759185791 0.3065184593200684 0.17317914962768555 0.10502099990844727
0 0.7004887580871582 0.3425117254257202 0.11108722686767578 0.09261302947998047
1 0.7744751930236816 0.40196981430053713 0.12535476684570312 0.12313261032104492
2 0.8124629020690918 0.484324312210083 0.15725994110107422 0.1263871192932129
2 0.8451810598373413 0.5808547019958497 0.182096529006958 0.12941532135009765
2 0.8505528450012207 0.6695843696594238 0.17971248626708985 0.10759296417236328
2 0.8495121002197266 0.7389275550842285 0.13151912689208983 0.0781290054321289
