2 0.13655321598052977 0.7065603256225585 0.18659162521362305 0.10302295684814453
2 0.15460565090179443 0.6305739402770996 0.18437857627868653 0.1354090690612793
2 0.18887174129486084 0.5343649864196778 0.16311030387878417 0.15831394195556642
1 0.23212233185768127 0.4331453800201416 0.1201104998588562 0.13972234725952148
0 0.3048862934112549 0.3827060222625732 0.11355419158935547 0.11066007614135742
0 0.435291588306427 0.3408046245574951 0.17129285335540773 0.10549659729003906
0 0.59359130859375 0.35923357009887696 0.15542306900024414 0.13495445251464844
0 0.7169332504272461 0.40198683738708496 0.11474590301513672 0.10627737045288085
2 0.775699234008789 0.714357852935791 0.17321739196777344 0.09908981323242187
2 0.7831045150756836 0.5669801712036133 0.16480712890625 0.13948841094970704
1 0.7712299346923828 0.4648561358451843 0.13486328125 0.13390715122222902
2 0.7946527004241943 0.6512262344360351 0.1749728202819824 0.1201852798461914
