2 0.16424505710601806 0.6167903900146484 0.1742119312286377 0.11907596588134765
2 0.1921916961669922 0.544711971282959 0.16260938644409179 0.11084308624267578
1 0.2358311653137207 0.4496893882751465 0.13645033836364745 0.15359935760498047
0 0.32854199409484863 0.3747890472412109 0.10927982330322265 0.1167475700378418
0 0.5267214298248291 0.329687762260437 0.16656026840209961 0.11581311225891114
0 0.6755570411682129 0.35658893585205076 0.14786148071289062 0.12857818603515625
2 0.8022901535034179 0.7634527206420898 0.14916648864746093 0.08019027709960938
0 0.7859145164489746 0.43450560569763186 0.11085071563720703 0.1436945915222168
2 0.8450654983520508 0.711514663696289 0.16015033721923827 0.11127281188964844
2 0.8570484161376953 0.6293474197387695 0.15653076171875 0.13658199310302735
1 0.8461597204208374 0.5387914180755615 0.12332425117492676 0.15461378097534179
