2 0.04981622099876404 0.31794376373291017 0.09963244199752808 0.2046950340270996
2 0.08656477928161621 0.45346927642822266 0.17261900901794433 0.1858602523803711
2 0.1685330629348755 0.5604422569274903 0.20575671195983886 0.20297298431396485
1 0.23143746852874755 0.6554194450378418 0.14746346473693847 0.17045974731445312
0 0.34536423683166506 0.6950280666351318 0.1716446876525879 0.15332612991333008
0 0.490523624420166 0.7044679641723632 0.1535177230834961 0.17361049652099608
0 0.6236480712890625 0.6899123668670655 0.13958425521850587 0.14789886474609376
0 0.7325223922729492 0.6375840187072754 0.15827770233154298 0.15039997100830077
1 0.8150894403457641 0.5778454780578614 0.13894038200378417 0.14872493743896484
2 0.8326987266540528 0.47814407348632815 0.1658538818359375 0.1725210189819336
2 0.8634079933166504 0.3659633159637451 0.13898563385009766 0.16245765686035157
2 0.8834751129150391 0.2416377067565918 0.13000564575195311 0.1381211757659912
