2 0.15999347865581512 0.3153197765350342 0.16664958596229554 0.20316076278686523
2 0.20164904594421387 0.43251919746398926 0.1926422119140625 0.0910116195678711
1 0.19869627952575683 0.47492256164550783 0.10767931938171386 0.11561441421508789
2 0.2519880771636963 0.4304152488708496 0.08808603286743164 0.08617238998413086
1 0.2730686187744141 0.5205794334411621 0.123114013671875 0.13350830078125
0 0.37067625522613523 0.5874263286590576 0.13244662284851075 0.10143461227416992
0 0.4736682891845703 0.6264816761016846 0.1292133331298828 0.1345754623413086
0 0.578668212890625 0.6323374748229981 0.13107872009277344 0.12984809875488282
1 0.7407099723815918 0.59385986328125 0.16459217071533203 0.15349197387695312
2 0.8068758010864258 0.44158048629760743 0.19138259887695314 0.18379487991333007
