2 0.14139987230300904 0.5966486454010009 0.18148391246795653 0.1460725784301758
2 0.12558244466781615 0.7078547954559327 0.14954016208648682 0.10741777420043945
2 0.1900962233543396 0.48857364654541013 0.16002533435821534 0.14914779663085936
1 0.25104002356529237 0.40237994194030763 0.11937237977981567 0.10278654098510742
0 0.4229284286499023 0.3279975414276123 0.1633668899536133 0.1269303798675537
3 0.5597819328308106 0.3592945337295532 0.1430994987487793 0.14383988380432128
0 0.6757506370544434 0.3734503030776978 0.1035379409790039 0.10910267829895019
1 0.7663454532623291 0.4203783512115479 0.1230351448059082 0.11955041885375976
2 0.8133127212524414 0.5124526977539062 0.1731037139892578 0.18299789428710939
2 0.8578289031982422 0.6195287704467773 0.18329277038574218 0.14553337097167968
2 0.8558055877685546 0.7264476776123047 0.1485504150390625 0.10490436553955078
2 0.8582651138305664 0.6933519840240479 0.14639568328857422 0.05079164505004883
2 0.8593104362487793 0.7751022338867187 0.09828529357910157 0.04282588958740234
