2 0.17481451034545897 0.4824798583984375 0.0682382583618164 0.07751150131225586
1 0.22925285696983339 0.4853997230529785 0.09377518892288209 0.10513134002685547
1 0.24541749954223632 0.5361096382141113 0.09554777145385743 0.08337993621826172
0 0.2855943202972412 0.45994129180908205 0.10396604537963867 0.08926887512207031
0 0.3176693916320801 0.5328367710113525 0.09411067962646484 0.10377264022827148
0 0.4093611717224121 0.46764044761657714 0.1702861785888672 0.13788118362426757
0 0.4110673785209656 0.5516356945037841 0.11982958316802979 0.0933873176574707
0 0.5047415733337403 0.5472993850708008 0.10855426788330078 0.13295555114746094
0 0.5716514587402344 0.45221266746520994 0.17624549865722655 0.1442337989807129
0 0.6086301326751709 0.5369668960571289 0.1377574920654297 0.12472076416015625
0 0.6951727390289306 0.45304021835327146 0.11739387512207031 0.09455413818359375
1 0.7046358108520507 0.5259847640991211 0.10751333236694335 0.12362174987792969
2 0.771061372756958 0.5138770580291748 0.0920170783996582 0.08464164733886718
1 0.7784568786621093 0.4569307804107666 0.09611721038818359 0.1145700454711914
2 0.8171266317367554 0.511342716217041 0.07494549751281739 0.0637481689453125
2 0.8380804061889648 0.46129417419433594 0.08455638885498047 0.09167041778564453
