2 0.18655288219451904 0.5791447162628174 0.10425901412963867 0.1350235939025879
1 0.21976328492164612 0.5056058883666992 0.10509241819381714 0.10488243103027343
1 0.2438445806503296 0.5137663364410401 0.14361844062805176 0.1200221061706543
2 0.23165900707244874 0.5899234294891358 0.07992677688598633 0.11969842910766601
1 0.27182712554931643 0.5216214179992675 0.0926523208618164 0.10314407348632812
2 0.2807401180267334 0.5924702644348144 0.10724368095397949 0.1035675048828125
0 0.3356517791748047 0.49744491577148436 0.11592483520507812 0.11832513809204101
1 0.3431130886077881 0.5967782974243164 0.08138656616210938 0.10708990097045898
0 0.41736569404602053 0.583266305923462 0.11211681365966797 0.1359048843383789
0 0.44242115020751954 0.4655160427093506 0.15247135162353515 0.15314950942993164
0 0.5001997947692871 0.5814182758331299 0.10499992370605468 0.13942327499389648
0 0.5736580848693847 0.4652820587158203 0.14873275756835938 0.15000829696655274
0 0.5797547340393067 0.5804304599761962 0.09336299896240234 0.1283580780029297
0 0.649810791015625 0.5534575939178467 0.08615169525146485 0.09797449111938476
0 0.6782991409301757 0.4709631443023682 0.09819793701171875 0.11297998428344727
1 0.7131335258483886 0.5691641807556153 0.08203353881835937 0.09881868362426757
2 0.7440050125122071 0.5539507389068603 0.10225582122802734 0.0881927490234375
1 0.7395604133605957 0.48044695854187014 0.06685562133789062 0.0893362045288086
2 0.7777700424194336 0.4836458683013916 0.058928298950195315 0.07975912094116211
2 0.8109825134277344 0.5473413944244385 0.08382663726806641 0.12361288070678711
