2 0.12961995601654053 0.3372982978820801 0.18397898674011232 0.19619388580322267
2 0.17119489014148712 0.5158184051513672 0.1763854444026947 0.2181842803955078
1 0.24488348960876466 0.6157999992370605 0.1488884925842285 0.16716232299804687
0 0.3374164581298828 0.6643403053283692 0.12458009719848633 0.11936149597167969
0 0.4349349021911621 0.6812563896179199 0.11833019256591797 0.11805553436279297
0 0.5402120590209961 0.6889750957489014 0.11456890106201172 0.12057294845581054
0 0.6391631126403808 0.684367322921753 0.11849689483642578 0.12509765625
1 0.7142034053802491 0.6234004974365235 0.14438791275024415 0.16417388916015624
2 0.799257469177246 0.5341965198516846 0.18687057495117188 0.2155177116394043
2 0.8186650276184082 0.3676020622253418 0.1972055435180664 0.18948717117309571
2 0.8606082916259765 0.22981820702552797 0.12930126190185548 0.1202173113822937
