2 0.15908679664134978 0.6387385368347168 0.16829572319984437 0.16680374145507812
2 0.17795267105102539 0.5191626071929931 0.1616650104522705 0.13730459213256835
1 0.21103649139404296 0.4080379486083984 0.1245025634765625 0.12522401809692382
0 0.2780934810638428 0.31248674392700193 0.11132831573486328 0.09538812637329101
0 0.381000280380249 0.2616108417510986 0.12015266418457031 0.09402103424072265
0 0.5249835014343261 0.2413081169128418 0.12465095520019531 0.10233964920043945
0 0.6360954284667969 0.26970634460449217 0.12843265533447265 0.11054773330688476
1 0.7379552364349365 0.35215001106262206 0.12655763626098632 0.1411602020263672
2 0.7900831699371338 0.46190489530563356 0.15828924179077147 0.16118090152740477
2 0.8362504959106445 0.5831394195556641 0.15988731384277344 0.16478137969970702
