2 0.18547630310058594 0.40426055192947385 0.16960587501525878 0.15702149868011475
2 0.19701673984527587 0.24406628012657167 0.15859651565551758 0.207642662525177
2 0.2027491569519043 0.5301014900207519 0.15046091079711915 0.14312286376953126
1 0.23813090324401856 0.6349867820739746 0.11935820579528808 0.14070892333984375
0 0.3071205377578735 0.7047361373901367 0.11368885040283203 0.11589813232421875
0 0.4293726086616516 0.735675048828125 0.12625463008880616 0.1150787353515625
0 0.5492377281188965 0.740756607055664 0.12535982131958007 0.11373844146728515
0 0.6583817958831787 0.7373920440673828 0.10200300216674804 0.08892936706542968
1 0.7308777332305908 0.6864372253417969 0.1101414680480957 0.11302642822265625
2 0.7863165855407714 0.6002085685729981 0.14562244415283204 0.14488716125488282
2 0.8276609420776367 0.48687019348144533 0.1508014678955078 0.1551361083984375
2 0.8403126716613769 0.3413400411605835 0.13639774322509765 0.1724912166595459