2 0.1428298234939575 0.531015682220459 0.07698307037353516 0.06129512786865234
2 0.16238950490951537 0.5797367572784424 0.10285770893096924 0.06920375823974609
2 0.18407307863235473 0.5187840461730957 0.09121434688568116 0.09044475555419922
1 0.2360926628112793 0.4970881938934326 0.09858479499816894 0.11616601943969726
2 0.2273792326450348 0.5930066108703613 0.07139633893966675 0.07444171905517578
1 0.29141926765441895 0.6093218326568604 0.11782407760620117 0.12746543884277345
0 0.32262449264526366 0.4888773918151855 0.11890411376953125 0.11967315673828124
0 0.38637208938598633 0.5956929206848145 0.11320619583129883 0.12257366180419922
0 0.45865182876586913 0.47746297121047976 0.18326950073242188 0.1711974859237671
0 0.4746603012084961 0.6314219474792481 0.1224020004272461 0.17012691497802734
0 0.576081371307373 0.6201609611511231 0.12167720794677735 0.15833253860473634
0 0.6167754650115966 0.4841984748840332 0.1680914878845215 0.16385822296142577
0 0.6740439414978028 0.6174553871154785 0.10760040283203125 0.13375368118286132
0 0.7373648643493652 0.49787559509277346 0.11285028457641602 0.1262411117553711
1 0.7543651103973389 0.6154925346374511 0.09216928482055664 0.12829303741455078
2 0.8057126045227051 0.5005341529846191 0.0822561264038086 0.11135692596435547
2 0.8187463760375977 0.6011887550354004 0.07111892700195313 0.0954472541809082
