2 0.15264660120010376 0.4999392032623291 0.1548607110977173 0.11449966430664063
1 0.16040768921375276 0.42325315475463865 0.12613806128501892 0.1103135108947754
2 0.23917469382286072 0.547993278503418 0.15173522233963013 0.13736362457275392
0 0.27088755965232847 0.4319594383239746 0.15952235460281372 0.13991193771362304
1 0.3030139446258545 0.5959515571594238 0.12031707763671876 0.1377429962158203
0 0.433043110370636 0.42576009035110474 0.2221832036972046 0.21153123378753663
0 0.4088926315307617 0.6169066429138184 0.13627386093139648 0.14049358367919923
0 0.5283836364746094 0.6125823020935058 0.1324747085571289 0.16316070556640624
0 0.6325912475585938 0.4063058733940125 0.2110494613647461 0.20590651035308838
0 0.6393423080444336 0.5960569381713867 0.12929325103759765 0.1435688018798828
0 0.723088550567627 0.546994400024414 0.12392692565917969 0.14357128143310546
0 0.7624537467956543 0.36137986183166504 0.10846900939941406 0.1576202392578125
2 0.8095589637756347 0.45009506940841676 0.14931507110595704 0.12498323917388916
1 0.792026424407959 0.5049846649169922 0.10928077697753906 0.12813644409179686
1 0.8315361022949219 0.31497645378112793 0.08316841125488281 0.11528024673461915
2 0.8415245294570923 0.3812675476074219 0.08550448417663574 0.09627666473388671
