2 0.21376252174377441 0.5580717563629151 0.16031303405761718 0.12422151565551758
2 0.19989551305770875 0.4564052104949951 0.0854257345199585 0.09748144149780273
2 0.2593366622924805 0.587343406677246 0.16180057525634767 0.1266481399536133
1 0.2634566783905029 0.44809136390686033 0.08133859634399414 0.10684633255004883
1 0.30381526947021487 0.6069174766540527 0.08764019012451171 0.0665802001953125
0 0.3321859836578369 0.429060173034668 0.11798620223999023 0.13328123092651367
0 0.3797709226608276 0.5760549068450928 0.11306662559509277 0.15795526504516602
0 0.47019109725952146 0.4411608695983887 0.19202060699462892 0.16162996292114257
0 0.488096809387207 0.5789093971252441 0.13473119735717773 0.16010112762451173
0 0.6072793483734131 0.5834299087524414 0.1394333839416504 0.16183643341064452
0 0.6486050128936768 0.4330440998077393 0.19255971908569336 0.16999340057373047
0 0.7232439041137695 0.5775707244873047 0.12787647247314454 0.14821739196777345
0 0.795686912536621 0.42454090118408205 0.13951606750488282 0.1443619728088379
1 0.8195314407348633 0.5791722297668457 0.09798355102539062 0.11882801055908203
2 0.8703622817993164 0.47589859962463377 0.09612884521484374 0.09448699951171875
2 0.8968930244445801 0.5832401275634765 0.11285285949707032 0.10072050094604493
1 0.9400288581848144 0.45501469373703 0.1199422836303711 0.13086283206939697
2 0.9558160781860352 0.577061939239502 0.08836784362792968 0.0849447250366211
