2 0.18927223682403566 0.6363847732543946 0.14651942253112793 0.1301942825317383
2 0.20427346229553223 0.550116777420044 0.12606887817382811 0.1130533218383789
2 0.2604143857955933 0.4843508243560791 0.11412930488586426 0.10281429290771485
1 0.29180591106414794 0.4122922897338867 0.107631254196167 0.11780033111572266
0 0.3728426694869995 0.36266722679138186 0.12894530296325685 0.13292837142944336
0 0.4987779140472412 0.3560901403427124 0.17052440643310546 0.13893628120422363
0 0.6621133804321289 0.39545741081237795 0.1620504379272461 0.15152883529663086
0 0.7834321975708007 0.4533951640129089 0.11107311248779297 0.13640406131744384
3 0.8208330392837524 0.5310829162597657 0.17361865043640137 0.10200347900390624
3 0.8242303848266601 0.5110269546508789 0.16311092376708985 0.14850139617919922
2 0.8345170974731445 0.6271785259246826 0.1432403564453125 0.12298040390014649
2 0.8373105764389038 0.7212201118469238 0.14669194221496581 0.10229778289794922
2 0.8436772346496582 0.7946420669555664 0.13543376922607422 0.09638118743896484
