2 0.13683657646179198 0.2614324986934662 0.15375089645385742 0.13957968950271607
2 0.14732013940811156 0.3716445446014404 0.14414284229278565 0.131317138671875
2 0.1795274257659912 0.47861757278442385 0.14850349426269532 0.13852252960205078
1 0.24467172026634215 0.5549895286560058 0.12034341096878051 0.15086908340454103
0 0.3244129180908203 0.5969779968261719 0.1246835708618164 0.168212890625
0 0.4114359974861145 0.2176645278930664 0.19995629787445068 0.06956968307495118
0 0.44008406400680544 0.6439916610717773 0.14332926273345947 0.17081861495971679
0 0.5660836219787597 0.642445707321167 0.13296966552734374 0.17173681259155274
0 0.6139061927795411 0.2273357629776001 0.21622238159179688 0.09329171180725097
0 0.6708148002624512 0.6324591159820556 0.1153935432434082 0.16815919876098634
1 0.7438839912414551 0.6216947555541992 0.09143810272216797 0.13625602722167968
2 0.7990728378295898 0.5344734191894531 0.14633617401123047 0.13250770568847656
2 0.8447556495666504 0.43392605781555177 0.1423574447631836 0.11800384521484375
2 0.8636845588684082 0.3267738103866577 0.1569305419921875 0.14357948303222656
